UGKP_SOURCE_RESIDUAL_SCHEMA1 160
17780 0.00000000000000000e+00
17781 0.00000000000000000e+00
17782 0.00000000000000000e+00
17783 0.00000000000000000e+00
17784 0.00000000000000000e+00
17785 0.00000000000000000e+00
17786 0.00000000000000000e+00
17787 0.00000000000000000e+00
17788 0.00000000000000000e+00
17789 0.00000000000000000e+00
17790 0.00000000000000000e+00
17791 0.00000000000000000e+00
17792 0.00000000000000000e+00
17793 0.00000000000000000e+00
17794 0.00000000000000000e+00
17795 0.00000000000000000e+00
17796 0.00000000000000000e+00
17797 0.00000000000000000e+00
17798 0.00000000000000000e+00
17799 0.00000000000000000e+00
17800 0.00000000000000000e+00
17801 0.00000000000000000e+00
17802 0.00000000000000000e+00
17803 0.00000000000000000e+00
17804 0.00000000000000000e+00
17805 0.00000000000000000e+00
17806 0.00000000000000000e+00
17807 0.00000000000000000e+00
17808 0.00000000000000000e+00
17809 0.00000000000000000e+00
17810 0.00000000000000000e+00
17811 0.00000000000000000e+00
17812 0.00000000000000000e+00
17813 0.00000000000000000e+00
17814 0.00000000000000000e+00
17815 0.00000000000000000e+00
17816 0.00000000000000000e+00
17817 0.00000000000000000e+00
17818 0.00000000000000000e+00
17819 0.00000000000000000e+00
17820 0.00000000000000000e+00
17821 0.00000000000000000e+00
17822 0.00000000000000000e+00
17823 0.00000000000000000e+00
17824 0.00000000000000000e+00
17825 0.00000000000000000e+00
17826 0.00000000000000000e+00
17827 0.00000000000000000e+00
17828 0.00000000000000000e+00
17829 0.00000000000000000e+00
17830 0.00000000000000000e+00
17831 0.00000000000000000e+00
17832 0.00000000000000000e+00
17833 0.00000000000000000e+00
17834 0.00000000000000000e+00
17835 0.00000000000000000e+00
17836 0.00000000000000000e+00
17837 0.00000000000000000e+00
17838 0.00000000000000000e+00
17839 0.00000000000000000e+00
17840 0.00000000000000000e+00
17841 0.00000000000000000e+00
17842 0.00000000000000000e+00
17843 0.00000000000000000e+00
17844 0.00000000000000000e+00
17845 0.00000000000000000e+00
17846 0.00000000000000000e+00
17847 0.00000000000000000e+00
17848 0.00000000000000000e+00
17849 0.00000000000000000e+00
17850 0.00000000000000000e+00
17851 0.00000000000000000e+00
17852 0.00000000000000000e+00
17853 0.00000000000000000e+00
17854 0.00000000000000000e+00
17855 0.00000000000000000e+00
17856 0.00000000000000000e+00
17857 0.00000000000000000e+00
17858 0.00000000000000000e+00
17859 0.00000000000000000e+00
17860 0.00000000000000000e+00
17861 0.00000000000000000e+00
17862 0.00000000000000000e+00
17863 0.00000000000000000e+00
17864 0.00000000000000000e+00
17865 0.00000000000000000e+00
17866 0.00000000000000000e+00
17867 0.00000000000000000e+00
17868 0.00000000000000000e+00
17869 0.00000000000000000e+00
17870 0.00000000000000000e+00
17871 0.00000000000000000e+00
17872 0.00000000000000000e+00
17873 0.00000000000000000e+00
17874 0.00000000000000000e+00
17875 0.00000000000000000e+00
17876 0.00000000000000000e+00
17877 0.00000000000000000e+00
17878 0.00000000000000000e+00
17879 0.00000000000000000e+00
17880 0.00000000000000000e+00
17881 0.00000000000000000e+00
17882 0.00000000000000000e+00
17883 0.00000000000000000e+00
17884 0.00000000000000000e+00
17885 0.00000000000000000e+00
17886 0.00000000000000000e+00
17887 0.00000000000000000e+00
17888 0.00000000000000000e+00
17889 0.00000000000000000e+00
17890 0.00000000000000000e+00
17891 0.00000000000000000e+00
17892 0.00000000000000000e+00
17893 0.00000000000000000e+00
17894 0.00000000000000000e+00
17895 0.00000000000000000e+00
17896 0.00000000000000000e+00
17897 0.00000000000000000e+00
17898 0.00000000000000000e+00
17899 0.00000000000000000e+00
17900 0.00000000000000000e+00
17901 0.00000000000000000e+00
17902 0.00000000000000000e+00
17903 0.00000000000000000e+00
17904 0.00000000000000000e+00
17905 0.00000000000000000e+00
17906 0.00000000000000000e+00
17907 0.00000000000000000e+00
17908 0.00000000000000000e+00
17909 0.00000000000000000e+00
17910 0.00000000000000000e+00
17911 0.00000000000000000e+00
17912 0.00000000000000000e+00
17913 0.00000000000000000e+00
17914 0.00000000000000000e+00
17915 0.00000000000000000e+00
17916 0.00000000000000000e+00
17917 0.00000000000000000e+00
17918 0.00000000000000000e+00
17919 0.00000000000000000e+00
17920 0.00000000000000000e+00
17921 0.00000000000000000e+00
17922 0.00000000000000000e+00
17923 0.00000000000000000e+00
17924 0.00000000000000000e+00
17925 0.00000000000000000e+00
17926 0.00000000000000000e+00
17927 0.00000000000000000e+00
17928 0.00000000000000000e+00
17929 0.00000000000000000e+00
17930 0.00000000000000000e+00
17931 0.00000000000000000e+00
17932 0.00000000000000000e+00
17933 0.00000000000000000e+00
17934 0.00000000000000000e+00
17935 0.00000000000000000e+00
17936 0.00000000000000000e+00
17937 0.00000000000000000e+00
17938 0.00000000000000000e+00
17939 0.00000000000000000e+00
