/*--------------------------------*- C++ -*----------------------------------*\
  =========                 |
  \\      /  F ield         | OpenFOAM: The Open Source CFD Toolbox
   \\    /   O peration     | Website:  https://openfoam.org
    \\  /    A nd           | Version:  10
     \\/     M anipulation  |
\*---------------------------------------------------------------------------*/
FoamFile
{
    format      ascii;
    class       cellSet;
    location    "constant/fluid/polyMesh/sets";
    object      underdeterminedCells;
}
// * * * * * * * * * * * * * * * * * * * * * * * * * * * * * * * * * * * * * //


206
(
5120 
5632 
5121 
5633 
5122 
5634 
5123 
5635 
4640 
3616 
3617 
4641 
3618 
4642 
3619 
4643 
48 
3120 
5168 
5680 
3121 
5169 
5681 
3122 
5170 
5682 
3123 
5171 
5683 
52 
4160 
4161 
4162 
4163 
3664 
4688 
3665 
4689 
3666 
4690 
3667 
4691 
5216 
5728 
5217 
5729 
5218 
5730 
5219 
5731 
4208 
4209 
4210 
4211 
3712 
4736 
3713 
4737 
3714 
4738 
3715 
4739 
5264 
5776 
5265 
5777 
5266 
5778 
5267 
5779 
4256 
4257 
4258 
4259 
3760 
4784 
3761 
4785 
3762 
4786 
3763 
4787 
192 
5312 
5824 
5313 
5825 
5314 
5826 
195 
5315 
5827 
196 
199 
4304 
4305 
4306 
4307 
3808 
4832 
3809 
4833 
3810 
4834 
3811 
4835 
5360 
5872 
5361 
5873 
5362 
5874 
5875 
3315 
5363 
4352 
4353 
4354 
4355 
3856 
4880 
3857 
4881 
3858 
4882 
3859 
4883 
5408 
5409 
5410 
5411 
4400 
4401 
4402 
4403 
3904 
4928 
3905 
4929 
3906 
4930 
3907 
4931 
5456 
5457 
5458 
339 
5459 
343 
4448 
3424 
4449 
3425 
4450 
3426 
4451 
3427 
3952 
2928 
4976 
3953 
4977 
3954 
4978 
3955 
4979 
5504 
5505 
5506 
5507 
4496 
3472 
4497 
3473 
4498 
3474 
4499 
3475 
5024 
5025 
5026 
5027 
5552 
5553 
5554 
5555 
4544 
3520 
4545 
3521 
4546 
3522 
4547 
3523 
5072 
5073 
5074 
5075 
4592 
3568 
4593 
3569 
4594 
3570 
4595 
3571 
)

// ************************************************************************* //
