/*--------------------------------*- C++ -*----------------------------------*\
  =========                 |
  \\      /  F ield         | OpenFOAM: The Open Source CFD Toolbox
   \\    /   O peration     | Website:  https://openfoam.org
    \\  /    A nd           | Version:  10
     \\/     M anipulation  |
\*---------------------------------------------------------------------------*/
FoamFile
{
    format      ascii;
    class       labelList;
    note        "nPoints:7240  nCells:6240  nFaces:19660  nInternalFaces:17780";
    location    "constant/polyMesh";
    object      neighbour;
}
// * * * * * * * * * * * * * * * * * * * * * * * * * * * * * * * * * * * * * //


17780
(
1
4
16
92
2
5
17
93
3
6
18
94
7
19
95
236
5
8
20
6
9
21
7
10
22
11
23
237
9
12
24
10
13
25
11
14
26
15
27
238
13
28
383
14
29
382
15
30
381
31
239
380
17
20
32
140
18
21
33
141
19
22
34
142
23
35
143
284
21
24
36
22
25
37
23
26
38
27
39
285
25
28
40
26
29
41
27
30
42
31
43
286
29
44
431
30
45
430
31
46
429
47
287
428
33
36
188
480
34
37
189
481
35
38
190
482
39
191
332
483
37
40
484
38
41
485
39
42
486
43
333
487
41
44
488
42
45
489
43
46
490
47
334
491
45
479
492
46
478
493
47
477
494
335
476
495
49
52
96
50
53
97
51
54
98
55
99
192
53
56
100
54
57
101
55
58
102
59
103
196
57
60
104
58
61
105
59
62
106
63
107
200
61
64
108
62
65
109
63
66
110
67
111
204
65
68
112
66
69
113
67
70
114
71
115
208
69
72
116
70
73
117
71
74
118
75
119
212
73
76
120
74
77
121
75
78
122
79
123
216
77
80
124
78
81
125
79
82
126
83
127
220
81
84
128
82
85
129
83
86
130
87
131
224
85
88
132
86
89
133
87
90
134
91
135
228
89
92
136
90
93
137
91
94
138
95
139
232
93
140
94
141
95
142
143
236
97
100
144
98
101
145
99
102
146
103
147
240
101
104
148
102
105
149
103
106
150
107
151
244
105
108
152
106
109
153
107
110
154
111
155
248
109
112
156
110
113
157
111
114
158
115
159
252
113
116
160
114
117
161
115
118
162
119
163
256
117
120
164
118
121
165
119
122
166
123
167
260
121
124
168
122
125
169
123
126
170
127
171
264
125
128
172
126
129
173
127
130
174
131
175
268
129
132
176
130
133
177
131
134
178
135
179
272
133
136
180
134
137
181
135
138
182
139
183
276
137
140
184
138
141
185
139
142
186
143
187
280
141
188
142
189
143
190
191
284
145
148
640
146
149
641
147
150
642
151
288
643
149
152
644
150
153
645
151
154
646
155
292
647
153
156
648
154
157
649
155
158
650
159
296
651
157
160
652
158
161
653
159
162
654
163
300
655
161
164
656
162
165
657
163
166
658
167
304
659
165
168
660
166
169
661
167
170
662
171
308
663
169
172
664
170
173
665
171
174
666
175
312
667
173
176
668
174
177
669
175
178
670
179
316
671
177
180
672
178
181
673
179
182
674
183
320
675
181
184
676
182
185
677
183
186
678
187
324
679
185
188
680
186
189
681
187
190
682
191
328
683
189
684
190
685
191
686
332
687
193
196
240
194
197
241
195
198
242
199
243
336
197
200
244
198
201
245
199
202
246
203
247
340
201
204
248
202
205
249
203
206
250
207
251
344
205
208
252
206
209
253
207
210
254
211
255
348
209
212
256
210
213
257
211
214
258
215
259
352
213
216
260
214
217
261
215
218
262
219
263
356
217
220
264
218
221
265
219
222
266
223
267
360
221
224
268
222
225
269
223
226
270
227
271
364
225
228
272
226
229
273
227
230
274
231
275
368
229
232
276
230
233
277
231
234
278
235
279
372
233
236
280
234
237
281
235
238
282
239
283
376
237
284
238
285
239
286
287
380
241
244
288
242
245
289
243
246
290
247
291
384
245
248
292
246
249
293
247
250
294
251
295
388
249
252
296
250
253
297
251
254
298
255
299
392
253
256
300
254
257
301
255
258
302
259
303
396
257
260
304
258
261
305
259
262
306
263
307
400
261
264
308
262
265
309
263
266
310
267
311
404
265
268
312
266
269
313
267
270
314
271
315
408
269
272
316
270
273
317
271
274
318
275
319
412
273
276
320
274
277
321
275
278
322
279
323
416
277
280
324
278
281
325
279
282
326
283
327
420
281
284
328
282
285
329
283
286
330
287
331
424
285
332
286
333
287
334
335
428
289
292
1120
290
293
1121
291
294
1122
295
432
1123
293
296
1124
294
297
1125
295
298
1126
299
436
1127
297
300
1128
298
301
1129
299
302
1130
303
440
1131
301
304
1132
302
305
1133
303
306
1134
307
444
1135
305
308
1136
306
309
1137
307
310
1138
311
448
1139
309
312
1140
310
313
1141
311
314
1142
315
452
1143
313
316
1144
314
317
1145
315
318
1146
319
456
1147
317
320
1148
318
321
1149
319
322
1150
323
460
1151
321
324
1152
322
325
1153
323
326
1154
327
464
1155
325
328
1156
326
329
1157
327
330
1158
331
468
1159
329
332
1160
330
333
1161
331
334
1162
335
472
1163
333
1164
334
1165
335
1166
476
1167
337
340
384
338
341
385
339
342
386
343
387
341
344
388
342
345
389
343
346
390
347
391
345
348
392
346
349
393
347
350
394
351
395
349
352
396
350
353
397
351
354
398
355
399
353
356
400
354
357
401
355
358
402
359
403
357
360
404
358
361
405
359
362
406
363
407
361
364
408
362
365
409
363
366
410
367
411
365
368
412
366
369
413
367
370
414
371
415
369
372
416
370
373
417
371
374
418
375
419
373
376
420
374
377
421
375
378
422
379
423
377
380
424
378
381
425
379
382
426
383
427
381
428
382
429
383
430
431
385
388
432
386
389
433
387
390
434
391
435
389
392
436
390
393
437
391
394
438
395
439
393
396
440
394
397
441
395
398
442
399
443
397
400
444
398
401
445
399
402
446
403
447
401
404
448
402
405
449
403
406
450
407
451
405
408
452
406
409
453
407
410
454
411
455
409
412
456
410
413
457
411
414
458
415
459
413
416
460
414
417
461
415
418
462
419
463
417
420
464
418
421
465
419
422
466
423
467
421
424
468
422
425
469
423
426
470
427
471
425
428
472
426
429
473
427
430
474
431
475
429
476
430
477
431
478
479
433
436
1600
434
437
1601
435
438
1602
439
1603
437
440
1604
438
441
1605
439
442
1606
443
1607
441
444
1608
442
445
1609
443
446
1610
447
1611
445
448
1612
446
449
1613
447
450
1614
451
1615
449
452
1616
450
453
1617
451
454
1618
455
1619
453
456
1620
454
457
1621
455
458
1622
459
1623
457
460
1624
458
461
1625
459
462
1626
463
1627
461
464
1628
462
465
1629
463
466
1630
467
1631
465
468
1632
466
469
1633
467
470
1634
471
1635
469
472
1636
470
473
1637
471
474
1638
475
1639
473
476
1640
474
477
1641
475
478
1642
479
1643
477
1644
478
1645
479
1646
1647
481
484
496
684
482
485
497
685
483
486
498
686
487
499
687
1164
485
488
500
486
489
501
487
490
502
491
503
1165
489
492
504
490
493
505
491
494
506
495
507
1166
493
508
1647
494
509
1646
495
510
1645
511
1167
1644
497
500
512
732
498
501
513
733
499
502
514
734
503
515
735
1212
501
504
516
502
505
517
503
506
518
507
519
1213
505
508
520
506
509
521
507
510
522
511
523
1214
509
524
1695
510
525
1694
511
526
1693
527
1215
1692
513
516
528
780
514
517
529
781
515
518
530
782
519
531
783
1260
517
520
532
518
521
533
519
522
534
523
535
1261
521
524
536
522
525
537
523
526
538
527
539
1262
525
540
1743
526
541
1742
527
542
1741
543
1263
1740
529
532
544
828
530
533
545
829
531
534
546
830
535
547
831
1308
533
536
548
534
537
549
535
538
550
539
551
1309
537
540
552
538
541
553
539
542
554
543
555
1310
541
556
1791
542
557
1790
543
558
1789
559
1311
1788
545
548
560
876
546
549
561
877
547
550
562
878
551
563
879
1356
549
552
564
550
553
565
551
554
566
555
567
1357
553
556
568
554
557
569
555
558
570
559
571
1358
557
572
1839
558
573
1838
559
574
1837
575
1359
1836
561
564
576
924
562
565
577
925
563
566
578
926
567
579
927
1404
565
568
580
566
569
581
567
570
582
571
583
1405
569
572
584
570
573
585
571
574
586
575
587
1406
573
588
1887
574
589
1886
575
590
1885
591
1407
1884
577
580
592
972
578
581
593
973
579
582
594
974
583
595
975
1452
581
584
596
582
585
597
583
586
598
587
599
1453
585
588
600
586
589
601
587
590
602
591
603
1454
589
604
1935
590
605
1934
591
606
1933
607
1455
1932
593
596
608
1020
594
597
609
1021
595
598
610
1022
599
611
1023
1500
597
600
612
598
601
613
599
602
614
603
615
1501
601
604
616
602
605
617
603
606
618
607
619
1502
605
620
1983
606
621
1982
607
622
1981
623
1503
1980
609
612
624
1068
610
613
625
1069
611
614
626
1070
615
627
1071
1548
613
616
628
614
617
629
615
618
630
619
631
1549
617
620
632
618
621
633
619
622
634
623
635
1550
621
636
2031
622
637
2030
623
638
2029
639
1551
2028
625
628
1116
2080
626
629
1117
2081
627
630
1118
2082
631
1119
1596
2083
629
632
2084
630
633
2085
631
634
2086
635
1597
2087
633
636
2088
634
637
2089
635
638
2090
639
1598
2091
637
2079
2092
638
2078
2093
639
2077
2094
1599
2076
2095
641
644
688
642
645
689
643
646
690
647
691
1120
645
648
692
646
649
693
647
650
694
651
695
1124
649
652
696
650
653
697
651
654
698
655
699
1128
653
656
700
654
657
701
655
658
702
659
703
1132
657
660
704
658
661
705
659
662
706
663
707
1136
661
664
708
662
665
709
663
666
710
667
711
1140
665
668
712
666
669
713
667
670
714
671
715
1144
669
672
716
670
673
717
671
674
718
675
719
1148
673
676
720
674
677
721
675
678
722
679
723
1152
677
680
724
678
681
725
679
682
726
683
727
1156
681
684
728
682
685
729
683
686
730
687
731
1160
685
732
686
733
687
734
735
1164
689
692
736
690
693
737
691
694
738
695
739
1168
693
696
740
694
697
741
695
698
742
699
743
1172
697
700
744
698
701
745
699
702
746
703
747
1176
701
704
748
702
705
749
703
706
750
707
751
1180
705
708
752
706
709
753
707
710
754
711
755
1184
709
712
756
710
713
757
711
714
758
715
759
1188
713
716
760
714
717
761
715
718
762
719
763
1192
717
720
764
718
721
765
719
722
766
723
767
1196
721
724
768
722
725
769
723
726
770
727
771
1200
725
728
772
726
729
773
727
730
774
731
775
1204
729
732
776
730
733
777
731
734
778
735
779
1208
733
780
734
781
735
782
783
1212
737
740
784
738
741
785
739
742
786
743
787
1216
741
744
788
742
745
789
743
746
790
747
791
1220
745
748
792
746
749
793
747
750
794
751
795
1224
749
752
796
750
753
797
751
754
798
755
799
1228
753
756
800
754
757
801
755
758
802
759
803
1232
757
760
804
758
761
805
759
762
806
763
807
1236
761
764
808
762
765
809
763
766
810
767
811
1240
765
768
812
766
769
813
767
770
814
771
815
1244
769
772
816
770
773
817
771
774
818
775
819
1248
773
776
820
774
777
821
775
778
822
779
823
1252
777
780
824
778
781
825
779
782
826
783
827
1256
781
828
782
829
783
830
831
1260
785
788
832
786
789
833
787
790
834
791
835
1264
789
792
836
790
793
837
791
794
838
795
839
1268
793
796
840
794
797
841
795
798
842
799
843
1272
797
800
844
798
801
845
799
802
846
803
847
1276
801
804
848
802
805
849
803
806
850
807
851
1280
805
808
852
806
809
853
807
810
854
811
855
1284
809
812
856
810
813
857
811
814
858
815
859
1288
813
816
860
814
817
861
815
818
862
819
863
1292
817
820
864
818
821
865
819
822
866
823
867
1296
821
824
868
822
825
869
823
826
870
827
871
1300
825
828
872
826
829
873
827
830
874
831
875
1304
829
876
830
877
831
878
879
1308
833
836
880
834
837
881
835
838
882
839
883
1312
837
840
884
838
841
885
839
842
886
843
887
1316
841
844
888
842
845
889
843
846
890
847
891
1320
845
848
892
846
849
893
847
850
894
851
895
1324
849
852
896
850
853
897
851
854
898
855
899
1328
853
856
900
854
857
901
855
858
902
859
903
1332
857
860
904
858
861
905
859
862
906
863
907
1336
861
864
908
862
865
909
863
866
910
867
911
1340
865
868
912
866
869
913
867
870
914
871
915
1344
869
872
916
870
873
917
871
874
918
875
919
1348
873
876
920
874
877
921
875
878
922
879
923
1352
877
924
878
925
879
926
927
1356
881
884
928
882
885
929
883
886
930
887
931
1360
885
888
932
886
889
933
887
890
934
891
935
1364
889
892
936
890
893
937
891
894
938
895
939
1368
893
896
940
894
897
941
895
898
942
899
943
1372
897
900
944
898
901
945
899
902
946
903
947
1376
901
904
948
902
905
949
903
906
950
907
951
1380
905
908
952
906
909
953
907
910
954
911
955
1384
909
912
956
910
913
957
911
914
958
915
959
1388
913
916
960
914
917
961
915
918
962
919
963
1392
917
920
964
918
921
965
919
922
966
923
967
1396
921
924
968
922
925
969
923
926
970
927
971
1400
925
972
926
973
927
974
975
1404
929
932
976
930
933
977
931
934
978
935
979
1408
933
936
980
934
937
981
935
938
982
939
983
1412
937
940
984
938
941
985
939
942
986
943
987
1416
941
944
988
942
945
989
943
946
990
947
991
1420
945
948
992
946
949
993
947
950
994
951
995
1424
949
952
996
950
953
997
951
954
998
955
999
1428
953
956
1000
954
957
1001
955
958
1002
959
1003
1432
957
960
1004
958
961
1005
959
962
1006
963
1007
1436
961
964
1008
962
965
1009
963
966
1010
967
1011
1440
965
968
1012
966
969
1013
967
970
1014
971
1015
1444
969
972
1016
970
973
1017
971
974
1018
975
1019
1448
973
1020
974
1021
975
1022
1023
1452
977
980
1024
978
981
1025
979
982
1026
983
1027
1456
981
984
1028
982
985
1029
983
986
1030
987
1031
1460
985
988
1032
986
989
1033
987
990
1034
991
1035
1464
989
992
1036
990
993
1037
991
994
1038
995
1039
1468
993
996
1040
994
997
1041
995
998
1042
999
1043
1472
997
1000
1044
998
1001
1045
999
1002
1046
1003
1047
1476
1001
1004
1048
1002
1005
1049
1003
1006
1050
1007
1051
1480
1005
1008
1052
1006
1009
1053
1007
1010
1054
1011
1055
1484
1009
1012
1056
1010
1013
1057
1011
1014
1058
1015
1059
1488
1013
1016
1060
1014
1017
1061
1015
1018
1062
1019
1063
1492
1017
1020
1064
1018
1021
1065
1019
1022
1066
1023
1067
1496
1021
1068
1022
1069
1023
1070
1071
1500
1025
1028
1072
1026
1029
1073
1027
1030
1074
1031
1075
1504
1029
1032
1076
1030
1033
1077
1031
1034
1078
1035
1079
1508
1033
1036
1080
1034
1037
1081
1035
1038
1082
1039
1083
1512
1037
1040
1084
1038
1041
1085
1039
1042
1086
1043
1087
1516
1041
1044
1088
1042
1045
1089
1043
1046
1090
1047
1091
1520
1045
1048
1092
1046
1049
1093
1047
1050
1094
1051
1095
1524
1049
1052
1096
1050
1053
1097
1051
1054
1098
1055
1099
1528
1053
1056
1100
1054
1057
1101
1055
1058
1102
1059
1103
1532
1057
1060
1104
1058
1061
1105
1059
1062
1106
1063
1107
1536
1061
1064
1108
1062
1065
1109
1063
1066
1110
1067
1111
1540
1065
1068
1112
1066
1069
1113
1067
1070
1114
1071
1115
1544
1069
1116
1070
1117
1071
1118
1119
1548
1073
1076
2144
1074
1077
2145
1075
1078
2146
1079
1552
2147
1077
1080
2148
1078
1081
2149
1079
1082
2150
1083
1556
2151
1081
1084
2152
1082
1085
2153
1083
1086
2154
1087
1560
2155
1085
1088
2156
1086
1089
2157
1087
1090
2158
1091
1564
2159
1089
1092
2160
1090
1093
2161
1091
1094
2162
1095
1568
2163
1093
1096
2164
1094
1097
2165
1095
1098
2166
1099
1572
2167
1097
1100
2168
1098
1101
2169
1099
1102
2170
1103
1576
2171
1101
1104
2172
1102
1105
2173
1103
1106
2174
1107
1580
2175
1105
1108
2176
1106
1109
2177
1107
1110
2178
1111
1584
2179
1109
1112
2180
1110
1113
2181
1111
1114
2182
1115
1588
2183
1113
1116
2184
1114
1117
2185
1115
1118
2186
1119
1592
2187
1117
2188
1118
2189
1119
2190
1596
2191
1121
1124
1168
1122
1125
1169
1123
1126
1170
1127
1171
1600
1125
1128
1172
1126
1129
1173
1127
1130
1174
1131
1175
1604
1129
1132
1176
1130
1133
1177
1131
1134
1178
1135
1179
1608
1133
1136
1180
1134
1137
1181
1135
1138
1182
1139
1183
1612
1137
1140
1184
1138
1141
1185
1139
1142
1186
1143
1187
1616
1141
1144
1188
1142
1145
1189
1143
1146
1190
1147
1191
1620
1145
1148
1192
1146
1149
1193
1147
1150
1194
1151
1195
1624
1149
1152
1196
1150
1153
1197
1151
1154
1198
1155
1199
1628
1153
1156
1200
1154
1157
1201
1155
1158
1202
1159
1203
1632
1157
1160
1204
1158
1161
1205
1159
1162
1206
1163
1207
1636
1161
1164
1208
1162
1165
1209
1163
1166
1210
1167
1211
1640
1165
1212
1166
1213
1167
1214
1215
1644
1169
1172
1216
1170
1173
1217
1171
1174
1218
1175
1219
1648
1173
1176
1220
1174
1177
1221
1175
1178
1222
1179
1223
1652
1177
1180
1224
1178
1181
1225
1179
1182
1226
1183
1227
1656
1181
1184
1228
1182
1185
1229
1183
1186
1230
1187
1231
1660
1185
1188
1232
1186
1189
1233
1187
1190
1234
1191
1235
1664
1189
1192
1236
1190
1193
1237
1191
1194
1238
1195
1239
1668
1193
1196
1240
1194
1197
1241
1195
1198
1242
1199
1243
1672
1197
1200
1244
1198
1201
1245
1199
1202
1246
1203
1247
1676
1201
1204
1248
1202
1205
1249
1203
1206
1250
1207
1251
1680
1205
1208
1252
1206
1209
1253
1207
1210
1254
1211
1255
1684
1209
1212
1256
1210
1213
1257
1211
1214
1258
1215
1259
1688
1213
1260
1214
1261
1215
1262
1263
1692
1217
1220
1264
1218
1221
1265
1219
1222
1266
1223
1267
1696
1221
1224
1268
1222
1225
1269
1223
1226
1270
1227
1271
1700
1225
1228
1272
1226
1229
1273
1227
1230
1274
1231
1275
1704
1229
1232
1276
1230
1233
1277
1231
1234
1278
1235
1279
1708
1233
1236
1280
1234
1237
1281
1235
1238
1282
1239
1283
1712
1237
1240
1284
1238
1241
1285
1239
1242
1286
1243
1287
1716
1241
1244
1288
1242
1245
1289
1243
1246
1290
1247
1291
1720
1245
1248
1292
1246
1249
1293
1247
1250
1294
1251
1295
1724
1249
1252
1296
1250
1253
1297
1251
1254
1298
1255
1299
1728
1253
1256
1300
1254
1257
1301
1255
1258
1302
1259
1303
1732
1257
1260
1304
1258
1261
1305
1259
1262
1306
1263
1307
1736
1261
1308
1262
1309
1263
1310
1311
1740
1265
1268
1312
1266
1269
1313
1267
1270
1314
1271
1315
1744
1269
1272
1316
1270
1273
1317
1271
1274
1318
1275
1319
1748
1273
1276
1320
1274
1277
1321
1275
1278
1322
1279
1323
1752
1277
1280
1324
1278
1281
1325
1279
1282
1326
1283
1327
1756
1281
1284
1328
1282
1285
1329
1283
1286
1330
1287
1331
1760
1285
1288
1332
1286
1289
1333
1287
1290
1334
1291
1335
1764
1289
1292
1336
1290
1293
1337
1291
1294
1338
1295
1339
1768
1293
1296
1340
1294
1297
1341
1295
1298
1342
1299
1343
1772
1297
1300
1344
1298
1301
1345
1299
1302
1346
1303
1347
1776
1301
1304
1348
1302
1305
1349
1303
1306
1350
1307
1351
1780
1305
1308
1352
1306
1309
1353
1307
1310
1354
1311
1355
1784
1309
1356
1310
1357
1311
1358
1359
1788
1313
1316
1360
1314
1317
1361
1315
1318
1362
1319
1363
1792
1317
1320
1364
1318
1321
1365
1319
1322
1366
1323
1367
1796
1321
1324
1368
1322
1325
1369
1323
1326
1370
1327
1371
1800
1325
1328
1372
1326
1329
1373
1327
1330
1374
1331
1375
1804
1329
1332
1376
1330
1333
1377
1331
1334
1378
1335
1379
1808
1333
1336
1380
1334
1337
1381
1335
1338
1382
1339
1383
1812
1337
1340
1384
1338
1341
1385
1339
1342
1386
1343
1387
1816
1341
1344
1388
1342
1345
1389
1343
1346
1390
1347
1391
1820
1345
1348
1392
1346
1349
1393
1347
1350
1394
1351
1395
1824
1349
1352
1396
1350
1353
1397
1351
1354
1398
1355
1399
1828
1353
1356
1400
1354
1357
1401
1355
1358
1402
1359
1403
1832
1357
1404
1358
1405
1359
1406
1407
1836
1361
1364
1408
1362
1365
1409
1363
1366
1410
1367
1411
1840
1365
1368
1412
1366
1369
1413
1367
1370
1414
1371
1415
1844
1369
1372
1416
1370
1373
1417
1371
1374
1418
1375
1419
1848
1373
1376
1420
1374
1377
1421
1375
1378
1422
1379
1423
1852
1377
1380
1424
1378
1381
1425
1379
1382
1426
1383
1427
1856
1381
1384
1428
1382
1385
1429
1383
1386
1430
1387
1431
1860
1385
1388
1432
1386
1389
1433
1387
1390
1434
1391
1435
1864
1389
1392
1436
1390
1393
1437
1391
1394
1438
1395
1439
1868
1393
1396
1440
1394
1397
1441
1395
1398
1442
1399
1443
1872
1397
1400
1444
1398
1401
1445
1399
1402
1446
1403
1447
1876
1401
1404
1448
1402
1405
1449
1403
1406
1450
1407
1451
1880
1405
1452
1406
1453
1407
1454
1455
1884
1409
1412
1456
1410
1413
1457
1411
1414
1458
1415
1459
1888
1413
1416
1460
1414
1417
1461
1415
1418
1462
1419
1463
1892
1417
1420
1464
1418
1421
1465
1419
1422
1466
1423
1467
1896
1421
1424
1468
1422
1425
1469
1423
1426
1470
1427
1471
1900
1425
1428
1472
1426
1429
1473
1427
1430
1474
1431
1475
1904
1429
1432
1476
1430
1433
1477
1431
1434
1478
1435
1479
1908
1433
1436
1480
1434
1437
1481
1435
1438
1482
1439
1483
1912
1437
1440
1484
1438
1441
1485
1439
1442
1486
1443
1487
1916
1441
1444
1488
1442
1445
1489
1443
1446
1490
1447
1491
1920
1445
1448
1492
1446
1449
1493
1447
1450
1494
1451
1495
1924
1449
1452
1496
1450
1453
1497
1451
1454
1498
1455
1499
1928
1453
1500
1454
1501
1455
1502
1503
1932
1457
1460
1504
1458
1461
1505
1459
1462
1506
1463
1507
1936
1461
1464
1508
1462
1465
1509
1463
1466
1510
1467
1511
1940
1465
1468
1512
1466
1469
1513
1467
1470
1514
1471
1515
1944
1469
1472
1516
1470
1473
1517
1471
1474
1518
1475
1519
1948
1473
1476
1520
1474
1477
1521
1475
1478
1522
1479
1523
1952
1477
1480
1524
1478
1481
1525
1479
1482
1526
1483
1527
1956
1481
1484
1528
1482
1485
1529
1483
1486
1530
1487
1531
1960
1485
1488
1532
1486
1489
1533
1487
1490
1534
1491
1535
1964
1489
1492
1536
1490
1493
1537
1491
1494
1538
1495
1539
1968
1493
1496
1540
1494
1497
1541
1495
1498
1542
1499
1543
1972
1497
1500
1544
1498
1501
1545
1499
1502
1546
1503
1547
1976
1501
1548
1502
1549
1503
1550
1551
1980
1505
1508
1552
1506
1509
1553
1507
1510
1554
1511
1555
1984
1509
1512
1556
1510
1513
1557
1511
1514
1558
1515
1559
1988
1513
1516
1560
1514
1517
1561
1515
1518
1562
1519
1563
1992
1517
1520
1564
1518
1521
1565
1519
1522
1566
1523
1567
1996
1521
1524
1568
1522
1525
1569
1523
1526
1570
1527
1571
2000
1525
1528
1572
1526
1529
1573
1527
1530
1574
1531
1575
2004
1529
1532
1576
1530
1533
1577
1531
1534
1578
1535
1579
2008
1533
1536
1580
1534
1537
1581
1535
1538
1582
1539
1583
2012
1537
1540
1584
1538
1541
1585
1539
1542
1586
1543
1587
2016
1541
1544
1588
1542
1545
1589
1543
1546
1590
1547
1591
2020
1545
1548
1592
1546
1549
1593
1547
1550
1594
1551
1595
2024
1549
1596
1550
1597
1551
1598
1599
2028
1553
1556
2336
1554
1557
2337
1555
1558
2338
1559
2032
2339
1557
1560
2340
1558
1561
2341
1559
1562
2342
1563
2036
2343
1561
1564
2344
1562
1565
2345
1563
1566
2346
1567
2040
2347
1565
1568
2348
1566
1569
2349
1567
1570
2350
1571
2044
2351
1569
1572
2352
1570
1573
2353
1571
1574
2354
1575
2048
2355
1573
1576
2356
1574
1577
2357
1575
1578
2358
1579
2052
2359
1577
1580
2360
1578
1581
2361
1579
1582
2362
1583
2056
2363
1581
1584
2364
1582
1585
2365
1583
1586
2366
1587
2060
2367
1585
1588
2368
1586
1589
2369
1587
1590
2370
1591
2064
2371
1589
1592
2372
1590
1593
2373
1591
1594
2374
1595
2068
2375
1593
1596
2376
1594
1597
2377
1595
1598
2378
1599
2072
2379
1597
2380
1598
2381
1599
2382
2076
2383
1601
1604
1648
1602
1605
1649
1603
1606
1650
1607
1651
1605
1608
1652
1606
1609
1653
1607
1610
1654
1611
1655
1609
1612
1656
1610
1613
1657
1611
1614
1658
1615
1659
1613
1616
1660
1614
1617
1661
1615
1618
1662
1619
1663
1617
1620
1664
1618
1621
1665
1619
1622
1666
1623
1667
1621
1624
1668
1622
1625
1669
1623
1626
1670
1627
1671
1625
1628
1672
1626
1629
1673
1627
1630
1674
1631
1675
1629
1632
1676
1630
1633
1677
1631
1634
1678
1635
1679
1633
1636
1680
1634
1637
1681
1635
1638
1682
1639
1683
1637
1640
1684
1638
1641
1685
1639
1642
1686
1643
1687
1641
1644
1688
1642
1645
1689
1643
1646
1690
1647
1691
1645
1692
1646
1693
1647
1694
1695
1649
1652
1696
1650
1653
1697
1651
1654
1698
1655
1699
1653
1656
1700
1654
1657
1701
1655
1658
1702
1659
1703
1657
1660
1704
1658
1661
1705
1659
1662
1706
1663
1707
1661
1664
1708
1662
1665
1709
1663
1666
1710
1667
1711
1665
1668
1712
1666
1669
1713
1667
1670
1714
1671
1715
1669
1672
1716
1670
1673
1717
1671
1674
1718
1675
1719
1673
1676
1720
1674
1677
1721
1675
1678
1722
1679
1723
1677
1680
1724
1678
1681
1725
1679
1682
1726
1683
1727
1681
1684
1728
1682
1685
1729
1683
1686
1730
1687
1731
1685
1688
1732
1686
1689
1733
1687
1690
1734
1691
1735
1689
1692
1736
1690
1693
1737
1691
1694
1738
1695
1739
1693
1740
1694
1741
1695
1742
1743
1697
1700
1744
1698
1701
1745
1699
1702
1746
1703
1747
1701
1704
1748
1702
1705
1749
1703
1706
1750
1707
1751
1705
1708
1752
1706
1709
1753
1707
1710
1754
1711
1755
1709
1712
1756
1710
1713
1757
1711
1714
1758
1715
1759
1713
1716
1760
1714
1717
1761
1715
1718
1762
1719
1763
1717
1720
1764
1718
1721
1765
1719
1722
1766
1723
1767
1721
1724
1768
1722
1725
1769
1723
1726
1770
1727
1771
1725
1728
1772
1726
1729
1773
1727
1730
1774
1731
1775
1729
1732
1776
1730
1733
1777
1731
1734
1778
1735
1779
1733
1736
1780
1734
1737
1781
1735
1738
1782
1739
1783
1737
1740
1784
1738
1741
1785
1739
1742
1786
1743
1787
1741
1788
1742
1789
1743
1790
1791
1745
1748
1792
1746
1749
1793
1747
1750
1794
1751
1795
1749
1752
1796
1750
1753
1797
1751
1754
1798
1755
1799
1753
1756
1800
1754
1757
1801
1755
1758
1802
1759
1803
1757
1760
1804
1758
1761
1805
1759
1762
1806
1763
1807
1761
1764
1808
1762
1765
1809
1763
1766
1810
1767
1811
1765
1768
1812
1766
1769
1813
1767
1770
1814
1771
1815
1769
1772
1816
1770
1773
1817
1771
1774
1818
1775
1819
1773
1776
1820
1774
1777
1821
1775
1778
1822
1779
1823
1777
1780
1824
1778
1781
1825
1779
1782
1826
1783
1827
1781
1784
1828
1782
1785
1829
1783
1786
1830
1787
1831
1785
1788
1832
1786
1789
1833
1787
1790
1834
1791
1835
1789
1836
1790
1837
1791
1838
1839
1793
1796
1840
1794
1797
1841
1795
1798
1842
1799
1843
1797
1800
1844
1798
1801
1845
1799
1802
1846
1803
1847
1801
1804
1848
1802
1805
1849
1803
1806
1850
1807
1851
1805
1808
1852
1806
1809
1853
1807
1810
1854
1811
1855
1809
1812
1856
1810
1813
1857
1811
1814
1858
1815
1859
1813
1816
1860
1814
1817
1861
1815
1818
1862
1819
1863
1817
1820
1864
1818
1821
1865
1819
1822
1866
1823
1867
1821
1824
1868
1822
1825
1869
1823
1826
1870
1827
1871
1825
1828
1872
1826
1829
1873
1827
1830
1874
1831
1875
1829
1832
1876
1830
1833
1877
1831
1834
1878
1835
1879
1833
1836
1880
1834
1837
1881
1835
1838
1882
1839
1883
1837
1884
1838
1885
1839
1886
1887
1841
1844
1888
1842
1845
1889
1843
1846
1890
1847
1891
1845
1848
1892
1846
1849
1893
1847
1850
1894
1851
1895
1849
1852
1896
1850
1853
1897
1851
1854
1898
1855
1899
1853
1856
1900
1854
1857
1901
1855
1858
1902
1859
1903
1857
1860
1904
1858
1861
1905
1859
1862
1906
1863
1907
1861
1864
1908
1862
1865
1909
1863
1866
1910
1867
1911
1865
1868
1912
1866
1869
1913
1867
1870
1914
1871
1915
1869
1872
1916
1870
1873
1917
1871
1874
1918
1875
1919
1873
1876
1920
1874
1877
1921
1875
1878
1922
1879
1923
1877
1880
1924
1878
1881
1925
1879
1882
1926
1883
1927
1881
1884
1928
1882
1885
1929
1883
1886
1930
1887
1931
1885
1932
1886
1933
1887
1934
1935
1889
1892
1936
1890
1893
1937
1891
1894
1938
1895
1939
1893
1896
1940
1894
1897
1941
1895
1898
1942
1899
1943
1897
1900
1944
1898
1901
1945
1899
1902
1946
1903
1947
1901
1904
1948
1902
1905
1949
1903
1906
1950
1907
1951
1905
1908
1952
1906
1909
1953
1907
1910
1954
1911
1955
1909
1912
1956
1910
1913
1957
1911
1914
1958
1915
1959
1913
1916
1960
1914
1917
1961
1915
1918
1962
1919
1963
1917
1920
1964
1918
1921
1965
1919
1922
1966
1923
1967
1921
1924
1968
1922
1925
1969
1923
1926
1970
1927
1971
1925
1928
1972
1926
1929
1973
1927
1930
1974
1931
1975
1929
1932
1976
1930
1933
1977
1931
1934
1978
1935
1979
1933
1980
1934
1981
1935
1982
1983
1937
1940
1984
1938
1941
1985
1939
1942
1986
1943
1987
1941
1944
1988
1942
1945
1989
1943
1946
1990
1947
1991
1945
1948
1992
1946
1949
1993
1947
1950
1994
1951
1995
1949
1952
1996
1950
1953
1997
1951
1954
1998
1955
1999
1953
1956
2000
1954
1957
2001
1955
1958
2002
1959
2003
1957
1960
2004
1958
1961
2005
1959
1962
2006
1963
2007
1961
1964
2008
1962
1965
2009
1963
1966
2010
1967
2011
1965
1968
2012
1966
1969
2013
1967
1970
2014
1971
2015
1969
1972
2016
1970
1973
2017
1971
1974
2018
1975
2019
1973
1976
2020
1974
1977
2021
1975
1978
2022
1979
2023
1977
1980
2024
1978
1981
2025
1979
1982
2026
1983
2027
1981
2028
1982
2029
1983
2030
2031
1985
1988
2032
1986
1989
2033
1987
1990
2034
1991
2035
1989
1992
2036
1990
1993
2037
1991
1994
2038
1995
2039
1993
1996
2040
1994
1997
2041
1995
1998
2042
1999
2043
1997
2000
2044
1998
2001
2045
1999
2002
2046
2003
2047
2001
2004
2048
2002
2005
2049
2003
2006
2050
2007
2051
2005
2008
2052
2006
2009
2053
2007
2010
2054
2011
2055
2009
2012
2056
2010
2013
2057
2011
2014
2058
2015
2059
2013
2016
2060
2014
2017
2061
2015
2018
2062
2019
2063
2017
2020
2064
2018
2021
2065
2019
2022
2066
2023
2067
2021
2024
2068
2022
2025
2069
2023
2026
2070
2027
2071
2025
2028
2072
2026
2029
2073
2027
2030
2074
2031
2075
2029
2076
2030
2077
2031
2078
2079
2033
2036
2528
2034
2037
2529
2035
2038
2530
2039
2531
2037
2040
2532
2038
2041
2533
2039
2042
2534
2043
2535
2041
2044
2536
2042
2045
2537
2043
2046
2538
2047
2539
2045
2048
2540
2046
2049
2541
2047
2050
2542
2051
2543
2049
2052
2544
2050
2053
2545
2051
2054
2546
2055
2547
2053
2056
2548
2054
2057
2549
2055
2058
2550
2059
2551
2057
2060
2552
2058
2061
2553
2059
2062
2554
2063
2555
2061
2064
2556
2062
2065
2557
2063
2066
2558
2067
2559
2065
2068
2560
2066
2069
2561
2067
2070
2562
2071
2563
2069
2072
2564
2070
2073
2565
2071
2074
2566
2075
2567
2073
2076
2568
2074
2077
2569
2075
2078
2570
2079
2571
2077
2572
2078
2573
2079
2574
2575
2081
2084
2096
2188
2082
2085
2097
2189
2083
2086
2098
2190
2087
2099
2191
2380
2085
2088
2100
2086
2089
2101
2087
2090
2102
2091
2103
2381
2089
2092
2104
2090
2093
2105
2091
2094
2106
2095
2107
2382
2093
2108
2575
2094
2109
2574
2095
2110
2573
2111
2383
2572
2097
2100
2112
2236
2098
2101
2113
2237
2099
2102
2114
2238
2103
2115
2239
2428
2101
2104
2116
2102
2105
2117
2103
2106
2118
2107
2119
2429
2105
2108
2120
2106
2109
2121
2107
2110
2122
2111
2123
2430
2109
2124
2623
2110
2125
2622
2111
2126
2621
2127
2431
2620
2113
2116
2128
2284
2114
2117
2129
2285
2115
2118
2130
2286
2119
2131
2287
2476
2117
2120
2132
2118
2121
2133
2119
2122
2134
2123
2135
2477
2121
2124
2136
2122
2125
2137
2123
2126
2138
2127
2139
2478
2125
2140
2671
2126
2141
2670
2127
2142
2669
2143
2479
2668
2129
2132
2332
2720
2130
2133
2333
2721
2131
2134
2334
2722
2135
2335
2524
2723
2133
2136
2724
2134
2137
2725
2135
2138
2726
2139
2525
2727
2137
2140
2728
2138
2141
2729
2139
2142
2730
2143
2526
2731
2141
2719
2732
2142
2718
2733
2143
2717
2734
2527
2716
2735
2145
2148
2192
2146
2149
2193
2147
2150
2194
2151
2195
2336
2149
2152
2196
2150
2153
2197
2151
2154
2198
2155
2199
2340
2153
2156
2200
2154
2157
2201
2155
2158
2202
2159
2203
2344
2157
2160
2204
2158
2161
2205
2159
2162
2206
2163
2207
2348
2161
2164
2208
2162
2165
2209
2163
2166
2210
2167
2211
2352
2165
2168
2212
2166
2169
2213
2167
2170
2214
2171
2215
2356
2169
2172
2216
2170
2173
2217
2171
2174
2218
2175
2219
2360
2173
2176
2220
2174
2177
2221
2175
2178
2222
2179
2223
2364
2177
2180
2224
2178
2181
2225
2179
2182
2226
2183
2227
2368
2181
2184
2228
2182
2185
2229
2183
2186
2230
2187
2231
2372
2185
2188
2232
2186
2189
2233
2187
2190
2234
2191
2235
2376
2189
2236
2190
2237
2191
2238
2239
2380
2193
2196
2240
2194
2197
2241
2195
2198
2242
2199
2243
2384
2197
2200
2244
2198
2201
2245
2199
2202
2246
2203
2247
2388
2201
2204
2248
2202
2205
2249
2203
2206
2250
2207
2251
2392
2205
2208
2252
2206
2209
2253
2207
2210
2254
2211
2255
2396
2209
2212
2256
2210
2213
2257
2211
2214
2258
2215
2259
2400
2213
2216
2260
2214
2217
2261
2215
2218
2262
2219
2263
2404
2217
2220
2264
2218
2221
2265
2219
2222
2266
2223
2267
2408
2221
2224
2268
2222
2225
2269
2223
2226
2270
2227
2271
2412
2225
2228
2272
2226
2229
2273
2227
2230
2274
2231
2275
2416
2229
2232
2276
2230
2233
2277
2231
2234
2278
2235
2279
2420
2233
2236
2280
2234
2237
2281
2235
2238
2282
2239
2283
2424
2237
2284
2238
2285
2239
2286
2287
2428
2241
2244
2288
2242
2245
2289
2243
2246
2290
2247
2291
2432
2245
2248
2292
2246
2249
2293
2247
2250
2294
2251
2295
2436
2249
2252
2296
2250
2253
2297
2251
2254
2298
2255
2299
2440
2253
2256
2300
2254
2257
2301
2255
2258
2302
2259
2303
2444
2257
2260
2304
2258
2261
2305
2259
2262
2306
2263
2307
2448
2261
2264
2308
2262
2265
2309
2263
2266
2310
2267
2311
2452
2265
2268
2312
2266
2269
2313
2267
2270
2314
2271
2315
2456
2269
2272
2316
2270
2273
2317
2271
2274
2318
2275
2319
2460
2273
2276
2320
2274
2277
2321
2275
2278
2322
2279
2323
2464
2277
2280
2324
2278
2281
2325
2279
2282
2326
2283
2327
2468
2281
2284
2328
2282
2285
2329
2283
2286
2330
2287
2331
2472
2285
2332
2286
2333
2287
2334
2335
2476
2289
2292
2784
2290
2293
2785
2291
2294
2786
2295
2480
2787
2293
2296
2788
2294
2297
2789
2295
2298
2790
2299
2484
2791
2297
2300
2792
2298
2301
2793
2299
2302
2794
2303
2488
2795
2301
2304
2796
2302
2305
2797
2303
2306
2798
2307
2492
2799
2305
2308
2800
2306
2309
2801
2307
2310
2802
2311
2496
2803
2309
2312
2804
2310
2313
2805
2311
2314
2806
2315
2500
2807
2313
2316
2808
2314
2317
2809
2315
2318
2810
2319
2504
2811
2317
2320
2812
2318
2321
2813
2319
2322
2814
2323
2508
2815
2321
2324
2816
2322
2325
2817
2323
2326
2818
2327
2512
2819
2325
2328
2820
2326
2329
2821
2327
2330
2822
2331
2516
2823
2329
2332
2824
2330
2333
2825
2331
2334
2826
2335
2520
2827
2333
2828
2334
2829
2335
2830
2524
2831
2337
2340
2384
2338
2341
2385
2339
2342
2386
2343
2387
2528
2341
2344
2388
2342
2345
2389
2343
2346
2390
2347
2391
2532
2345
2348
2392
2346
2349
2393
2347
2350
2394
2351
2395
2536
2349
2352
2396
2350
2353
2397
2351
2354
2398
2355
2399
2540
2353
2356
2400
2354
2357
2401
2355
2358
2402
2359
2403
2544
2357
2360
2404
2358
2361
2405
2359
2362
2406
2363
2407
2548
2361
2364
2408
2362
2365
2409
2363
2366
2410
2367
2411
2552
2365
2368
2412
2366
2369
2413
2367
2370
2414
2371
2415
2556
2369
2372
2416
2370
2373
2417
2371
2374
2418
2375
2419
2560
2373
2376
2420
2374
2377
2421
2375
2378
2422
2379
2423
2564
2377
2380
2424
2378
2381
2425
2379
2382
2426
2383
2427
2568
2381
2428
2382
2429
2383
2430
2431
2572
2385
2388
2432
2386
2389
2433
2387
2390
2434
2391
2435
2576
2389
2392
2436
2390
2393
2437
2391
2394
2438
2395
2439
2580
2393
2396
2440
2394
2397
2441
2395
2398
2442
2399
2443
2584
2397
2400
2444
2398
2401
2445
2399
2402
2446
2403
2447
2588
2401
2404
2448
2402
2405
2449
2403
2406
2450
2407
2451
2592
2405
2408
2452
2406
2409
2453
2407
2410
2454
2411
2455
2596
2409
2412
2456
2410
2413
2457
2411
2414
2458
2415
2459
2600
2413
2416
2460
2414
2417
2461
2415
2418
2462
2419
2463
2604
2417
2420
2464
2418
2421
2465
2419
2422
2466
2423
2467
2608
2421
2424
2468
2422
2425
2469
2423
2426
2470
2427
2471
2612
2425
2428
2472
2426
2429
2473
2427
2430
2474
2431
2475
2616
2429
2476
2430
2477
2431
2478
2479
2620
2433
2436
2480
2434
2437
2481
2435
2438
2482
2439
2483
2624
2437
2440
2484
2438
2441
2485
2439
2442
2486
2443
2487
2628
2441
2444
2488
2442
2445
2489
2443
2446
2490
2447
2491
2632
2445
2448
2492
2446
2449
2493
2447
2450
2494
2451
2495
2636
2449
2452
2496
2450
2453
2497
2451
2454
2498
2455
2499
2640
2453
2456
2500
2454
2457
2501
2455
2458
2502
2459
2503
2644
2457
2460
2504
2458
2461
2505
2459
2462
2506
2463
2507
2648
2461
2464
2508
2462
2465
2509
2463
2466
2510
2467
2511
2652
2465
2468
2512
2466
2469
2513
2467
2470
2514
2471
2515
2656
2469
2472
2516
2470
2473
2517
2471
2474
2518
2475
2519
2660
2473
2476
2520
2474
2477
2521
2475
2478
2522
2479
2523
2664
2477
2524
2478
2525
2479
2526
2527
2668
2481
2484
2976
2482
2485
2977
2483
2486
2978
2487
2672
2979
2485
2488
2980
2486
2489
2981
2487
2490
2982
2491
2676
2983
2489
2492
2984
2490
2493
2985
2491
2494
2986
2495
2680
2987
2493
2496
2988
2494
2497
2989
2495
2498
2990
2499
2684
2991
2497
2500
2992
2498
2501
2993
2499
2502
2994
2503
2688
2995
2501
2504
2996
2502
2505
2997
2503
2506
2998
2507
2692
2999
2505
2508
3000
2506
2509
3001
2507
2510
3002
2511
2696
3003
2509
2512
3004
2510
2513
3005
2511
2514
3006
2515
2700
3007
2513
2516
3008
2514
2517
3009
2515
2518
3010
2519
2704
3011
2517
2520
3012
2518
2521
3013
2519
2522
3014
2523
2708
3015
2521
2524
3016
2522
2525
3017
2523
2526
3018
2527
2712
3019
2525
3020
2526
3021
2527
3022
2716
3023
2529
2532
2576
2530
2533
2577
2531
2534
2578
2535
2579
2533
2536
2580
2534
2537
2581
2535
2538
2582
2539
2583
2537
2540
2584
2538
2541
2585
2539
2542
2586
2543
2587
2541
2544
2588
2542
2545
2589
2543
2546
2590
2547
2591
2545
2548
2592
2546
2549
2593
2547
2550
2594
2551
2595
2549
2552
2596
2550
2553
2597
2551
2554
2598
2555
2599
2553
2556
2600
2554
2557
2601
2555
2558
2602
2559
2603
2557
2560
2604
2558
2561
2605
2559
2562
2606
2563
2607
2561
2564
2608
2562
2565
2609
2563
2566
2610
2567
2611
2565
2568
2612
2566
2569
2613
2567
2570
2614
2571
2615
2569
2572
2616
2570
2573
2617
2571
2574
2618
2575
2619
2573
2620
2574
2621
2575
2622
2623
2577
2580
2624
2578
2581
2625
2579
2582
2626
2583
2627
2581
2584
2628
2582
2585
2629
2583
2586
2630
2587
2631
2585
2588
2632
2586
2589
2633
2587
2590
2634
2591
2635
2589
2592
2636
2590
2593
2637
2591
2594
2638
2595
2639
2593
2596
2640
2594
2597
2641
2595
2598
2642
2599
2643
2597
2600
2644
2598
2601
2645
2599
2602
2646
2603
2647
2601
2604
2648
2602
2605
2649
2603
2606
2650
2607
2651
2605
2608
2652
2606
2609
2653
2607
2610
2654
2611
2655
2609
2612
2656
2610
2613
2657
2611
2614
2658
2615
2659
2613
2616
2660
2614
2617
2661
2615
2618
2662
2619
2663
2617
2620
2664
2618
2621
2665
2619
2622
2666
2623
2667
2621
2668
2622
2669
2623
2670
2671
2625
2628
2672
2626
2629
2673
2627
2630
2674
2631
2675
2629
2632
2676
2630
2633
2677
2631
2634
2678
2635
2679
2633
2636
2680
2634
2637
2681
2635
2638
2682
2639
2683
2637
2640
2684
2638
2641
2685
2639
2642
2686
2643
2687
2641
2644
2688
2642
2645
2689
2643
2646
2690
2647
2691
2645
2648
2692
2646
2649
2693
2647
2650
2694
2651
2695
2649
2652
2696
2650
2653
2697
2651
2654
2698
2655
2699
2653
2656
2700
2654
2657
2701
2655
2658
2702
2659
2703
2657
2660
2704
2658
2661
2705
2659
2662
2706
2663
2707
2661
2664
2708
2662
2665
2709
2663
2666
2710
2667
2711
2665
2668
2712
2666
2669
2713
2667
2670
2714
2671
2715
2669
2716
2670
2717
2671
2718
2719
2673
2676
3168
2674
2677
3169
2675
2678
3170
2679
3171
2677
2680
3172
2678
2681
3173
2679
2682
3174
2683
3175
2681
2684
3176
2682
2685
3177
2683
2686
3178
2687
3179
2685
2688
3180
2686
2689
3181
2687
2690
3182
2691
3183
2689
2692
3184
2690
2693
3185
2691
2694
3186
2695
3187
2693
2696
3188
2694
2697
3189
2695
2698
3190
2699
3191
2697
2700
3192
2698
2701
3193
2699
2702
3194
2703
3195
2701
2704
3196
2702
2705
3197
2703
2706
3198
2707
3199
2705
2708
3200
2706
2709
3201
2707
2710
3202
2711
3203
2709
2712
3204
2710
2713
3205
2711
2714
3206
2715
3207
2713
2716
3208
2714
2717
3209
2715
2718
3210
2719
3211
2717
3212
2718
3213
2719
3214
3215
2721
2724
2736
2828
2722
2725
2737
2829
2723
2726
2738
2830
2727
2739
2831
3020
2725
2728
2740
2726
2729
2741
2727
2730
2742
2731
2743
3021
2729
2732
2744
2730
2733
2745
2731
2734
2746
2735
2747
3022
2733
2748
3215
2734
2749
3214
2735
2750
3213
2751
3023
3212
2737
2740
2752
2876
2738
2741
2753
2877
2739
2742
2754
2878
2743
2755
2879
3068
2741
2744
2756
2742
2745
2757
2743
2746
2758
2747
2759
3069
2745
2748
2760
2746
2749
2761
2747
2750
2762
2751
2763
3070
2749
2764
3263
2750
2765
3262
2751
2766
3261
2767
3071
3260
2753
2756
2768
2924
2754
2757
2769
2925
2755
2758
2770
2926
2759
2771
2927
3116
2757
2760
2772
2758
2761
2773
2759
2762
2774
2763
2775
3117
2761
2764
2776
2762
2765
2777
2763
2766
2778
2767
2779
3118
2765
2780
3311
2766
2781
3310
2767
2782
3309
2783
3119
3308
2769
2772
2972
3360
2770
2773
2973
3361
2771
2774
2974
3362
2775
2975
3164
3363
2773
2776
3364
2774
2777
3365
2775
2778
3366
2779
3165
3367
2777
2780
3368
2778
2781
3369
2779
2782
3370
2783
3166
3371
2781
3359
3372
2782
3358
3373
2783
3357
3374
3167
3356
3375
2785
2788
2832
2786
2789
2833
2787
2790
2834
2791
2835
2976
2789
2792
2836
2790
2793
2837
2791
2794
2838
2795
2839
2980
2793
2796
2840
2794
2797
2841
2795
2798
2842
2799
2843
2984
2797
2800
2844
2798
2801
2845
2799
2802
2846
2803
2847
2988
2801
2804
2848
2802
2805
2849
2803
2806
2850
2807
2851
2992
2805
2808
2852
2806
2809
2853
2807
2810
2854
2811
2855
2996
2809
2812
2856
2810
2813
2857
2811
2814
2858
2815
2859
3000
2813
2816
2860
2814
2817
2861
2815
2818
2862
2819
2863
3004
2817
2820
2864
2818
2821
2865
2819
2822
2866
2823
2867
3008
2821
2824
2868
2822
2825
2869
2823
2826
2870
2827
2871
3012
2825
2828
2872
2826
2829
2873
2827
2830
2874
2831
2875
3016
2829
2876
2830
2877
2831
2878
2879
3020
2833
2836
2880
2834
2837
2881
2835
2838
2882
2839
2883
3024
2837
2840
2884
2838
2841
2885
2839
2842
2886
2843
2887
3028
2841
2844
2888
2842
2845
2889
2843
2846
2890
2847
2891
3032
2845
2848
2892
2846
2849
2893
2847
2850
2894
2851
2895
3036
2849
2852
2896
2850
2853
2897
2851
2854
2898
2855
2899
3040
2853
2856
2900
2854
2857
2901
2855
2858
2902
2859
2903
3044
2857
2860
2904
2858
2861
2905
2859
2862
2906
2863
2907
3048
2861
2864
2908
2862
2865
2909
2863
2866
2910
2867
2911
3052
2865
2868
2912
2866
2869
2913
2867
2870
2914
2871
2915
3056
2869
2872
2916
2870
2873
2917
2871
2874
2918
2875
2919
3060
2873
2876
2920
2874
2877
2921
2875
2878
2922
2879
2923
3064
2877
2924
2878
2925
2879
2926
2927
3068
2881
2884
2928
2882
2885
2929
2883
2886
2930
2887
2931
3072
2885
2888
2932
2886
2889
2933
2887
2890
2934
2891
2935
3076
2889
2892
2936
2890
2893
2937
2891
2894
2938
2895
2939
3080
2893
2896
2940
2894
2897
2941
2895
2898
2942
2899
2943
3084
2897
2900
2944
2898
2901
2945
2899
2902
2946
2903
2947
3088
2901
2904
2948
2902
2905
2949
2903
2906
2950
2907
2951
3092
2905
2908
2952
2906
2909
2953
2907
2910
2954
2911
2955
3096
2909
2912
2956
2910
2913
2957
2911
2914
2958
2915
2959
3100
2913
2916
2960
2914
2917
2961
2915
2918
2962
2919
2963
3104
2917
2920
2964
2918
2921
2965
2919
2922
2966
2923
2967
3108
2921
2924
2968
2922
2925
2969
2923
2926
2970
2927
2971
3112
2925
2972
2926
2973
2927
2974
2975
3116
2929
2932
3424
2930
2933
3425
2931
2934
3426
2935
3120
3427
2933
2936
3428
2934
2937
3429
2935
2938
3430
2939
3124
3431
2937
2940
3432
2938
2941
3433
2939
2942
3434
2943
3128
3435
2941
2944
3436
2942
2945
3437
2943
2946
3438
2947
3132
3439
2945
2948
3440
2946
2949
3441
2947
2950
3442
2951
3136
3443
2949
2952
3444
2950
2953
3445
2951
2954
3446
2955
3140
3447
2953
2956
3448
2954
2957
3449
2955
2958
3450
2959
3144
3451
2957
2960
3452
2958
2961
3453
2959
2962
3454
2963
3148
3455
2961
2964
3456
2962
2965
3457
2963
2966
3458
2967
3152
3459
2965
2968
3460
2966
2969
3461
2967
2970
3462
2971
3156
3463
2969
2972
3464
2970
2973
3465
2971
2974
3466
2975
3160
3467
2973
3468
2974
3469
2975
3470
3164
3471
2977
2980
3024
2978
2981
3025
2979
2982
3026
2983
3027
3168
2981
2984
3028
2982
2985
3029
2983
2986
3030
2987
3031
3172
2985
2988
3032
2986
2989
3033
2987
2990
3034
2991
3035
3176
2989
2992
3036
2990
2993
3037
2991
2994
3038
2995
3039
3180
2993
2996
3040
2994
2997
3041
2995
2998
3042
2999
3043
3184
2997
3000
3044
2998
3001
3045
2999
3002
3046
3003
3047
3188
3001
3004
3048
3002
3005
3049
3003
3006
3050
3007
3051
3192
3005
3008
3052
3006
3009
3053
3007
3010
3054
3011
3055
3196
3009
3012
3056
3010
3013
3057
3011
3014
3058
3015
3059
3200
3013
3016
3060
3014
3017
3061
3015
3018
3062
3019
3063
3204
3017
3020
3064
3018
3021
3065
3019
3022
3066
3023
3067
3208
3021
3068
3022
3069
3023
3070
3071
3212
3025
3028
3072
3026
3029
3073
3027
3030
3074
3031
3075
3216
3029
3032
3076
3030
3033
3077
3031
3034
3078
3035
3079
3220
3033
3036
3080
3034
3037
3081
3035
3038
3082
3039
3083
3224
3037
3040
3084
3038
3041
3085
3039
3042
3086
3043
3087
3228
3041
3044
3088
3042
3045
3089
3043
3046
3090
3047
3091
3232
3045
3048
3092
3046
3049
3093
3047
3050
3094
3051
3095
3236
3049
3052
3096
3050
3053
3097
3051
3054
3098
3055
3099
3240
3053
3056
3100
3054
3057
3101
3055
3058
3102
3059
3103
3244
3057
3060
3104
3058
3061
3105
3059
3062
3106
3063
3107
3248
3061
3064
3108
3062
3065
3109
3063
3066
3110
3067
3111
3252
3065
3068
3112
3066
3069
3113
3067
3070
3114
3071
3115
3256
3069
3116
3070
3117
3071
3118
3119
3260
3073
3076
3120
3074
3077
3121
3075
3078
3122
3079
3123
3264
3077
3080
3124
3078
3081
3125
3079
3082
3126
3083
3127
3268
3081
3084
3128
3082
3085
3129
3083
3086
3130
3087
3131
3272
3085
3088
3132
3086
3089
3133
3087
3090
3134
3091
3135
3276
3089
3092
3136
3090
3093
3137
3091
3094
3138
3095
3139
3280
3093
3096
3140
3094
3097
3141
3095
3098
3142
3099
3143
3284
3097
3100
3144
3098
3101
3145
3099
3102
3146
3103
3147
3288
3101
3104
3148
3102
3105
3149
3103
3106
3150
3107
3151
3292
3105
3108
3152
3106
3109
3153
3107
3110
3154
3111
3155
3296
3109
3112
3156
3110
3113
3157
3111
3114
3158
3115
3159
3300
3113
3116
3160
3114
3117
3161
3115
3118
3162
3119
3163
3304
3117
3164
3118
3165
3119
3166
3167
3308
3121
3124
3616
3122
3125
3617
3123
3126
3618
3127
3312
3619
3125
3128
3620
3126
3129
3621
3127
3130
3622
3131
3316
3623
3129
3132
3624
3130
3133
3625
3131
3134
3626
3135
3320
3627
3133
3136
3628
3134
3137
3629
3135
3138
3630
3139
3324
3631
3137
3140
3632
3138
3141
3633
3139
3142
3634
3143
3328
3635
3141
3144
3636
3142
3145
3637
3143
3146
3638
3147
3332
3639
3145
3148
3640
3146
3149
3641
3147
3150
3642
3151
3336
3643
3149
3152
3644
3150
3153
3645
3151
3154
3646
3155
3340
3647
3153
3156
3648
3154
3157
3649
3155
3158
3650
3159
3344
3651
3157
3160
3652
3158
3161
3653
3159
3162
3654
3163
3348
3655
3161
3164
3656
3162
3165
3657
3163
3166
3658
3167
3352
3659
3165
3660
3166
3661
3167
3662
3356
3663
3169
3172
3216
3170
3173
3217
3171
3174
3218
3175
3219
3173
3176
3220
3174
3177
3221
3175
3178
3222
3179
3223
3177
3180
3224
3178
3181
3225
3179
3182
3226
3183
3227
3181
3184
3228
3182
3185
3229
3183
3186
3230
3187
3231
3185
3188
3232
3186
3189
3233
3187
3190
3234
3191
3235
3189
3192
3236
3190
3193
3237
3191
3194
3238
3195
3239
3193
3196
3240
3194
3197
3241
3195
3198
3242
3199
3243
3197
3200
3244
3198
3201
3245
3199
3202
3246
3203
3247
3201
3204
3248
3202
3205
3249
3203
3206
3250
3207
3251
3205
3208
3252
3206
3209
3253
3207
3210
3254
3211
3255
3209
3212
3256
3210
3213
3257
3211
3214
3258
3215
3259
3213
3260
3214
3261
3215
3262
3263
3217
3220
3264
3218
3221
3265
3219
3222
3266
3223
3267
3221
3224
3268
3222
3225
3269
3223
3226
3270
3227
3271
3225
3228
3272
3226
3229
3273
3227
3230
3274
3231
3275
3229
3232
3276
3230
3233
3277
3231
3234
3278
3235
3279
3233
3236
3280
3234
3237
3281
3235
3238
3282
3239
3283
3237
3240
3284
3238
3241
3285
3239
3242
3286
3243
3287
3241
3244
3288
3242
3245
3289
3243
3246
3290
3247
3291
3245
3248
3292
3246
3249
3293
3247
3250
3294
3251
3295
3249
3252
3296
3250
3253
3297
3251
3254
3298
3255
3299
3253
3256
3300
3254
3257
3301
3255
3258
3302
3259
3303
3257
3260
3304
3258
3261
3305
3259
3262
3306
3263
3307
3261
3308
3262
3309
3263
3310
3311
3265
3268
3312
3266
3269
3313
3267
3270
3314
3271
3315
3269
3272
3316
3270
3273
3317
3271
3274
3318
3275
3319
3273
3276
3320
3274
3277
3321
3275
3278
3322
3279
3323
3277
3280
3324
3278
3281
3325
3279
3282
3326
3283
3327
3281
3284
3328
3282
3285
3329
3283
3286
3330
3287
3331
3285
3288
3332
3286
3289
3333
3287
3290
3334
3291
3335
3289
3292
3336
3290
3293
3337
3291
3294
3338
3295
3339
3293
3296
3340
3294
3297
3341
3295
3298
3342
3299
3343
3297
3300
3344
3298
3301
3345
3299
3302
3346
3303
3347
3301
3304
3348
3302
3305
3349
3303
3306
3350
3307
3351
3305
3308
3352
3306
3309
3353
3307
3310
3354
3311
3355
3309
3356
3310
3357
3311
3358
3359
3313
3316
3808
3314
3317
3809
3315
3318
3810
3319
3811
3317
3320
3812
3318
3321
3813
3319
3322
3814
3323
3815
3321
3324
3816
3322
3325
3817
3323
3326
3818
3327
3819
3325
3328
3820
3326
3329
3821
3327
3330
3822
3331
3823
3329
3332
3824
3330
3333
3825
3331
3334
3826
3335
3827
3333
3336
3828
3334
3337
3829
3335
3338
3830
3339
3831
3337
3340
3832
3338
3341
3833
3339
3342
3834
3343
3835
3341
3344
3836
3342
3345
3837
3343
3346
3838
3347
3839
3345
3348
3840
3346
3349
3841
3347
3350
3842
3351
3843
3349
3352
3844
3350
3353
3845
3351
3354
3846
3355
3847
3353
3356
3848
3354
3357
3849
3355
3358
3850
3359
3851
3357
3852
3358
3853
3359
3854
3855
3361
3364
3376
3468
3362
3365
3377
3469
3363
3366
3378
3470
3367
3379
3471
3660
3365
3368
3380
3366
3369
3381
3367
3370
3382
3371
3383
3661
3369
3372
3384
3370
3373
3385
3371
3374
3386
3375
3387
3662
3373
3388
3855
3374
3389
3854
3375
3390
3853
3391
3663
3852
3377
3380
3392
3516
3378
3381
3393
3517
3379
3382
3394
3518
3383
3395
3519
3708
3381
3384
3396
3382
3385
3397
3383
3386
3398
3387
3399
3709
3385
3388
3400
3386
3389
3401
3387
3390
3402
3391
3403
3710
3389
3404
3903
3390
3405
3902
3391
3406
3901
3407
3711
3900
3393
3396
3408
3564
3394
3397
3409
3565
3395
3398
3410
3566
3399
3411
3567
3756
3397
3400
3412
3398
3401
3413
3399
3402
3414
3403
3415
3757
3401
3404
3416
3402
3405
3417
3403
3406
3418
3407
3419
3758
3405
3420
3951
3406
3421
3950
3407
3422
3949
3423
3759
3948
3409
3412
3612
4000
3410
3413
3613
4001
3411
3414
3614
4002
3415
3615
3804
4003
3413
3416
4004
3414
3417
4005
3415
3418
4006
3419
3805
4007
3417
3420
4008
3418
3421
4009
3419
3422
4010
3423
3806
4011
3421
3999
4012
3422
3998
4013
3423
3997
4014
3807
3996
4015
3425
3428
3472
3426
3429
3473
3427
3430
3474
3431
3475
3616
3429
3432
3476
3430
3433
3477
3431
3434
3478
3435
3479
3620
3433
3436
3480
3434
3437
3481
3435
3438
3482
3439
3483
3624
3437
3440
3484
3438
3441
3485
3439
3442
3486
3443
3487
3628
3441
3444
3488
3442
3445
3489
3443
3446
3490
3447
3491
3632
3445
3448
3492
3446
3449
3493
3447
3450
3494
3451
3495
3636
3449
3452
3496
3450
3453
3497
3451
3454
3498
3455
3499
3640
3453
3456
3500
3454
3457
3501
3455
3458
3502
3459
3503
3644
3457
3460
3504
3458
3461
3505
3459
3462
3506
3463
3507
3648
3461
3464
3508
3462
3465
3509
3463
3466
3510
3467
3511
3652
3465
3468
3512
3466
3469
3513
3467
3470
3514
3471
3515
3656
3469
3516
3470
3517
3471
3518
3519
3660
3473
3476
3520
3474
3477
3521
3475
3478
3522
3479
3523
3664
3477
3480
3524
3478
3481
3525
3479
3482
3526
3483
3527
3668
3481
3484
3528
3482
3485
3529
3483
3486
3530
3487
3531
3672
3485
3488
3532
3486
3489
3533
3487
3490
3534
3491
3535
3676
3489
3492
3536
3490
3493
3537
3491
3494
3538
3495
3539
3680
3493
3496
3540
3494
3497
3541
3495
3498
3542
3499
3543
3684
3497
3500
3544
3498
3501
3545
3499
3502
3546
3503
3547
3688
3501
3504
3548
3502
3505
3549
3503
3506
3550
3507
3551
3692
3505
3508
3552
3506
3509
3553
3507
3510
3554
3511
3555
3696
3509
3512
3556
3510
3513
3557
3511
3514
3558
3515
3559
3700
3513
3516
3560
3514
3517
3561
3515
3518
3562
3519
3563
3704
3517
3564
3518
3565
3519
3566
3567
3708
3521
3524
3568
3522
3525
3569
3523
3526
3570
3527
3571
3712
3525
3528
3572
3526
3529
3573
3527
3530
3574
3531
3575
3716
3529
3532
3576
3530
3533
3577
3531
3534
3578
3535
3579
3720
3533
3536
3580
3534
3537
3581
3535
3538
3582
3539
3583
3724
3537
3540
3584
3538
3541
3585
3539
3542
3586
3543
3587
3728
3541
3544
3588
3542
3545
3589
3543
3546
3590
3547
3591
3732
3545
3548
3592
3546
3549
3593
3547
3550
3594
3551
3595
3736
3549
3552
3596
3550
3553
3597
3551
3554
3598
3555
3599
3740
3553
3556
3600
3554
3557
3601
3555
3558
3602
3559
3603
3744
3557
3560
3604
3558
3561
3605
3559
3562
3606
3563
3607
3748
3561
3564
3608
3562
3565
3609
3563
3566
3610
3567
3611
3752
3565
3612
3566
3613
3567
3614
3615
3756
3569
3572
4160
3570
3573
4161
3571
3574
4162
3575
3760
4163
3573
3576
4164
3574
3577
4165
3575
3578
4166
3579
3764
4167
3577
3580
4168
3578
3581
4169
3579
3582
4170
3583
3768
4171
3581
3584
4172
3582
3585
4173
3583
3586
4174
3587
3772
4175
3585
3588
4176
3586
3589
4177
3587
3590
4178
3591
3776
4179
3589
3592
4180
3590
3593
4181
3591
3594
4182
3595
3780
4183
3593
3596
4184
3594
3597
4185
3595
3598
4186
3599
3784
4187
3597
3600
4188
3598
3601
4189
3599
3602
4190
3603
3788
4191
3601
3604
4192
3602
3605
4193
3603
3606
4194
3607
3792
4195
3605
3608
4196
3606
3609
4197
3607
3610
4198
3611
3796
4199
3609
3612
4200
3610
3613
4201
3611
3614
4202
3615
3800
4203
3613
4204
3614
4205
3615
4206
3804
4207
3617
3620
3664
3618
3621
3665
3619
3622
3666
3623
3667
3808
3621
3624
3668
3622
3625
3669
3623
3626
3670
3627
3671
3812
3625
3628
3672
3626
3629
3673
3627
3630
3674
3631
3675
3816
3629
3632
3676
3630
3633
3677
3631
3634
3678
3635
3679
3820
3633
3636
3680
3634
3637
3681
3635
3638
3682
3639
3683
3824
3637
3640
3684
3638
3641
3685
3639
3642
3686
3643
3687
3828
3641
3644
3688
3642
3645
3689
3643
3646
3690
3647
3691
3832
3645
3648
3692
3646
3649
3693
3647
3650
3694
3651
3695
3836
3649
3652
3696
3650
3653
3697
3651
3654
3698
3655
3699
3840
3653
3656
3700
3654
3657
3701
3655
3658
3702
3659
3703
3844
3657
3660
3704
3658
3661
3705
3659
3662
3706
3663
3707
3848
3661
3708
3662
3709
3663
3710
3711
3852
3665
3668
3712
3666
3669
3713
3667
3670
3714
3671
3715
3856
3669
3672
3716
3670
3673
3717
3671
3674
3718
3675
3719
3860
3673
3676
3720
3674
3677
3721
3675
3678
3722
3679
3723
3864
3677
3680
3724
3678
3681
3725
3679
3682
3726
3683
3727
3868
3681
3684
3728
3682
3685
3729
3683
3686
3730
3687
3731
3872
3685
3688
3732
3686
3689
3733
3687
3690
3734
3691
3735
3876
3689
3692
3736
3690
3693
3737
3691
3694
3738
3695
3739
3880
3693
3696
3740
3694
3697
3741
3695
3698
3742
3699
3743
3884
3697
3700
3744
3698
3701
3745
3699
3702
3746
3703
3747
3888
3701
3704
3748
3702
3705
3749
3703
3706
3750
3707
3751
3892
3705
3708
3752
3706
3709
3753
3707
3710
3754
3711
3755
3896
3709
3756
3710
3757
3711
3758
3759
3900
3713
3716
3760
3714
3717
3761
3715
3718
3762
3719
3763
3904
3717
3720
3764
3718
3721
3765
3719
3722
3766
3723
3767
3908
3721
3724
3768
3722
3725
3769
3723
3726
3770
3727
3771
3912
3725
3728
3772
3726
3729
3773
3727
3730
3774
3731
3775
3916
3729
3732
3776
3730
3733
3777
3731
3734
3778
3735
3779
3920
3733
3736
3780
3734
3737
3781
3735
3738
3782
3739
3783
3924
3737
3740
3784
3738
3741
3785
3739
3742
3786
3743
3787
3928
3741
3744
3788
3742
3745
3789
3743
3746
3790
3747
3791
3932
3745
3748
3792
3746
3749
3793
3747
3750
3794
3751
3795
3936
3749
3752
3796
3750
3753
3797
3751
3754
3798
3755
3799
3940
3753
3756
3800
3754
3757
3801
3755
3758
3802
3759
3803
3944
3757
3804
3758
3805
3759
3806
3807
3948
3761
3764
4640
3762
3765
4641
3763
3766
4642
3767
3952
4643
3765
3768
4644
3766
3769
4645
3767
3770
4646
3771
3956
4647
3769
3772
4648
3770
3773
4649
3771
3774
4650
3775
3960
4651
3773
3776
4652
3774
3777
4653
3775
3778
4654
3779
3964
4655
3777
3780
4656
3778
3781
4657
3779
3782
4658
3783
3968
4659
3781
3784
4660
3782
3785
4661
3783
3786
4662
3787
3972
4663
3785
3788
4664
3786
3789
4665
3787
3790
4666
3791
3976
4667
3789
3792
4668
3790
3793
4669
3791
3794
4670
3795
3980
4671
3793
3796
4672
3794
3797
4673
3795
3798
4674
3799
3984
4675
3797
3800
4676
3798
3801
4677
3799
3802
4678
3803
3988
4679
3801
3804
4680
3802
3805
4681
3803
3806
4682
3807
3992
4683
3805
4684
3806
4685
3807
4686
3996
4687
3809
3812
3856
3810
3813
3857
3811
3814
3858
3815
3859
3813
3816
3860
3814
3817
3861
3815
3818
3862
3819
3863
3817
3820
3864
3818
3821
3865
3819
3822
3866
3823
3867
3821
3824
3868
3822
3825
3869
3823
3826
3870
3827
3871
3825
3828
3872
3826
3829
3873
3827
3830
3874
3831
3875
3829
3832
3876
3830
3833
3877
3831
3834
3878
3835
3879
3833
3836
3880
3834
3837
3881
3835
3838
3882
3839
3883
3837
3840
3884
3838
3841
3885
3839
3842
3886
3843
3887
3841
3844
3888
3842
3845
3889
3843
3846
3890
3847
3891
3845
3848
3892
3846
3849
3893
3847
3850
3894
3851
3895
3849
3852
3896
3850
3853
3897
3851
3854
3898
3855
3899
3853
3900
3854
3901
3855
3902
3903
3857
3860
3904
3858
3861
3905
3859
3862
3906
3863
3907
3861
3864
3908
3862
3865
3909
3863
3866
3910
3867
3911
3865
3868
3912
3866
3869
3913
3867
3870
3914
3871
3915
3869
3872
3916
3870
3873
3917
3871
3874
3918
3875
3919
3873
3876
3920
3874
3877
3921
3875
3878
3922
3879
3923
3877
3880
3924
3878
3881
3925
3879
3882
3926
3883
3927
3881
3884
3928
3882
3885
3929
3883
3886
3930
3887
3931
3885
3888
3932
3886
3889
3933
3887
3890
3934
3891
3935
3889
3892
3936
3890
3893
3937
3891
3894
3938
3895
3939
3893
3896
3940
3894
3897
3941
3895
3898
3942
3899
3943
3897
3900
3944
3898
3901
3945
3899
3902
3946
3903
3947
3901
3948
3902
3949
3903
3950
3951
3905
3908
3952
3906
3909
3953
3907
3910
3954
3911
3955
3909
3912
3956
3910
3913
3957
3911
3914
3958
3915
3959
3913
3916
3960
3914
3917
3961
3915
3918
3962
3919
3963
3917
3920
3964
3918
3921
3965
3919
3922
3966
3923
3967
3921
3924
3968
3922
3925
3969
3923
3926
3970
3927
3971
3925
3928
3972
3926
3929
3973
3927
3930
3974
3931
3975
3929
3932
3976
3930
3933
3977
3931
3934
3978
3935
3979
3933
3936
3980
3934
3937
3981
3935
3938
3982
3939
3983
3937
3940
3984
3938
3941
3985
3939
3942
3986
3943
3987
3941
3944
3988
3942
3945
3989
3943
3946
3990
3947
3991
3945
3948
3992
3946
3949
3993
3947
3950
3994
3951
3995
3949
3996
3950
3997
3951
3998
3999
3953
3956
5120
3954
3957
5121
3955
3958
5122
3959
5123
3957
3960
5124
3958
3961
5125
3959
3962
5126
3963
5127
3961
3964
5128
3962
3965
5129
3963
3966
5130
3967
5131
3965
3968
5132
3966
3969
5133
3967
3970
5134
3971
5135
3969
3972
5136
3970
3973
5137
3971
3974
5138
3975
5139
3973
3976
5140
3974
3977
5141
3975
3978
5142
3979
5143
3977
3980
5144
3978
3981
5145
3979
3982
5146
3983
5147
3981
3984
5148
3982
3985
5149
3983
3986
5150
3987
5151
3985
3988
5152
3986
3989
5153
3987
3990
5154
3991
5155
3989
3992
5156
3990
3993
5157
3991
3994
5158
3995
5159
3993
3996
5160
3994
3997
5161
3995
3998
5162
3999
5163
3997
5164
3998
5165
3999
5166
5167
4001
4004
4016
4204
4002
4005
4017
4205
4003
4006
4018
4206
4007
4019
4207
4684
4005
4008
4020
4006
4009
4021
4007
4010
4022
4011
4023
4685
4009
4012
4024
4010
4013
4025
4011
4014
4026
4015
4027
4686
4013
4028
5167
4014
4029
5166
4015
4030
5165
4031
4687
5164
4017
4020
4032
4252
4018
4021
4033
4253
4019
4022
4034
4254
4023
4035
4255
4732
4021
4024
4036
4022
4025
4037
4023
4026
4038
4027
4039
4733
4025
4028
4040
4026
4029
4041
4027
4030
4042
4031
4043
4734
4029
4044
5215
4030
4045
5214
4031
4046
5213
4047
4735
5212
4033
4036
4048
4300
4034
4037
4049
4301
4035
4038
4050
4302
4039
4051
4303
4780
4037
4040
4052
4038
4041
4053
4039
4042
4054
4043
4055
4781
4041
4044
4056
4042
4045
4057
4043
4046
4058
4047
4059
4782
4045
4060
5263
4046
4061
5262
4047
4062
5261
4063
4783
5260
4049
4052
4064
4348
4050
4053
4065
4349
4051
4054
4066
4350
4055
4067
4351
4828
4053
4056
4068
4054
4057
4069
4055
4058
4070
4059
4071
4829
4057
4060
4072
4058
4061
4073
4059
4062
4074
4063
4075
4830
4061
4076
5311
4062
4077
5310
4063
4078
5309
4079
4831
5308
4065
4068
4080
4396
4066
4069
4081
4397
4067
4070
4082
4398
4071
4083
4399
4876
4069
4072
4084
4070
4073
4085
4071
4074
4086
4075
4087
4877
4073
4076
4088
4074
4077
4089
4075
4078
4090
4079
4091
4878
4077
4092
5359
4078
4093
5358
4079
4094
5357
4095
4879
5356
4081
4084
4096
4444
4082
4085
4097
4445
4083
4086
4098
4446
4087
4099
4447
4924
4085
4088
4100
4086
4089
4101
4087
4090
4102
4091
4103
4925
4089
4092
4104
4090
4093
4105
4091
4094
4106
4095
4107
4926
4093
4108
5407
4094
4109
5406
4095
4110
5405
4111
4927
5404
4097
4100
4112
4492
4098
4101
4113
4493
4099
4102
4114
4494
4103
4115
4495
4972
4101
4104
4116
4102
4105
4117
4103
4106
4118
4107
4119
4973
4105
4108
4120
4106
4109
4121
4107
4110
4122
4111
4123
4974
4109
4124
5455
4110
4125
5454
4111
4126
5453
4127
4975
5452
4113
4116
4128
4540
4114
4117
4129
4541
4115
4118
4130
4542
4119
4131
4543
5020
4117
4120
4132
4118
4121
4133
4119
4122
4134
4123
4135
5021
4121
4124
4136
4122
4125
4137
4123
4126
4138
4127
4139
5022
4125
4140
5503
4126
4141
5502
4127
4142
5501
4143
5023
5500
4129
4132
4144
4588
4130
4133
4145
4589
4131
4134
4146
4590
4135
4147
4591
5068
4133
4136
4148
4134
4137
4149
4135
4138
4150
4139
4151
5069
4137
4140
4152
4138
4141
4153
4139
4142
4154
4143
4155
5070
4141
4156
5551
4142
4157
5550
4143
4158
5549
4159
5071
5548
4145
4148
4636
5600
4146
4149
4637
5601
4147
4150
4638
5602
4151
4639
5116
5603
4149
4152
5604
4150
4153
5605
4151
4154
5606
4155
5117
5607
4153
4156
5608
4154
4157
5609
4155
4158
5610
4159
5118
5611
4157
5599
5612
4158
5598
5613
4159
5597
5614
5119
5596
5615
4161
4164
4208
4162
4165
4209
4163
4166
4210
4167
4211
4640
4165
4168
4212
4166
4169
4213
4167
4170
4214
4171
4215
4644
4169
4172
4216
4170
4173
4217
4171
4174
4218
4175
4219
4648
4173
4176
4220
4174
4177
4221
4175
4178
4222
4179
4223
4652
4177
4180
4224
4178
4181
4225
4179
4182
4226
4183
4227
4656
4181
4184
4228
4182
4185
4229
4183
4186
4230
4187
4231
4660
4185
4188
4232
4186
4189
4233
4187
4190
4234
4191
4235
4664
4189
4192
4236
4190
4193
4237
4191
4194
4238
4195
4239
4668
4193
4196
4240
4194
4197
4241
4195
4198
4242
4199
4243
4672
4197
4200
4244
4198
4201
4245
4199
4202
4246
4203
4247
4676
4201
4204
4248
4202
4205
4249
4203
4206
4250
4207
4251
4680
4205
4252
4206
4253
4207
4254
4255
4684
4209
4212
4256
4210
4213
4257
4211
4214
4258
4215
4259
4688
4213
4216
4260
4214
4217
4261
4215
4218
4262
4219
4263
4692
4217
4220
4264
4218
4221
4265
4219
4222
4266
4223
4267
4696
4221
4224
4268
4222
4225
4269
4223
4226
4270
4227
4271
4700
4225
4228
4272
4226
4229
4273
4227
4230
4274
4231
4275
4704
4229
4232
4276
4230
4233
4277
4231
4234
4278
4235
4279
4708
4233
4236
4280
4234
4237
4281
4235
4238
4282
4239
4283
4712
4237
4240
4284
4238
4241
4285
4239
4242
4286
4243
4287
4716
4241
4244
4288
4242
4245
4289
4243
4246
4290
4247
4291
4720
4245
4248
4292
4246
4249
4293
4247
4250
4294
4251
4295
4724
4249
4252
4296
4250
4253
4297
4251
4254
4298
4255
4299
4728
4253
4300
4254
4301
4255
4302
4303
4732
4257
4260
4304
4258
4261
4305
4259
4262
4306
4263
4307
4736
4261
4264
4308
4262
4265
4309
4263
4266
4310
4267
4311
4740
4265
4268
4312
4266
4269
4313
4267
4270
4314
4271
4315
4744
4269
4272
4316
4270
4273
4317
4271
4274
4318
4275
4319
4748
4273
4276
4320
4274
4277
4321
4275
4278
4322
4279
4323
4752
4277
4280
4324
4278
4281
4325
4279
4282
4326
4283
4327
4756
4281
4284
4328
4282
4285
4329
4283
4286
4330
4287
4331
4760
4285
4288
4332
4286
4289
4333
4287
4290
4334
4291
4335
4764
4289
4292
4336
4290
4293
4337
4291
4294
4338
4295
4339
4768
4293
4296
4340
4294
4297
4341
4295
4298
4342
4299
4343
4772
4297
4300
4344
4298
4301
4345
4299
4302
4346
4303
4347
4776
4301
4348
4302
4349
4303
4350
4351
4780
4305
4308
4352
4306
4309
4353
4307
4310
4354
4311
4355
4784
4309
4312
4356
4310
4313
4357
4311
4314
4358
4315
4359
4788
4313
4316
4360
4314
4317
4361
4315
4318
4362
4319
4363
4792
4317
4320
4364
4318
4321
4365
4319
4322
4366
4323
4367
4796
4321
4324
4368
4322
4325
4369
4323
4326
4370
4327
4371
4800
4325
4328
4372
4326
4329
4373
4327
4330
4374
4331
4375
4804
4329
4332
4376
4330
4333
4377
4331
4334
4378
4335
4379
4808
4333
4336
4380
4334
4337
4381
4335
4338
4382
4339
4383
4812
4337
4340
4384
4338
4341
4385
4339
4342
4386
4343
4387
4816
4341
4344
4388
4342
4345
4389
4343
4346
4390
4347
4391
4820
4345
4348
4392
4346
4349
4393
4347
4350
4394
4351
4395
4824
4349
4396
4350
4397
4351
4398
4399
4828
4353
4356
4400
4354
4357
4401
4355
4358
4402
4359
4403
4832
4357
4360
4404
4358
4361
4405
4359
4362
4406
4363
4407
4836
4361
4364
4408
4362
4365
4409
4363
4366
4410
4367
4411
4840
4365
4368
4412
4366
4369
4413
4367
4370
4414
4371
4415
4844
4369
4372
4416
4370
4373
4417
4371
4374
4418
4375
4419
4848
4373
4376
4420
4374
4377
4421
4375
4378
4422
4379
4423
4852
4377
4380
4424
4378
4381
4425
4379
4382
4426
4383
4427
4856
4381
4384
4428
4382
4385
4429
4383
4386
4430
4387
4431
4860
4385
4388
4432
4386
4389
4433
4387
4390
4434
4391
4435
4864
4389
4392
4436
4390
4393
4437
4391
4394
4438
4395
4439
4868
4393
4396
4440
4394
4397
4441
4395
4398
4442
4399
4443
4872
4397
4444
4398
4445
4399
4446
4447
4876
4401
4404
4448
4402
4405
4449
4403
4406
4450
4407
4451
4880
4405
4408
4452
4406
4409
4453
4407
4410
4454
4411
4455
4884
4409
4412
4456
4410
4413
4457
4411
4414
4458
4415
4459
4888
4413
4416
4460
4414
4417
4461
4415
4418
4462
4419
4463
4892
4417
4420
4464
4418
4421
4465
4419
4422
4466
4423
4467
4896
4421
4424
4468
4422
4425
4469
4423
4426
4470
4427
4471
4900
4425
4428
4472
4426
4429
4473
4427
4430
4474
4431
4475
4904
4429
4432
4476
4430
4433
4477
4431
4434
4478
4435
4479
4908
4433
4436
4480
4434
4437
4481
4435
4438
4482
4439
4483
4912
4437
4440
4484
4438
4441
4485
4439
4442
4486
4443
4487
4916
4441
4444
4488
4442
4445
4489
4443
4446
4490
4447
4491
4920
4445
4492
4446
4493
4447
4494
4495
4924
4449
4452
4496
4450
4453
4497
4451
4454
4498
4455
4499
4928
4453
4456
4500
4454
4457
4501
4455
4458
4502
4459
4503
4932
4457
4460
4504
4458
4461
4505
4459
4462
4506
4463
4507
4936
4461
4464
4508
4462
4465
4509
4463
4466
4510
4467
4511
4940
4465
4468
4512
4466
4469
4513
4467
4470
4514
4471
4515
4944
4469
4472
4516
4470
4473
4517
4471
4474
4518
4475
4519
4948
4473
4476
4520
4474
4477
4521
4475
4478
4522
4479
4523
4952
4477
4480
4524
4478
4481
4525
4479
4482
4526
4483
4527
4956
4481
4484
4528
4482
4485
4529
4483
4486
4530
4487
4531
4960
4485
4488
4532
4486
4489
4533
4487
4490
4534
4491
4535
4964
4489
4492
4536
4490
4493
4537
4491
4494
4538
4495
4539
4968
4493
4540
4494
4541
4495
4542
4543
4972
4497
4500
4544
4498
4501
4545
4499
4502
4546
4503
4547
4976
4501
4504
4548
4502
4505
4549
4503
4506
4550
4507
4551
4980
4505
4508
4552
4506
4509
4553
4507
4510
4554
4511
4555
4984
4509
4512
4556
4510
4513
4557
4511
4514
4558
4515
4559
4988
4513
4516
4560
4514
4517
4561
4515
4518
4562
4519
4563
4992
4517
4520
4564
4518
4521
4565
4519
4522
4566
4523
4567
4996
4521
4524
4568
4522
4525
4569
4523
4526
4570
4527
4571
5000
4525
4528
4572
4526
4529
4573
4527
4530
4574
4531
4575
5004
4529
4532
4576
4530
4533
4577
4531
4534
4578
4535
4579
5008
4533
4536
4580
4534
4537
4581
4535
4538
4582
4539
4583
5012
4537
4540
4584
4538
4541
4585
4539
4542
4586
4543
4587
5016
4541
4588
4542
4589
4543
4590
4591
5020
4545
4548
4592
4546
4549
4593
4547
4550
4594
4551
4595
5024
4549
4552
4596
4550
4553
4597
4551
4554
4598
4555
4599
5028
4553
4556
4600
4554
4557
4601
4555
4558
4602
4559
4603
5032
4557
4560
4604
4558
4561
4605
4559
4562
4606
4563
4607
5036
4561
4564
4608
4562
4565
4609
4563
4566
4610
4567
4611
5040
4565
4568
4612
4566
4569
4613
4567
4570
4614
4571
4615
5044
4569
4572
4616
4570
4573
4617
4571
4574
4618
4575
4619
5048
4573
4576
4620
4574
4577
4621
4575
4578
4622
4579
4623
5052
4577
4580
4624
4578
4581
4625
4579
4582
4626
4583
4627
5056
4581
4584
4628
4582
4585
4629
4583
4586
4630
4587
4631
5060
4585
4588
4632
4586
4589
4633
4587
4590
4634
4591
4635
5064
4589
4636
4590
4637
4591
4638
4639
5068
4593
4596
5632
4594
4597
5633
4595
4598
5634
4599
5072
5635
4597
4600
5636
4598
4601
5637
4599
4602
5638
4603
5076
5639
4601
4604
5640
4602
4605
5641
4603
4606
5642
4607
5080
5643
4605
4608
5644
4606
4609
5645
4607
4610
5646
4611
5084
5647
4609
4612
5648
4610
4613
5649
4611
4614
5650
4615
5088
5651
4613
4616
5652
4614
4617
5653
4615
4618
5654
4619
5092
5655
4617
4620
5656
4618
4621
5657
4619
4622
5658
4623
5096
5659
4621
4624
5660
4622
4625
5661
4623
4626
5662
4627
5100
5663
4625
4628
5664
4626
4629
5665
4627
4630
5666
4631
5104
5667
4629
4632
5668
4630
4633
5669
4631
4634
5670
4635
5108
5671
4633
4636
5672
4634
4637
5673
4635
4638
5674
4639
5112
5675
4637
5676
4638
5677
4639
5678
5116
5679
4641
4644
4688
4642
4645
4689
4643
4646
4690
4647
4691
5120
4645
4648
4692
4646
4649
4693
4647
4650
4694
4651
4695
5124
4649
4652
4696
4650
4653
4697
4651
4654
4698
4655
4699
5128
4653
4656
4700
4654
4657
4701
4655
4658
4702
4659
4703
5132
4657
4660
4704
4658
4661
4705
4659
4662
4706
4663
4707
5136
4661
4664
4708
4662
4665
4709
4663
4666
4710
4667
4711
5140
4665
4668
4712
4666
4669
4713
4667
4670
4714
4671
4715
5144
4669
4672
4716
4670
4673
4717
4671
4674
4718
4675
4719
5148
4673
4676
4720
4674
4677
4721
4675
4678
4722
4679
4723
5152
4677
4680
4724
4678
4681
4725
4679
4682
4726
4683
4727
5156
4681
4684
4728
4682
4685
4729
4683
4686
4730
4687
4731
5160
4685
4732
4686
4733
4687
4734
4735
5164
4689
4692
4736
4690
4693
4737
4691
4694
4738
4695
4739
5168
4693
4696
4740
4694
4697
4741
4695
4698
4742
4699
4743
5172
4697
4700
4744
4698
4701
4745
4699
4702
4746
4703
4747
5176
4701
4704
4748
4702
4705
4749
4703
4706
4750
4707
4751
5180
4705
4708
4752
4706
4709
4753
4707
4710
4754
4711
4755
5184
4709
4712
4756
4710
4713
4757
4711
4714
4758
4715
4759
5188
4713
4716
4760
4714
4717
4761
4715
4718
4762
4719
4763
5192
4717
4720
4764
4718
4721
4765
4719
4722
4766
4723
4767
5196
4721
4724
4768
4722
4725
4769
4723
4726
4770
4727
4771
5200
4725
4728
4772
4726
4729
4773
4727
4730
4774
4731
4775
5204
4729
4732
4776
4730
4733
4777
4731
4734
4778
4735
4779
5208
4733
4780
4734
4781
4735
4782
4783
5212
4737
4740
4784
4738
4741
4785
4739
4742
4786
4743
4787
5216
4741
4744
4788
4742
4745
4789
4743
4746
4790
4747
4791
5220
4745
4748
4792
4746
4749
4793
4747
4750
4794
4751
4795
5224
4749
4752
4796
4750
4753
4797
4751
4754
4798
4755
4799
5228
4753
4756
4800
4754
4757
4801
4755
4758
4802
4759
4803
5232
4757
4760
4804
4758
4761
4805
4759
4762
4806
4763
4807
5236
4761
4764
4808
4762
4765
4809
4763
4766
4810
4767
4811
5240
4765
4768
4812
4766
4769
4813
4767
4770
4814
4771
4815
5244
4769
4772
4816
4770
4773
4817
4771
4774
4818
4775
4819
5248
4773
4776
4820
4774
4777
4821
4775
4778
4822
4779
4823
5252
4777
4780
4824
4778
4781
4825
4779
4782
4826
4783
4827
5256
4781
4828
4782
4829
4783
4830
4831
5260
4785
4788
4832
4786
4789
4833
4787
4790
4834
4791
4835
5264
4789
4792
4836
4790
4793
4837
4791
4794
4838
4795
4839
5268
4793
4796
4840
4794
4797
4841
4795
4798
4842
4799
4843
5272
4797
4800
4844
4798
4801
4845
4799
4802
4846
4803
4847
5276
4801
4804
4848
4802
4805
4849
4803
4806
4850
4807
4851
5280
4805
4808
4852
4806
4809
4853
4807
4810
4854
4811
4855
5284
4809
4812
4856
4810
4813
4857
4811
4814
4858
4815
4859
5288
4813
4816
4860
4814
4817
4861
4815
4818
4862
4819
4863
5292
4817
4820
4864
4818
4821
4865
4819
4822
4866
4823
4867
5296
4821
4824
4868
4822
4825
4869
4823
4826
4870
4827
4871
5300
4825
4828
4872
4826
4829
4873
4827
4830
4874
4831
4875
5304
4829
4876
4830
4877
4831
4878
4879
5308
4833
4836
4880
4834
4837
4881
4835
4838
4882
4839
4883
5312
4837
4840
4884
4838
4841
4885
4839
4842
4886
4843
4887
5316
4841
4844
4888
4842
4845
4889
4843
4846
4890
4847
4891
5320
4845
4848
4892
4846
4849
4893
4847
4850
4894
4851
4895
5324
4849
4852
4896
4850
4853
4897
4851
4854
4898
4855
4899
5328
4853
4856
4900
4854
4857
4901
4855
4858
4902
4859
4903
5332
4857
4860
4904
4858
4861
4905
4859
4862
4906
4863
4907
5336
4861
4864
4908
4862
4865
4909
4863
4866
4910
4867
4911
5340
4865
4868
4912
4866
4869
4913
4867
4870
4914
4871
4915
5344
4869
4872
4916
4870
4873
4917
4871
4874
4918
4875
4919
5348
4873
4876
4920
4874
4877
4921
4875
4878
4922
4879
4923
5352
4877
4924
4878
4925
4879
4926
4927
5356
4881
4884
4928
4882
4885
4929
4883
4886
4930
4887
4931
5360
4885
4888
4932
4886
4889
4933
4887
4890
4934
4891
4935
5364
4889
4892
4936
4890
4893
4937
4891
4894
4938
4895
4939
5368
4893
4896
4940
4894
4897
4941
4895
4898
4942
4899
4943
5372
4897
4900
4944
4898
4901
4945
4899
4902
4946
4903
4947
5376
4901
4904
4948
4902
4905
4949
4903
4906
4950
4907
4951
5380
4905
4908
4952
4906
4909
4953
4907
4910
4954
4911
4955
5384
4909
4912
4956
4910
4913
4957
4911
4914
4958
4915
4959
5388
4913
4916
4960
4914
4917
4961
4915
4918
4962
4919
4963
5392
4917
4920
4964
4918
4921
4965
4919
4922
4966
4923
4967
5396
4921
4924
4968
4922
4925
4969
4923
4926
4970
4927
4971
5400
4925
4972
4926
4973
4927
4974
4975
5404
4929
4932
4976
4930
4933
4977
4931
4934
4978
4935
4979
5408
4933
4936
4980
4934
4937
4981
4935
4938
4982
4939
4983
5412
4937
4940
4984
4938
4941
4985
4939
4942
4986
4943
4987
5416
4941
4944
4988
4942
4945
4989
4943
4946
4990
4947
4991
5420
4945
4948
4992
4946
4949
4993
4947
4950
4994
4951
4995
5424
4949
4952
4996
4950
4953
4997
4951
4954
4998
4955
4999
5428
4953
4956
5000
4954
4957
5001
4955
4958
5002
4959
5003
5432
4957
4960
5004
4958
4961
5005
4959
4962
5006
4963
5007
5436
4961
4964
5008
4962
4965
5009
4963
4966
5010
4967
5011
5440
4965
4968
5012
4966
4969
5013
4967
4970
5014
4971
5015
5444
4969
4972
5016
4970
4973
5017
4971
4974
5018
4975
5019
5448
4973
5020
4974
5021
4975
5022
5023
5452
4977
4980
5024
4978
4981
5025
4979
4982
5026
4983
5027
5456
4981
4984
5028
4982
4985
5029
4983
4986
5030
4987
5031
5460
4985
4988
5032
4986
4989
5033
4987
4990
5034
4991
5035
5464
4989
4992
5036
4990
4993
5037
4991
4994
5038
4995
5039
5468
4993
4996
5040
4994
4997
5041
4995
4998
5042
4999
5043
5472
4997
5000
5044
4998
5001
5045
4999
5002
5046
5003
5047
5476
5001
5004
5048
5002
5005
5049
5003
5006
5050
5007
5051
5480
5005
5008
5052
5006
5009
5053
5007
5010
5054
5011
5055
5484
5009
5012
5056
5010
5013
5057
5011
5014
5058
5015
5059
5488
5013
5016
5060
5014
5017
5061
5015
5018
5062
5019
5063
5492
5017
5020
5064
5018
5021
5065
5019
5022
5066
5023
5067
5496
5021
5068
5022
5069
5023
5070
5071
5500
5025
5028
5072
5026
5029
5073
5027
5030
5074
5031
5075
5504
5029
5032
5076
5030
5033
5077
5031
5034
5078
5035
5079
5508
5033
5036
5080
5034
5037
5081
5035
5038
5082
5039
5083
5512
5037
5040
5084
5038
5041
5085
5039
5042
5086
5043
5087
5516
5041
5044
5088
5042
5045
5089
5043
5046
5090
5047
5091
5520
5045
5048
5092
5046
5049
5093
5047
5050
5094
5051
5095
5524
5049
5052
5096
5050
5053
5097
5051
5054
5098
5055
5099
5528
5053
5056
5100
5054
5057
5101
5055
5058
5102
5059
5103
5532
5057
5060
5104
5058
5061
5105
5059
5062
5106
5063
5107
5536
5061
5064
5108
5062
5065
5109
5063
5066
5110
5067
5111
5540
5065
5068
5112
5066
5069
5113
5067
5070
5114
5071
5115
5544
5069
5116
5070
5117
5071
5118
5119
5548
5073
5076
5728
5074
5077
5729
5075
5078
5730
5079
5552
5731
5077
5080
5732
5078
5081
5733
5079
5082
5734
5083
5556
5735
5081
5084
5736
5082
5085
5737
5083
5086
5738
5087
5560
5739
5085
5088
5740
5086
5089
5741
5087
5090
5742
5091
5564
5743
5089
5092
5744
5090
5093
5745
5091
5094
5746
5095
5568
5747
5093
5096
5748
5094
5097
5749
5095
5098
5750
5099
5572
5751
5097
5100
5752
5098
5101
5753
5099
5102
5754
5103
5576
5755
5101
5104
5756
5102
5105
5757
5103
5106
5758
5107
5580
5759
5105
5108
5760
5106
5109
5761
5107
5110
5762
5111
5584
5763
5109
5112
5764
5110
5113
5765
5111
5114
5766
5115
5588
5767
5113
5116
5768
5114
5117
5769
5115
5118
5770
5119
5592
5771
5117
5772
5118
5773
5119
5774
5596
5775
5121
5124
5168
5122
5125
5169
5123
5126
5170
5127
5171
5125
5128
5172
5126
5129
5173
5127
5130
5174
5131
5175
5129
5132
5176
5130
5133
5177
5131
5134
5178
5135
5179
5133
5136
5180
5134
5137
5181
5135
5138
5182
5139
5183
5137
5140
5184
5138
5141
5185
5139
5142
5186
5143
5187
5141
5144
5188
5142
5145
5189
5143
5146
5190
5147
5191
5145
5148
5192
5146
5149
5193
5147
5150
5194
5151
5195
5149
5152
5196
5150
5153
5197
5151
5154
5198
5155
5199
5153
5156
5200
5154
5157
5201
5155
5158
5202
5159
5203
5157
5160
5204
5158
5161
5205
5159
5162
5206
5163
5207
5161
5164
5208
5162
5165
5209
5163
5166
5210
5167
5211
5165
5212
5166
5213
5167
5214
5215
5169
5172
5216
5170
5173
5217
5171
5174
5218
5175
5219
5173
5176
5220
5174
5177
5221
5175
5178
5222
5179
5223
5177
5180
5224
5178
5181
5225
5179
5182
5226
5183
5227
5181
5184
5228
5182
5185
5229
5183
5186
5230
5187
5231
5185
5188
5232
5186
5189
5233
5187
5190
5234
5191
5235
5189
5192
5236
5190
5193
5237
5191
5194
5238
5195
5239
5193
5196
5240
5194
5197
5241
5195
5198
5242
5199
5243
5197
5200
5244
5198
5201
5245
5199
5202
5246
5203
5247
5201
5204
5248
5202
5205
5249
5203
5206
5250
5207
5251
5205
5208
5252
5206
5209
5253
5207
5210
5254
5211
5255
5209
5212
5256
5210
5213
5257
5211
5214
5258
5215
5259
5213
5260
5214
5261
5215
5262
5263
5217
5220
5264
5218
5221
5265
5219
5222
5266
5223
5267
5221
5224
5268
5222
5225
5269
5223
5226
5270
5227
5271
5225
5228
5272
5226
5229
5273
5227
5230
5274
5231
5275
5229
5232
5276
5230
5233
5277
5231
5234
5278
5235
5279
5233
5236
5280
5234
5237
5281
5235
5238
5282
5239
5283
5237
5240
5284
5238
5241
5285
5239
5242
5286
5243
5287
5241
5244
5288
5242
5245
5289
5243
5246
5290
5247
5291
5245
5248
5292
5246
5249
5293
5247
5250
5294
5251
5295
5249
5252
5296
5250
5253
5297
5251
5254
5298
5255
5299
5253
5256
5300
5254
5257
5301
5255
5258
5302
5259
5303
5257
5260
5304
5258
5261
5305
5259
5262
5306
5263
5307
5261
5308
5262
5309
5263
5310
5311
5265
5268
5312
5266
5269
5313
5267
5270
5314
5271
5315
5269
5272
5316
5270
5273
5317
5271
5274
5318
5275
5319
5273
5276
5320
5274
5277
5321
5275
5278
5322
5279
5323
5277
5280
5324
5278
5281
5325
5279
5282
5326
5283
5327
5281
5284
5328
5282
5285
5329
5283
5286
5330
5287
5331
5285
5288
5332
5286
5289
5333
5287
5290
5334
5291
5335
5289
5292
5336
5290
5293
5337
5291
5294
5338
5295
5339
5293
5296
5340
5294
5297
5341
5295
5298
5342
5299
5343
5297
5300
5344
5298
5301
5345
5299
5302
5346
5303
5347
5301
5304
5348
5302
5305
5349
5303
5306
5350
5307
5351
5305
5308
5352
5306
5309
5353
5307
5310
5354
5311
5355
5309
5356
5310
5357
5311
5358
5359
5313
5316
5360
5314
5317
5361
5315
5318
5362
5319
5363
5317
5320
5364
5318
5321
5365
5319
5322
5366
5323
5367
5321
5324
5368
5322
5325
5369
5323
5326
5370
5327
5371
5325
5328
5372
5326
5329
5373
5327
5330
5374
5331
5375
5329
5332
5376
5330
5333
5377
5331
5334
5378
5335
5379
5333
5336
5380
5334
5337
5381
5335
5338
5382
5339
5383
5337
5340
5384
5338
5341
5385
5339
5342
5386
5343
5387
5341
5344
5388
5342
5345
5389
5343
5346
5390
5347
5391
5345
5348
5392
5346
5349
5393
5347
5350
5394
5351
5395
5349
5352
5396
5350
5353
5397
5351
5354
5398
5355
5399
5353
5356
5400
5354
5357
5401
5355
5358
5402
5359
5403
5357
5404
5358
5405
5359
5406
5407
5361
5364
5408
5362
5365
5409
5363
5366
5410
5367
5411
5365
5368
5412
5366
5369
5413
5367
5370
5414
5371
5415
5369
5372
5416
5370
5373
5417
5371
5374
5418
5375
5419
5373
5376
5420
5374
5377
5421
5375
5378
5422
5379
5423
5377
5380
5424
5378
5381
5425
5379
5382
5426
5383
5427
5381
5384
5428
5382
5385
5429
5383
5386
5430
5387
5431
5385
5388
5432
5386
5389
5433
5387
5390
5434
5391
5435
5389
5392
5436
5390
5393
5437
5391
5394
5438
5395
5439
5393
5396
5440
5394
5397
5441
5395
5398
5442
5399
5443
5397
5400
5444
5398
5401
5445
5399
5402
5446
5403
5447
5401
5404
5448
5402
5405
5449
5403
5406
5450
5407
5451
5405
5452
5406
5453
5407
5454
5455
5409
5412
5456
5410
5413
5457
5411
5414
5458
5415
5459
5413
5416
5460
5414
5417
5461
5415
5418
5462
5419
5463
5417
5420
5464
5418
5421
5465
5419
5422
5466
5423
5467
5421
5424
5468
5422
5425
5469
5423
5426
5470
5427
5471
5425
5428
5472
5426
5429
5473
5427
5430
5474
5431
5475
5429
5432
5476
5430
5433
5477
5431
5434
5478
5435
5479
5433
5436
5480
5434
5437
5481
5435
5438
5482
5439
5483
5437
5440
5484
5438
5441
5485
5439
5442
5486
5443
5487
5441
5444
5488
5442
5445
5489
5443
5446
5490
5447
5491
5445
5448
5492
5446
5449
5493
5447
5450
5494
5451
5495
5449
5452
5496
5450
5453
5497
5451
5454
5498
5455
5499
5453
5500
5454
5501
5455
5502
5503
5457
5460
5504
5458
5461
5505
5459
5462
5506
5463
5507
5461
5464
5508
5462
5465
5509
5463
5466
5510
5467
5511
5465
5468
5512
5466
5469
5513
5467
5470
5514
5471
5515
5469
5472
5516
5470
5473
5517
5471
5474
5518
5475
5519
5473
5476
5520
5474
5477
5521
5475
5478
5522
5479
5523
5477
5480
5524
5478
5481
5525
5479
5482
5526
5483
5527
5481
5484
5528
5482
5485
5529
5483
5486
5530
5487
5531
5485
5488
5532
5486
5489
5533
5487
5490
5534
5491
5535
5489
5492
5536
5490
5493
5537
5491
5494
5538
5495
5539
5493
5496
5540
5494
5497
5541
5495
5498
5542
5499
5543
5497
5500
5544
5498
5501
5545
5499
5502
5546
5503
5547
5501
5548
5502
5549
5503
5550
5551
5505
5508
5552
5506
5509
5553
5507
5510
5554
5511
5555
5509
5512
5556
5510
5513
5557
5511
5514
5558
5515
5559
5513
5516
5560
5514
5517
5561
5515
5518
5562
5519
5563
5517
5520
5564
5518
5521
5565
5519
5522
5566
5523
5567
5521
5524
5568
5522
5525
5569
5523
5526
5570
5527
5571
5525
5528
5572
5526
5529
5573
5527
5530
5574
5531
5575
5529
5532
5576
5530
5533
5577
5531
5534
5578
5535
5579
5533
5536
5580
5534
5537
5581
5535
5538
5582
5539
5583
5537
5540
5584
5538
5541
5585
5539
5542
5586
5543
5587
5541
5544
5588
5542
5545
5589
5543
5546
5590
5547
5591
5545
5548
5592
5546
5549
5593
5547
5550
5594
5551
5595
5549
5596
5550
5597
5551
5598
5599
5553
5556
5824
5554
5557
5825
5555
5558
5826
5559
5827
5557
5560
5828
5558
5561
5829
5559
5562
5830
5563
5831
5561
5564
5832
5562
5565
5833
5563
5566
5834
5567
5835
5565
5568
5836
5566
5569
5837
5567
5570
5838
5571
5839
5569
5572
5840
5570
5573
5841
5571
5574
5842
5575
5843
5573
5576
5844
5574
5577
5845
5575
5578
5846
5579
5847
5577
5580
5848
5578
5581
5849
5579
5582
5850
5583
5851
5581
5584
5852
5582
5585
5853
5583
5586
5854
5587
5855
5585
5588
5856
5586
5589
5857
5587
5590
5858
5591
5859
5589
5592
5860
5590
5593
5861
5591
5594
5862
5595
5863
5593
5596
5864
5594
5597
5865
5595
5598
5866
5599
5867
5597
5868
5598
5869
5599
5870
5871
5601
5604
5616
5676
5602
5605
5617
5677
5603
5606
5618
5678
5607
5619
5679
5772
5605
5608
5620
5606
5609
5621
5607
5610
5622
5611
5623
5773
5609
5612
5624
5610
5613
5625
5611
5614
5626
5615
5627
5774
5613
5628
5871
5614
5629
5870
5615
5630
5869
5631
5775
5868
5617
5620
5724
5920
5618
5621
5725
5921
5619
5622
5726
5922
5623
5727
5820
5923
5621
5624
5924
5622
5625
5925
5623
5626
5926
5627
5821
5927
5625
5628
5928
5626
5629
5929
5627
5630
5930
5631
5822
5931
5629
5919
5932
5630
5918
5933
5631
5917
5934
5823
5916
5935
5633
5636
5680
5634
5637
5681
5635
5638
5682
5639
5683
5728
5637
5640
5684
5638
5641
5685
5639
5642
5686
5643
5687
5732
5641
5644
5688
5642
5645
5689
5643
5646
5690
5647
5691
5736
5645
5648
5692
5646
5649
5693
5647
5650
5694
5651
5695
5740
5649
5652
5696
5650
5653
5697
5651
5654
5698
5655
5699
5744
5653
5656
5700
5654
5657
5701
5655
5658
5702
5659
5703
5748
5657
5660
5704
5658
5661
5705
5659
5662
5706
5663
5707
5752
5661
5664
5708
5662
5665
5709
5663
5666
5710
5667
5711
5756
5665
5668
5712
5666
5669
5713
5667
5670
5714
5671
5715
5760
5669
5672
5716
5670
5673
5717
5671
5674
5718
5675
5719
5764
5673
5676
5720
5674
5677
5721
5675
5678
5722
5679
5723
5768
5677
5724
5678
5725
5679
5726
5727
5772
5681
5684
5936
5682
5685
5937
5683
5686
5938
5687
5776
5939
5685
5688
5940
5686
5689
5941
5687
5690
5942
5691
5780
5943
5689
5692
5944
5690
5693
5945
5691
5694
5946
5695
5784
5947
5693
5696
5948
5694
5697
5949
5695
5698
5950
5699
5788
5951
5697
5700
5952
5698
5701
5953
5699
5702
5954
5703
5792
5955
5701
5704
5956
5702
5705
5957
5703
5706
5958
5707
5796
5959
5705
5708
5960
5706
5709
5961
5707
5710
5962
5711
5800
5963
5709
5712
5964
5710
5713
5965
5711
5714
5966
5715
5804
5967
5713
5716
5968
5714
5717
5969
5715
5718
5970
5719
5808
5971
5717
5720
5972
5718
5721
5973
5719
5722
5974
5723
5812
5975
5721
5724
5976
5722
5725
5977
5723
5726
5978
5727
5816
5979
5725
5980
5726
5981
5727
5982
5820
5983
5729
5732
5776
5730
5733
5777
5731
5734
5778
5735
5779
5824
5733
5736
5780
5734
5737
5781
5735
5738
5782
5739
5783
5828
5737
5740
5784
5738
5741
5785
5739
5742
5786
5743
5787
5832
5741
5744
5788
5742
5745
5789
5743
5746
5790
5747
5791
5836
5745
5748
5792
5746
5749
5793
5747
5750
5794
5751
5795
5840
5749
5752
5796
5750
5753
5797
5751
5754
5798
5755
5799
5844
5753
5756
5800
5754
5757
5801
5755
5758
5802
5759
5803
5848
5757
5760
5804
5758
5761
5805
5759
5762
5806
5763
5807
5852
5761
5764
5808
5762
5765
5809
5763
5766
5810
5767
5811
5856
5765
5768
5812
5766
5769
5813
5767
5770
5814
5771
5815
5860
5769
5772
5816
5770
5773
5817
5771
5774
5818
5775
5819
5864
5773
5820
5774
5821
5775
5822
5823
5868
5777
5780
5984
5778
5781
5985
5779
5782
5986
5783
5872
5987
5781
5784
5988
5782
5785
5989
5783
5786
5990
5787
5876
5991
5785
5788
5992
5786
5789
5993
5787
5790
5994
5791
5880
5995
5789
5792
5996
5790
5793
5997
5791
5794
5998
5795
5884
5999
5793
5796
6000
5794
5797
6001
5795
5798
6002
5799
5888
6003
5797
5800
6004
5798
5801
6005
5799
5802
6006
5803
5892
6007
5801
5804
6008
5802
5805
6009
5803
5806
6010
5807
5896
6011
5805
5808
6012
5806
5809
6013
5807
5810
6014
5811
5900
6015
5809
5812
6016
5810
5813
6017
5811
5814
6018
5815
5904
6019
5813
5816
6020
5814
5817
6021
5815
5818
6022
5819
5908
6023
5817
5820
6024
5818
5821
6025
5819
5822
6026
5823
5912
6027
5821
6028
5822
6029
5823
6030
5916
6031
5825
5828
5872
5826
5829
5873
5827
5830
5874
5831
5875
5829
5832
5876
5830
5833
5877
5831
5834
5878
5835
5879
5833
5836
5880
5834
5837
5881
5835
5838
5882
5839
5883
5837
5840
5884
5838
5841
5885
5839
5842
5886
5843
5887
5841
5844
5888
5842
5845
5889
5843
5846
5890
5847
5891
5845
5848
5892
5846
5849
5893
5847
5850
5894
5851
5895
5849
5852
5896
5850
5853
5897
5851
5854
5898
5855
5899
5853
5856
5900
5854
5857
5901
5855
5858
5902
5859
5903
5857
5860
5904
5858
5861
5905
5859
5862
5906
5863
5907
5861
5864
5908
5862
5865
5909
5863
5866
5910
5867
5911
5865
5868
5912
5866
5869
5913
5867
5870
5914
5871
5915
5869
5916
5870
5917
5871
5918
5919
5873
5876
6032
5874
5877
6033
5875
5878
6034
5879
6035
5877
5880
6036
5878
5881
6037
5879
5882
6038
5883
6039
5881
5884
6040
5882
5885
6041
5883
5886
6042
5887
6043
5885
5888
6044
5886
5889
6045
5887
5890
6046
5891
6047
5889
5892
6048
5890
5893
6049
5891
5894
6050
5895
6051
5893
5896
6052
5894
5897
6053
5895
5898
6054
5899
6055
5897
5900
6056
5898
5901
6057
5899
5902
6058
5903
6059
5901
5904
6060
5902
5905
6061
5903
5906
6062
5907
6063
5905
5908
6064
5906
5909
6065
5907
5910
6066
5911
6067
5909
5912
6068
5910
5913
6069
5911
5914
6070
5915
6071
5913
5916
6072
5914
5917
6073
5915
5918
6074
5919
6075
5917
6076
5918
6077
5919
6078
6079
5921
5924
5980
6080
5922
5925
5981
6081
5923
5926
5982
6082
5927
5983
6028
6083
5925
5928
6084
5926
5929
6085
5927
5930
6086
5931
6029
6087
5929
5932
6088
5930
5933
6089
5931
5934
6090
5935
6030
6091
5933
6079
6092
5934
6078
6093
5935
6077
6094
6031
6076
6095
5937
5940
6096
5938
5941
6097
5939
5942
6098
5943
5984
6099
5941
5944
6100
5942
5945
6101
5943
5946
6102
5947
5988
6103
5945
5948
6104
5946
5949
6105
5947
5950
6106
5951
5992
6107
5949
5952
6108
5950
5953
6109
5951
5954
6110
5955
5996
6111
5953
5956
6112
5954
5957
6113
5955
5958
6114
5959
6000
6115
5957
5960
6116
5958
5961
6117
5959
5962
6118
5963
6004
6119
5961
5964
6120
5962
5965
6121
5963
5966
6122
5967
6008
6123
5965
5968
6124
5966
5969
6125
5967
5970
6126
5971
6012
6127
5969
5972
6128
5970
5973
6129
5971
5974
6130
5975
6016
6131
5973
5976
6132
5974
5977
6133
5975
5978
6134
5979
6020
6135
5977
5980
6136
5978
5981
6137
5979
5982
6138
5983
6024
6139
5981
6140
5982
6141
5983
6142
6028
6143
5985
5988
6144
5986
5989
6145
5987
5990
6146
5991
6032
6147
5989
5992
6148
5990
5993
6149
5991
5994
6150
5995
6036
6151
5993
5996
6152
5994
5997
6153
5995
5998
6154
5999
6040
6155
5997
6000
6156
5998
6001
6157
5999
6002
6158
6003
6044
6159
6001
6004
6160
6002
6005
6161
6003
6006
6162
6007
6048
6163
6005
6008
6164
6006
6009
6165
6007
6010
6166
6011
6052
6167
6009
6012
6168
6010
6013
6169
6011
6014
6170
6015
6056
6171
6013
6016
6172
6014
6017
6173
6015
6018
6174
6019
6060
6175
6017
6020
6176
6018
6021
6177
6019
6022
6178
6023
6064
6179
6021
6024
6180
6022
6025
6181
6023
6026
6182
6027
6068
6183
6025
6028
6184
6026
6029
6185
6027
6030
6186
6031
6072
6187
6029
6188
6030
6189
6031
6190
6076
6191
6033
6036
6192
6034
6037
6193
6035
6038
6194
6039
6195
6037
6040
6196
6038
6041
6197
6039
6042
6198
6043
6199
6041
6044
6200
6042
6045
6201
6043
6046
6202
6047
6203
6045
6048
6204
6046
6049
6205
6047
6050
6206
6051
6207
6049
6052
6208
6050
6053
6209
6051
6054
6210
6055
6211
6053
6056
6212
6054
6057
6213
6055
6058
6214
6059
6215
6057
6060
6216
6058
6061
6217
6059
6062
6218
6063
6219
6061
6064
6220
6062
6065
6221
6063
6066
6222
6067
6223
6065
6068
6224
6066
6069
6225
6067
6070
6226
6071
6227
6069
6072
6228
6070
6073
6229
6071
6074
6230
6075
6231
6073
6076
6232
6074
6077
6233
6075
6078
6234
6079
6235
6077
6236
6078
6237
6079
6238
6239
6081
6084
6140
6082
6085
6141
6083
6086
6142
6087
6143
6188
6085
6088
6086
6089
6087
6090
6091
6189
6089
6092
6090
6093
6091
6094
6095
6190
6093
6239
6094
6238
6095
6237
6191
6236
6097
6100
6098
6101
6099
6102
6103
6144
6101
6104
6102
6105
6103
6106
6107
6148
6105
6108
6106
6109
6107
6110
6111
6152
6109
6112
6110
6113
6111
6114
6115
6156
6113
6116
6114
6117
6115
6118
6119
6160
6117
6120
6118
6121
6119
6122
6123
6164
6121
6124
6122
6125
6123
6126
6127
6168
6125
6128
6126
6129
6127
6130
6131
6172
6129
6132
6130
6133
6131
6134
6135
6176
6133
6136
6134
6137
6135
6138
6139
6180
6137
6140
6138
6141
6139
6142
6143
6184
6141
6142
6143
6188
6145
6148
6146
6149
6147
6150
6151
6192
6149
6152
6150
6153
6151
6154
6155
6196
6153
6156
6154
6157
6155
6158
6159
6200
6157
6160
6158
6161
6159
6162
6163
6204
6161
6164
6162
6165
6163
6166
6167
6208
6165
6168
6166
6169
6167
6170
6171
6212
6169
6172
6170
6173
6171
6174
6175
6216
6173
6176
6174
6177
6175
6178
6179
6220
6177
6180
6178
6181
6179
6182
6183
6224
6181
6184
6182
6185
6183
6186
6187
6228
6185
6188
6186
6189
6187
6190
6191
6232
6189
6190
6191
6236
6193
6196
6194
6197
6195
6198
6199
6197
6200
6198
6201
6199
6202
6203
6201
6204
6202
6205
6203
6206
6207
6205
6208
6206
6209
6207
6210
6211
6209
6212
6210
6213
6211
6214
6215
6213
6216
6214
6217
6215
6218
6219
6217
6220
6218
6221
6219
6222
6223
6221
6224
6222
6225
6223
6226
6227
6225
6228
6226
6229
6227
6230
6231
6229
6232
6230
6233
6231
6234
6235
6233
6236
6234
6237
6235
6238
6239
6237
6238
6239
)


// ************************************************************************* //
