                                                                               
                             
                                                                   
                                                            
                                          
                             
                                                                               
FoamFile
{
    format          ascii;
    class           volScalarField;
    location        1 / fluid;
    object          p;
}
                                                                               

dimensions      [ 1 -1 -2 0 0 0 0 ];

internalField   nonuniform List<scalar> 
4592
(
2702620.5
2702510.75
2702398.75
2702284
2702182.75
2702079.25
2701984.25
2701886.25
2701797.25
2701708.75
2701623.25
2701543.5
2701464.75
2701387.25
2701314.75
2701242.5
2701175
2701107
2701043.25
2700980
2700918
2700859
2700799.75
2700743.75
2700688.25
2700632
2700579.25
2700527
2700474.5
2700423.75
2700374.25
2700324.25
2702621.5
2702506.5
2702394.75
2702277.75
2702175.75
2702070
2701973.75
2701873.75
2701783.5
2701692.75
2701605
2701523
2701441.75
2701362
2701287
2701212.25
2701141.75
2701071
2701004
2700937.75
2700872.75
2700810.25
2700746.75
2700687.25
2700628.25
2700567.75
2700511.75
2700455.5
2700399
2700343.5
2700290.75
2700236.25
2702625
2702512.25
2702399.5
2702283.25
2702181.75
2702077.25
2701981
2701882
2701792.75
2701703
2701616.25
2701535.25
2701455
2701376.25
2701302.25
2701228.25
2701158.75
2701089
2701022.75
2700957.75
2700893.5
2700832.25
2700769.75
2700711.5
2700653.75
2700594
2700538.25
2700483
2700428
2700372.75
2700321.25
2700267
2702628.25
2702513.75
2702403
2702286.25
2702185.5
2702080.75
2701985.75
2701886.75
2701797.75
2701708.5
2701622.75
2701542.25
2701462.25
2701383.75
2701310.75
2701236.75
2701168.25
2701099.25
2701033.75
2700969.5
2700905
2700844.75
2700783.5
2700725
2700667.75
2700610
2700554.5
2700499.75
2700445.5
2700389.75
2700339.25
2700286
2702635.5
2702521.5
2702409.75
2702293.25
2702193.25
2702089.75
2701995.5
2701897.5
2701809.75
2701721.25
2701636.25
2701557.25
2701478.75
2701401.75
2701330
2701257.75
2701190.75
2701123.75
2701059.75
2700996.75
2700933.75
2700875
2700816.5
2700759.25
2700704
2700648
2700593.25
2700540.75
2700488.75
2700435
2700385.5
2700333.75
2702641
2702525.75
2702415.5
2702299.25
2702200
2702096.75
2702003.75
2701907.25
2701820
2701732.75
2701649
2701571.5
2701493.75
2701419.25
2701348.5
2701277.75
2701212
2701146.75
2701083.75
2701022.75
2700961.25
2700904
2700847.75
2700791.75
2700738.25
2700684.25
2700630.75
2700579.75
2700529.75
2700477.75
2700429.5
2700379.5
2702649.5
2702532.25
2702423.75
2702307.75
2702209
2702106.5
2702014
2701918.25
2701832.25
2701746.25
2701663.75
2701587.25
2701511.75
2701438.5
2701369.25
2701300.25
2701236.25
2701173
2701111.75
2701052.75
2700993.25
2700938.25
2700884
2700829.75
2700778.25
2700726.5
2700674.75
2700626
2700578.25
2700528.75
2700481
2700433.75
2702652.75
2702536.75
2702428.75
2702313.25
2702215.75
2702114.25
2702023.5
2701928.75
2701844
2701759.25
2701678.25
2701603
2701529.25
2701457.75
2701390
2701322.75
2701260.75
2701199.5
2701140
2701083.25
2701025.25
2700972.75
2700920.75
2700868
2700818.75
2700769.25
2700719.75
2700672.25
2700626.75
2700580
2700534.75
2700488.75
2702661.75
2702543.5
2702436.25
2702320.75
2702223.75
2702122.25
2702032.25
2701938.75
2701854.5
2701771.25
2701692
2701617.75
2701545
2701475.25
2701409.5
2701344.5
2701283.75
2701224.75
2701167
2701112.5
2701057
2701006
2700956.75
2700905.5
2700858.5
2700811.75
2700765
2700719.5
2700675.75
2700631.75
2700588.75
2700544.25
2702664.75
2702547.75
2702440.75
2702326
2702229.5
2702129.5
2702040.25
2701947.75
2701864.75
2701782.75
2701705
2701632
2701561.25
2701492.75
2701428.75
2701365.75
2701306.5
2701249.5
2701193.5
2701140.75
2701088.25
2701039
2700991.75
2700943.5
2700898
2700854
2700809.75
2700765.5
2700724.25
2700682.75
2700641.75
2700599.25
2702669.75
2702552.75
2702446.75
2702332.25
2702236.5
2702137
2702048.5
2701956.75
2701874.75
2701794.25
2701717.75
2701645.5
2701576
2701509
2701446.5
2701385.25
2701328
2701272.75
2701218.75
2701168
2701117.75
2701070.75
2701025.25
2700979.25
2700936.25
2700894.5
2700852.5
2700810.25
2700771.5
2700732.75
2700693.5
2700654
2702673.25
2702556.75
2702451.25
2702337.25
2702241.5
2702142.5
2702055
2701963.75
2701882.75
2701803.5
2701727.75
2701656.75
2701588.5
2701522.75
2701462.25
2701402.75
2701347.25
2701293.75
2701241.25
2701192.75
2701145
2701099.75
2701056.75
2701013.5
2700972.5
2700933.5
2700893.25
2700854
2700816.75
2700781.25
2700743.5
2700707.25
2702677
2702560.5
2702455.75
2702341.75
2702246.5
2702148.5
2702061.5
2701970.75
2701890.5
2701812.25
2701738
2701668
2701601.5
2701537.25
2701477.75
2701419.75
2701365.75
2701314.25
2701262.75
2701216.75
2701170.75
2701127.75
2701086.75
2701046.25
2701006.5
2700970.5
2700933
2700896.75
2700860.25
2700827.75
2700791.75
2700758.75
2702681.5
2702564.25
2702458.75
2702345.5
2702250
2702152
2702066
2701976.25
2701896.25
2701819.25
2701745.75
2701676.75
2701610.75
2701548.5
2701489.75
2701433.75
2701381.25
2701331.5
2701281.75
2701237.25
2701194
2701152.75
2701114.25
2701076.25
2701038
2701004.25
2700969.25
2700935.75
2700901
2700871.5
2700837
2700807.75
2702682.75
2702566.25
2702462.5
2702349
2702253.75
2702156.5
2702071.25
2701981.75
2701902.75
2701826.25
2701753.75
2701686
2701621
2701559.5
2701502.25
2701447.5
2701396.75
2701348
2701300
2701257.75
2701216.5
2701177
2701140.25
2701104.75
2701068.25
2701037.25
2701004
2700973.75
2700940.25
2700913.75
2700880.5
2700854.75
2702684.5
2702569.5
2702464.75
2702352.25
2702257.25
2702160.25
2702074.75
2701986.5
2701907.5
2701831
2701759.75
2701692.25
2701628
2701567.25
2701511.5
2701457.75
2701408
2701361.25
2701314.75
2701274.25
2701234.5
2701196.75
2701162.25
2701129
2701095
2701066.5
2701035.25
2701008
2700975.5
2700953
2700921
2700900.25
2702687
2702571.75
2702467
2702354.75
2702259.75
2702162.75
2702078.25
2701989.75
2701911.75
2701836.5
2701765
2701699
2701635.25
2701575.75
2701520.75
2701468
2701419.75
2701374
2701329
2701290.25
2701252.5
2701216.75
2701183.75
2701152.75
2701120.25
2701094.25
2701065.5
2701041
2701010.25
2700990.75
2700959.25
2700943.75
2702689.75
2702573.25
2702468.75
2702356.75
2702261.75
2702165.25
2702080.75
2701992.75
2701914.75
2701839.75
2701769.75
2701703.25
2701640.75
2701581.75
2701527.25
2701475
2701428.5
2701384
2701340.75
2701303
2701266.75
2701232.25
2701201.75
2701172.75
2701142.25
2701118.75
2701092.25
2701070.75
2701041.75
2701025.5
2700994.75
2700984.25
2702691
2702574.75
2702470.75
2702358.5
2702263.75
2702167.75
2702083.25
2701995.75
2701918.25
2701843.75
2701773.25
2701708
2701645.75
2701587.5
2701533.75
2701482.75
2701436.75
2701393.75
2701351
2701315.25
2701280.25
2701247.25
2701218
2701191.25
2701163.25
2701142
2701116.75
2701098.75
2701070.75
2701057.75
2701027.5
2701023.5
2702692.25
2702575.75
2702471.75
2702359.75
2702264.75
2702168.5
2702084.25
2701996.75
2701919.75
2701845.5
2701775.75
2701710.75
2701649.25
2701591.5
2701538.5
2701487.75
2701442.75
2701400.5
2701359.5
2701324
2701290.5
2701259
2701231.75
2701206.75
2701180.5
2701161.5
2701138.25
2701123.5
2701097.25
2701088.75
2701058
2701060.75
2702693.75
2702577.5
2702473.5
2702361.75
2702266.75
2702171
2702086.75
2701999.75
2701922.75
2701848.5
2701779.25
2701714.25
2701653
2701595.75
2701543.25
2701493.75
2701449.25
2701407.5
2701366.75
2701333
2701300.75
2701270.75
2701244.25
2701221.5
2701196.5
2701179.75
2701158
2701146.25
2701120.75
2701116.5
2701084.75
2701095.5
2702693.75
2702577.75
2702473.5
2702361.5
2702267
2702171
2702086.75
2701999.75
2701922.75
2701849.25
2701780.25
2701715.75
2701654.75
2701597.75
2701545.5
2701496.75
2701452.5
2701411.75
2701371.75
2701338.75
2701307.25
2701278.25
2701253.75
2701232
2701208.75
2701194.25
2701174.5
2701166.25
2701142.25
2701142.75
2701111
2701130
2702695
2702579.25
2702474.75
2702362.75
2702268.75
2702172.75
2702088.75
2702001.75
2701924.75
2701851.5
2701782.75
2701718.75
2701658
2701601.5
2701549.5
2701500.75
2701457.25
2701417.25
2701377.75
2701345.5
2701315
2701287
2701263.25
2701243.5
2701221
2701208.25
2701189.75
2701184.75
2701161.25
2701166.75
2701133
2701160.25
2702696
2702579.75
2702474.75
2702362.75
2702268.25
2702172.5
2702088.5
2702001.75
2701924.25
2701850.75
2701782
2701718.25
2701657.5
2701600.75
2701549.25
2701500.75
2701457.5
2701417.5
2701378.5
2701346.75
2701317.5
2701290
2701267.25
2701248.75
2701227.75
2701217
2701199.75
2701197.75
2701176.25
2701187
2701152.75
2701190
2702696
2702581.25
2702475.75
2702364
2702269.5
2702174.25
2702090.5
2702003.75
2701926.75
2701853.75
2701785.25
2701721.5
2701661
2701605.5
2701553.75
2701506.25
2701463
2701423.75
2701385.5
2701354.25
2701325.25
2701298.75
2701276.75
2701259
2701239.25
2701229.75
2701214
2701214
2701193
2701207.75
2701171.25
2701215.75
2702697
2702580.25
2702474.75
2702362.75
2702267.75
2702172.5
2702088.5
2702001.75
2701924.75
2701851.25
2701782.25
2701718.5
2701657.75
2701601.75
2701550.25
2701502.25
2701459.25
2701419.75
2701381.75
2701350.75
2701321.75
2701295.5
2701274
2701257
2701238.25
2701229.75
2701214.75
2701217
2701197.25
2701217
2701180.75
2701235.25
2702697.5
2702582.75
2702476.75
2702365.25
2702270.75
2702175.75
2702092
2702005.75
2701929.5
2701856.5
2701788
2701724.75
2701665
2701609.5
2701558.5
2701510.25
2701468.5
2701429.75
2701392.25
2701362
2701334
2701308.75
2701287.75
2701272
2701253.5
2701246.5
2701232.25
2701236.5
2701216
2701239.25
2701199.75
2701259.75
2702698.5
2702583
2702475.75
2702363.75
2702268.75
2702173
2702089.25
2702002.5
2701925.75
2701851.75
2701783
2701718.75
2701658.75
2701602.75
2701550.75
2701502.75
2701459.75
2701420
2701381.75
2701350.5
2701321.5
2701294.5
2701273
2701255.75
2701236.75
2701228
2701212.25
2701215.5
2701194
2701217
2701177.75
2701244.5
2700275.5
2700224.75
2700177.5
2700125.5
2700070.75
2700015.75
2699961.75
2699903.75
2699848.75
2699779.75
2699722
2699654.25
2699590.25
2699518.25
2699445.75
2699368.75
2699291
2699208.25
2699121.25
2699030.75
2698937.75
2698839.75
2698736.75
2698627
2698513.75
2698396.25
2698272
2698141.5
2698006
2697862.25
2697708.75
2697547
2697375.75
2697194.75
2697003.25
2696801.5
2696586.25
2696356
2696108.75
2695845.25
2695565
2695265.75
2694945.25
2694599
2694228.75
2693826.75
2693396.25
2692930
2692426.5
2691884.25
2691295.25
2690657.5
2689961
2689204.75
2688376.75
2687475
2686484.25
2685399.75
2684208.25
2682894.75
2681449.25
2679841.75
2678071.25
2676102.75
2673908
2671464.25
2668729.25
2665657
2662208.75
2658320
2653923.25
2648941
2643282
2636814.5
2629461.5
2620992.5
2611145.75
2599659.5
2586212
2570431.5
2551918.75
2530241
2504789.5
2477728
2440745.75
2396352.25
2345444.5
2288144
2223310.25
2143116
2047355.5
1939946.375
2700183.75
2700128.5
2700078.75
2700022.5
2699960.75
2699901.75
2699844
2699780.25
2699720.75
2699638.75
2699581.25
2699504.25
2699434.75
2699354.75
2699274
2699188
2699100.5
2699008
2698911.5
2698810.75
2698707.5
2698597.75
2698482.5
2698361.5
2698235.75
2698104.75
2697965
2697819.5
2697667.5
2697506.25
2697334.75
2697153
2696961.25
2696757.75
2696543
2696315.75
2696073.75
2695815.75
2695538.25
2695242.75
2694927.25
2694590.75
2694231
2693842.5
2693426.5
2692975.5
2692493
2691969.75
2691405.25
2690795
2690135
2689419
2688640.75
2687792.25
2686867.75
2685854.75
2684747.75
2683533.75
2682203.75
2680735
2679120.75
2677332.75
2675356.5
2673163.75
2670728.25
2668007.75
2664973.75
2661571.5
2657754.75
2653456.5
2648608.5
2643121
2636900.5
2629801.5
2621750.25
2612462
2601656
2589062.25
2574399.25
2557272.5
2537368
2514294
2487575
2459257.5
2419504.25
2373175.5
2321323.25
2263533.25
2197726.25
2115728.5
2019804.625
1914545.625
2700216.75
2700160
2700112.25
2700056.5
2699992.75
2699935.75
2699878.75
2699815.75
2699760
2699669.75
2699619.5
2699540.75
2699474
2699392.75
2699313.25
2699226.5
2699139.75
2699047.25
2698950.75
2698850.75
2698747.75
2698639
2698524.5
2698403.25
2698278.25
2698147.75
2698009.5
2697864.75
2697713.25
2697553
2697382.5
2697201.5
2697010.75
2696808.75
2696594
2696367.75
2696127.5
2695870.25
2695593.75
2695299.75
2694985.75
2694649.75
2694291.75
2693905.25
2693490.25
2693041.75
2692560
2692039.5
2691476.5
2690866.25
2690209
2689493.25
2688719.25
2687870
2686948.75
2685936
2684832.75
2683618
2682290.25
2680820.75
2679207.75
2677419
2675445.75
2673248.25
2670811.75
2668085.25
2665046.5
2661635.25
2657812.5
2653500.25
2648638.25
2643127.5
2636879.5
2629740.25
2621662.25
2612304
2601389.5
2588633.75
2573766.25
2556413.25
2536278.75
2512992.5
2486054.5
2458420.75
2417311.25
2370083
2318038.75
2260509
2194905.25
2111263.25
2013614.25
1907471.75
2700236.75
2700180.5
2700133.75
2700077.75
2700011.5
2699956
2699900
2699835
2699783
2699685
2699641
2699558.75
2699494
2699410.75
2699331.75
2699243
2699155.25
2699061.75
2698965.25
2698865.5
2698760.75
2698652.75
2698537.5
2698415.75
2698289.75
2698159.25
2698021
2697875
2697723
2697562.75
2697391.75
2697210.75
2697020.5
2696818.25
2696603.5
2696376.75
2696136
2695879
2695603
2695309.25
2694995.5
2694660
2694302.75
2693916.75
2693503
2693055
2692575.25
2692055.5
2691495.75
2690887
2690232.75
2689519.75
2688748.75
2687902.25
2686986.25
2685977.75
2684880
2683671.25
2682348.75
2680888.75
2679283.5
2677503.75
2675540.75
2673354.25
2670926.75
2668214.25
2665191.75
2661794
2657990.75
2653691.75
2648851.5
2643352.75
2637120
2629994.75
2621940.5
2612583.5
2601612.5
2588755
2573735.25
2556190.25
2535826
2512334
2485155.5
2458330.75
2415636.5
2367060.75
2314383.5
2256730.5
2190859.75
2104759
2004269.625
1896469.625
2700286.75
2700232.25
2700186
2700131.75
2700065.25
2700011
2699957.25
2699892.75
2699844.75
2699740.75
2699704
2699618.75
2699557.25
2699475.25
2699397.25
2699309.25
2699222
2699129.25
2699033.5
2698935.5
2698832
2698725.25
2698612.75
2698492.25
2698368.5
2698239.75
2698103.5
2697960.5
2697810.5
2697652.75
2697485.5
2697306.5
2697119
2696920.25
2696709
2696486.75
2696250
2695997
2695726.5
2695438
2695129.75
2694800.25
2694449.25
2694070.25
2693664.25
2693224.75
2692754
2692243.5
2691694.5
2691097.5
2690456.5
2689756.25
2689000
2688169.75
2687270
2686279.5
2685205.25
2684018
2682720.75
2681287.25
2679711.75
2677964.75
2676037.5
2673888.5
2671505.75
2668838.75
2665866.75
2662527.25
2658783
2654552.25
2649780
2644360
2638208.5
2631167.5
2623222.25
2613957.5
2603043.5
2590201.25
2575154.25
2557552.5
2537095.5
2513499
2486178.75
2460329.5
2416155.25
2366258.25
2312894.25
2255039.5
2188860.75
2100112.75
1996433.875
1886071.75
2700334.75
2700281.75
2700237.25
2700183.5
2700116.75
2700065.25
2700013.5
2699947.75
2699902.75
2699794
2699763.75
2699676.75
2699618
2699535.75
2699460
2699372.75
2699285.5
2699193.25
2699099.5
2699002.5
2698899.75
2698795
2698683.5
2698565.75
2698443.25
2698316.25
2698183.25
2698041.75
2697894
2697739.25
2697575
2697400.5
2697215.75
2697020.75
2696813.5
2696594.75
2696362.25
2696114.75
2695850.75
2695568.25
2695266.5
2694943.25
2694600
2694229.75
2693832.5
2693402.5
2692941.75
2692444
2691907.25
2691325.75
2690697.75
2690014.75
2689275.75
2688465.25
2687587.75
2686621.75
2685572.75
2684413
2683146.25
2681748.75
2680208
2678505.25
2676620.75
2674522
2672193.5
2669590.5
2666682.75
2663417.25
2659752.75
2655613.25
2650931.25
2645622.25
2639581.25
2632665
2624860.25
2615743.25
2604932.5
2592175.25
2577164.25
2559575.25
2539077
2515445
2487988.75
2463189.25
2417506.5
2366202.5
2311965
2253708.75
2187018.75
2095160.5
1987622.625
1874313.125
2700391.75
2700341.25
2700298.25
2700245.75
2700178.75
2700129
2700080
2700014.75
2699972.75
2699860.5
2699836
2699748.75
2699691.75
2699610
2699536.25
2699449.75
2699363
2699272
2699180.25
2699085.75
2698985
2698881.25
2698772.75
2698657.75
2698536.75
2698412.5
2698282
2698143.75
2697998.5
2697847
2697687
2697516.5
2697335.25
2697144.5
2696942.75
2696728
2696501.5
2696260.75
2696003.75
2695728.75
2695434.5
2695119.75
2694784.25
2694424.75
2694037
2693619.25
2693171
2692686.5
2692165
2691599
2690988
2690323.5
2689605.75
2688818.75
2687965.5
2687026
2686006.5
2684879.25
2683648.5
2682288.75
2680793.75
2679134.5
2677305.5
2675262.75
2672997.5
2670467.5
2667635.75
2664455.5
2660889.5
2656847.5
2652286.5
2647100.5
2641202.5
2634429.25
2626804
2617866.25
2607205.5
2594597.25
2579682
2562168.75
2541705
2518100
2490552
2466831.25
2419697.5
2366963.5
2311749.75
2252959.75
2185572.25
2090426.125
1978687.25
1861219
2700448
2700400.75
2700359.25
2700307
2700240.75
2700193.5
2700146.5
2700082.25
2700041.75
2699926
2699907.25
2699819.5
2699764.75
2699683.5
2699611.75
2699526
2699441.25
2699350.5
2699259.25
2699167.25
2699068.75
2698966.75
2698860.75
2698747.75
2698629.75
2698507.75
2698380.25
2698244.75
2698102.75
2697954.75
2697797.75
2697631
2697454.75
2697269
2697072.75
2696863.75
2696642
2696408
2696157.5
2695889.75
2695603.5
2695297.5
2694971.25
2694621.25
2694244.5
2693839.25
2693403
2692933.25
2692427.25
2691878
2691285
2690640.75
2689943.75
2689181.5
2688352.75
2687442.5
2686452.75
2685360
2684167.5
2682849
2681400
2679790.5
2678017.25
2676036.25
2673840.75
2671381.25
2668636.25
2665549.5
2662083
2658158.25
2653719.25
2648674.25
2642930.25
2636326.5
2628892.5
2620158.25
2609694.25
2597260.25
2582509.25
2565131.75
2544753.5
2521239.25
2493639.5
2471030.75
2422487
2368331.75
2312011.5
2252584
2184283.5
2085543.375
1969222.625
1847667.5
2700505.75
2700461.75
2700420.75
2700370.75
2700304.75
2700259.5
2700214
2700150.75
2700112
2699994
2699980.25
2699892.5
2699840.75
2699758.5
2699689.25
2699604
2699521.5
2699431
2699342.25
2699251.75
2699155
2699054.75
2698950.5
2698840.5
2698725
2698605.5
2698480.75
2698348.75
2698210.25
2698064.75
2697911.75
2697749
2697578.25
2697398
2697206.25
2697002.75
2696786.75
2696558.75
2696315.25
2696055.75
2695777.25
2695479.75
2695162.75
2694822.75
2694457
2694063.75
2693640.25
2693186
2692694.75
2692162.75
2691588
2690963.75
2690288.5
2689549.25
2688746.75
2687865.75
2686906.25
2685849.5
2684694.75
2683418.5
2682015.75
2680457.25
2678739.75
2676824.5
2674692.75
2672315
2669654.75
2666665.25
2663298.75
2659499.25
2655187.75
2650295.5
2644708.25
2638289
2631053
2622553.5
2612294.5
2600091.5
2585534.25
2568358.75
2548124.25
2524760.25
2497159.5
2475673
2425824.75
2370252.5
2312744
2252561
2183205.25
2080682.125
1959161.25
1832715.5
2700562
2700521.75
2700481.75
2700434.25
2700367.25
2700323.75
2700280.75
2700218.25
2700181.75
2700061.75
2700051.25
2699963.5
2699914.75
2699831.75
2699763.75
2699680.5
2699599.25
2699510.25
2699421.75
2699334
2699239.5
2699140.5
2699037.75
2698929.75
2698816.75
2698699.75
2698578
2698449.75
2698314.25
2698171.5
2698021.75
2697864
2697698.5
2697522.75
2697336.5
2697137.75
2696926.75
2696705.75
2696469
2696216.25
2695946.25
2695656.75
2695349
2695018.75
2694664
2694282.5
2693873
2693432.5
2692955.75
2692440
2691883.75
2691279.25
2690624.75
2689909.75
2689132.25
2688279.5
2687350.5
2686328.75
2685210.75
2683977.75
2682618.25
2681114.75
2679448.5
2677599.5
2675532.5
2673238.75
2670655.25
2667771.75
2664497.5
2660834.5
2656639.5
2651912.5
2646474.75
2640260.5
2633219.25
2624975.5
2614929.25
2603003
2588655
2571754.25
2551691.75
2528570
2500989.75
2480652.5
2429611.75
2372671.5
2313908
2252844
2182256.5
2075792.5
1949058
1816410.125
2700617.5
2700581
2700541.5
2700496.5
2700429
2700387.5
2700346.25
2700284
2700250
2700127.75
2700120.75
2700033
2699986.75
2699904.25
2699837
2699754.5
2699675
2699587.25
2699500.25
2699413.75
2699321.25
2699225.25
2699123.25
2699017.75
2698906.75
2698791.75
2698673.25
2698547.75
2698415.75
2698276.75
2698129.75
2697976
2697814.75
2697643.75
2697462
2697269.5
2697063.75
2696848
2696618
2696372.25
2696109.75
2695829
2695529.75
2695208.25
2694864
2694494.75
2694097.5
2693670.75
2693208.75
2692708.75
2692170
2691585.5
2690949.25
2690259
2689503.25
2688681.25
2687778.5
2686795.5
2685708
2684520.25
2683199.25
2681750.75
2680131.75
2678349.25
2676346.5
2674132.5
2671626.5
2668842.75
2665668.75
2662127.25
2658059.5
2653491
2648204
2642196.5
2635351
2627365.5
2617549.25
2605919.25
2591819
2575225.25
2555401.5
2532559.75
2505084
2485863.75
2433833.75
2375525.75
2315512.25
2253378.5
2181538.5
2070739.125
1938675.25
1799953.875
2700670.5
2700637.75
2700598.5
2700556.25
2700490
2700448.5
2700408.5
2700347.75
2700315.75
2700191.75
2700187.25
2700099.75
2700055.75
2699974
2699906.75
2699825
2699747.5
2699661
2699575
2699489.5
2699398.75
2699304.75
2699205.75
2699100.75
2698992.75
2698880.25
2698762.75
2698640.25
2698511.75
2698376.25
2698233
2698081.75
2697924.75
2697758.5
2697581.5
2697393.75
2697193.75
2696983.25
2696759.25
2696520.75
2696265
2695992.25
2695700.75
2695388.5
2695054
2694696.75
2694311.5
2693897
2693449.75
2692964.5
2692442.25
2691875.75
2691258.75
2690590.5
2689857.75
2689062.5
2688188.25
2687237.25
2686184
2685034.75
2683756
2682353.75
2680786.75
2679063.25
2677124.75
2674982.75
2672557.25
2669863.75
2666791.75
2663364.5
2659426.25
2655002.25
2649881.5
2644057
2637427.5
2629675.5
2620128.25
2608768.5
2594984.25
2578692.5
2559186.25
2536653
2509373.25
2491205.25
2438447.5
2378779.5
2317524
2254173.25
2180958.5
2065789.125
1927743.25
1782405.625
2700721.75
2700693.25
2700653.75
2700614.75
2700548.5
2700508
2700469.75
2700409.75
2700378
2700254.25
2700251.75
2700163.75
2700121.25
2700040
2699974.5
2699892.25
2699816.25
2699731
2699646.75
2699561.75
2699472.75
2699380.5
2699282.75
2699180.5
2699073.75
2698962.75
2698847.75
2698728
2698602.75
2698470.75
2698330.75
2698183.5
2698028.75
2697866.75
2697694.75
2697511.75
2697317
2697111.25
2696893
2696660.75
2696412.5
2696146.25
2695862.75
2695559.5
2695234.25
2694888
2694513.75
2694111.75
2693676.75
2693207
2692698.75
2692149.5
2691550.75
2690902.75
2690191.75
2689422
2688575
2687653.75
2686633
2685520.25
2684280.75
2682924
2681406.75
2679738.75
2677861.25
2675786.75
2673438.5
2670829.75
2667856.5
2664538.5
2660724.25
2656440.5
2651480.25
2645829.5
2639420.25
2631886.5
2622619.75
2611534.5
2598089.25
2582115
2562985.25
2540783.5
2513785
2496629.25
2443352
2382487.75
2319849.5
2255294.75
2180419.25
2061071.75
1916751
1763394.875
2700771.25
2700746.5
2700706.75
2700670.25
2700604.75
2700566
2700527.25
2700467.75
2700437.75
2700313.5
2700313.25
2700224
2700184
2700103
2700039
2699956.5
2699880.5
2699796.75
2699714.25
2699630
2699541.75
2699451.75
2699356.25
2699255.75
2699150.75
2699041.75
2698928
2698810.25
2698687.75
2698559
2698423
2698279
2698127
2697968
2697800.5
2697622.25
2697432.75
2697232
2697018.75
2696792.5
2696550
2696291.75
2696016
2695720.75
2695404.5
2695067.5
2694703.75
2694312.75
2693889.75
2693433.5
2692939.25
2692406.25
2691823.75
2691194.75
2690505.25
2689759.5
2688937.75
2688044.75
2687055
2685975.25
2684773.5
2683459.5
2681988.25
2680371.5
2678551.5
2676541
2674265.25
2671738
2668859.75
2665638
2661952.5
2657788.75
2652997
2647506.5
2641308.5
2633992
2624993
2614197.75
2601078.5
2585473.25
2566718.5
2544927.75
2518232.75
2502078
2448500
2386589.25
2322516.25
2256661.25
2179975.75
2056383.125
1905906.25
1743644.875
2700818.75
2700798.25
2700756.75
2700724.75
2700658.75
2700622.75
2700583
2700524.5
2700495.25
2700370.5
2700372.25
2700281.75
2700242.75
2700162.25
2700099.75
2700016.75
2699941.75
2699859
2699777.5
2699694.75
2699607.5
2699518.25
2699424.75
2699326.75
2699222.75
2699115.75
2699004.5
2698887.75
2698767.5
2698641.75
2698508.75
2698368
2698219.5
2698063.5
2697899.75
2697726
2697540.5
2697344.25
2697136.75
2696914.75
2696678.5
2696426.75
2696158.25
2695871.25
2695563.5
2695234.75
2694880.75
2694500.5
2694089
2693645.75
2693164.75
2692645.5
2692079.75
2691468.75
2690798.75
2690074.5
2689276.75
2688409.75
2687448.5
2686400.5
2685234.75
2683958.75
2682531.25
2680961.75
2679197.25
2677242.75
2675043.25
2672582.5
2669799.75
2666669.75
2663097
2659061
2654410.25
2649087.25
2643077
2635984.5
2627228.75
2616741.5
2603933.25
2588726.25
2570351.25
2549030.25
2522666.25
2507490.25
2453846.75
2391075.75
2325493.25
2258275
2179602.75
2051792.5
1894973.625
1723526.5
2700863
2700847.25
2700804.75
2700775.75
2700710.5
2700676.5
2700636.5
2700577.75
2700549.75
2700424
2700427.75
2700336.25
2700298.5
2700218.25
2700156.5
2700074.5
2699999.5
2699917
2699836.5
2699755.25
2699668.75
2699581
2699488.5
2699392
2699290.25
2699185
2699076
2698961
2698842.25
2698719
2698589
2698451.25
2698305.75
2698152.25
2697991.75
2697822
2697641.25
2697449.75
2697245.25
2697029.5
2696799.5
2696554
2696292
2696011.75
2695711.75
2695390.75
2695045.75
2694675
2694274.25
2693843
2693374.25
2692869.5
2692318.5
2691724
2691072.25
2690368
2689592
2688748.75
2687814.75
2686795.75
2685663
2684422.25
2683035.5
2681508.5
2679797.75
2677897
2675759.75
2673377
2670665
2667636.5
2664158.5
2660249.5
2655727.25
2650569
2644724.25
2637855.25
2629329
2619139.5
2606652.5
2591832.25
2573872.75
2553024
2527070.25
2512765
2459402.25
2395849.5
2328832.75
2260027
2179369.25
2047333.875
1884082.125
1702340.25
2700905.5
2700896
2700849.75
2700825.75
2700759.25
2700727.75
2700688
2700629
2700601
2700475.25
2700480.25
2700388.5
2700350.75
2700270
2700209.75
2700127.5
2700053
2699971
2699891.75
2699811.5
2699725.75
2699638.75
2699547.75
2699452.75
2699352.5
2699249.25
2699142
2699029.25
2698911.75
2698790.25
2698662.75
2698527.75
2698385.75
2698234.75
2698077.5
2697911.25
2697734.75
2697546.75
2697346.25
2697135
2696910.75
2696671.5
2696415.75
2696142
2695848.75
2695535.25
2695198
2694836.25
2694445.75
2694025.25
2693568.5
2693076.5
2692539.5
2691960.5
2691326.75
2690640.5
2689884.75
2689063.75
2688154
2687162
2686059.75
2684851.75
2683503
2682018.75
2680352
2678508.75
2676426.25
2674109.75
2671474.75
2668528.5
2665149.25
2661348
2656954.5
2651940.25
2646264
2639590.5
2631294.5
2621387.5
2609217.75
2594780.25
2577250.25
2556887.75
2531395.25
2517878.5
2465082.5
2400925.25
2332477.75
2261959.5
2179128.5
2043152.875
1873376.125
1680031
2700945
2700943
2700892.75
2700874.5
2700806.75
2700777.75
2700737.25
2700678.75
2700650.5
2700523.5
2700530.75
2700438
2700400.75
2700319.75
2700259.75
2700178.25
2700104.5
2700021.75
2699943.25
2699864
2699780.25
2699693.5
2699603.5
2699509.75
2699411.75
2699309.25
2699203.75
2699093.5
2698977.25
2698857.5
2698731.75
2698599.75
2698460.5
2698312.75
2698157.5
2697995
2697822
2697638
2697441.75
2697233.75
2697014.5
2696780.5
2696530.25
2696263.75
2695975.75
2695669.75
2695340.25
2694986.75
2694605.25
2694194.25
2693748.75
2693268.75
2692745.25
2692180.75
2691562.5
2690893
2690156.25
2689355
2688469.75
2687502
2686427.75
2685250.75
2683936.75
2682490.25
2680867.5
2679071.25
2677044.5
2674788.75
2672223
2669355.75
2666066.25
2662367
2658092.25
2653212.5
2647693.25
2641201.25
2633128.75
2623480.25
2611627.5
2597559
2580464.75
2560594.25
2535607
2522788
2470839.75
2406271
2336401.75
2264034.75
2178895.5
2039207.875
1863031.375
1656640.125
2700981.25
2700988.5
2700933.75
2700920.75
2700851.25
2700825
2700783.75
2700725
2700696
2700567.75
2700576.75
2700483
2700446.75
2700364.25
2700305.75
2700224.25
2700151
2700068
2699990
2699912
2699828.75
2699742.5
2699653.75
2699561.75
2699464.5
2699364
2699260
2699151
2699037
2698917.75
2698794.75
2698665
2698528
2698383.75
2698230.75
2698070.25
2697901
2697721
2697529
2697324.75
2697109.25
2696880.5
2696635.75
2696374.5
2696093.25
2695792.75
2695469.75
2695124.25
2694750.75
2694348.75
2693914.25
2693445.75
2692934.75
2692383.25
2691779.25
2691125.25
2690406
2689623.5
2688759
2687814.75
2686767.5
2685618.5
2684337
2682925.5
2681343
2679590.75
2677614.25
2675414.75
2672914.5
2670118.75
2666914.25
2663307.5
2659144.25
2654387.25
2649014.25
2642689.5
2634828
2625423.5
2613877.25
2600163.25
2583503.75
2564124.5
2539676
2527458.25
2476633.5
2411844.5
2340602.25
2266218.5
2178624.25
2035524.25
1853181.375
1632084.5
2701016.5
2701033.5
2700973.75
2700967.5
2700895
2700871.75
2700829.25
2700772
2700741.5
2700611.75
2700622.75
2700527
2700492
2700408.25
2700349.75
2700269
2700195.25
2700112.75
2700035.5
2699958.25
2699875.75
2699790.75
2699702
2699611
2699515.5
2699416.25
2699313.75
2699207
2699094.75
2698976.75
2698854.75
2698727.75
2698593.25
2698451.25
2698300.75
2698143
2697976.75
2697799.75
2697611.5
2697411.75
2697199.25
2696974.75
2696735.25
2696478.75
2696203.75
2695908.75
2695592
2695253.5
2694888
2694495
2694069.5
2693610.75
2693111.75
2692572.25
2691981.25
2691341.5
2690637.75
2689872.75
2689028.5
2688105.25
2687082
2685958.75
2684707.75
2683328.5
2681783.75
2680071.75
2678142.75
2675994.25
2673554.75
2670824.5
2667699
2664177.5
2660117.25
2655472.5
2650236
2644064
2636401.5
2627223.25
2615972.75
2602591.5
2586366.5
2567465.5
2543584.5
2531869.25
2482415.25
2417619
2345059
2268501
2178289.75
2032109.75
1843930.125
1606541.5
2701046.75
2701075.75
2701009.75
2701010.25
2700934.75
2700914.75
2700870.5
2700813.25
2700781.75
2700648.75
2700661.5
2700564.75
2700530.75
2700446
2700387.75
2700307
2700234.25
2700151.5
2700074
2699997.5
2699915.75
2699831.75
2699743.5
2699653
2699558
2699460.75
2699359.5
2699254.5
2699143.75
2699028
2698906.75
2698781.25
2698649.25
2698509.25
2698361.5
2698205.75
2698042.75
2697869.75
2697684.75
2697487.75
2697278.75
2697058.75
2696824
2696572
2696302
2696013.5
2695701.75
2695369.5
2695011.75
2694626.75
2694209.75
2693760
2693271.75
2692742.25
2692164.5
2691537.75
2690849.75
2690100
2689274
2688370
2687369.5
2686270
2685047.25
2683697.25
2682187.75
2680512
2678627.5
2676525.5
2674143.5
2671472.5
2668420.75
2664976.25
2661013.25
2656471.25
2651360.5
2645327.5
2637853.25
2628883.25
2617915
2604843.25
2589044.25
2570604.75
2547310.75
2536001
2488135.75
2423550.5
2349741
2270847.75
2177852.5
2028926.125
1835338.5
1579902.25
2701076.75
2701120.5
2701045.75
2701055.75
2700976.75
2700959.75
2700914.25
2700856.75
2700824.5
2700688.75
2700703.5
2700605.75
2700572.25
2700486.75
2700428.25
2700347.75
2700275.25
2700193.5
2700115.25
2700039.5
2699958
2699874.75
2699787.5
2699697.75
2699603.5
2699507.5
2699407.75
2699304
2699195.75
2699081.5
2698961
2698837.25
2698707.5
2698569.75
2698424.75
2698270.5
2698109.75
2697939
2697757.5
2697564.25
2697358.75
2697142
2696910.75
2696663.75
2696398.5
2696115
2695809.75
2695483.75
2695132.75
2694755
2694346
2693904.75
2693424.75
2692905.75
2692339.75
2691724.25
2691050.25
2690315
2689506
2688620.25
2687640.75
2686563
2685365.75
2684043
2682565.75
2680924.75
2679080.25
2677022
2674691.25
2672076.75
2669091.75
2665719.25
2661845.25
2657398.5
2652401.5
2646498.5
2639196.5
2630419
2619716.75
2606938
2591544.75
2573559.75
2550846
2539859
2493763.5
2429629.75
2354649.75
2273278
2177322.5
2026068.125
1827627.875
1552176.75
2701100.5
2701160.75
2701075.75
2701094.25
2701011.5
2700997.25
2700949.5
2700892
2700857.75
2700718.25
2700734.5
2700634.75
2700601.75
2700516.5
2700457.75
2700377
2700304.5
2700222.75
2700144.75
2700069.5
2699988.5
2699906
2699819.5
2699729.75
2699637.25
2699541.25
2699443.25
2699340.5
2699233.5
2699121
2699002
2698879.25
2698751.25
2698615.75
2698472.75
2698320.5
2698162.5
2697994.75
2697815.75
2697625
2697423.25
2697210.25
2696982.75
2696739
2696478.5
2696199.25
2695899.5
2695578.5
2695234.25
2694862.75
2694460.75
2694027
2693556.5
2693045.25
2692489.75
2691885
2691225
2690501.75
2689709.75
2688838.75
2687879.75
2686820.5
2685649.5
2684349
2682904
2681291.25
2679488.25
2677465.75
2675188.5
2672618.75
2669701.5
2666388.25
2662603.25
2658235.5
2653353
2647554.25
2640427.75
2631813
2621372.5
2608850
2593857.75
2576282.25
2554173.5
2543401.5
2499234.5
2435744.25
2359704.75
2275666.75
2176596.75
2023279.75
1820615.125
1523152.625
2701125.5
2701205.5
2701109.75
2701138.25
2701053.75
2701041.5
2700994.25
2700935.25
2700900.75
2700757.75
2700775.5
2700675.5
2700641.75
2700556.75
2700497.75
2700417.25
2700344.75
2700263.75
2700185.75
2700110.5
2700030.75
2699948.25
2699862.75
2699774.25
2699682.75
2699587.25
2699489.5
2699388.75
2699282.75
2699171.75
2699055.25
2698933.5
2698806.75
2698673.5
2698532.5
2698382.75
2698225.75
2698060.75
2697884.75
2697697.5
2697498.75
2697288.75
2697064.75
2696824.75
2696568
2696293.75
2695999.5
2695684.25
2695345.75
2694980.75
2694586.5
2694159.75
2693697
2693194.75
2692649
2692054.75
2691406.25
2690696.25
2689918.75
2689063.5
2688122.75
2687082.5
2685933
2684656.75
2683239.25
2681656.75
2679888.5
2677904
2675669.75
2673149
2670288.75
2667038.25
2663328
2659044
2654254.75
2648567.75
2641585.5
2633144.25
2622923
2610671.5
2596026.5
2578894.25
2557323.25
2546744
2504602
2442071.75
2365063.25
2278301
2175885.5
2021105.625
1815173.875
1493057
2701142.25
2701242.25
2701131.5
2701169.75
2701081.75
2701070.5
2701020.25
2700958.5
2700920.75
2700774.5
2700793
2700692.75
2700659
2700574.5
2700514.25
2700434.25
2700361.75
2700281.25
2700203.75
2700128.75
2700048.75
2699966.75
2699881
2699794
2699703
2699608.75
2699511
2699411.25
2699307
2699196.75
2699081.25
2698959.75
2698834.75
2698703.25
2698563.75
2698415.75
2698260.75
2698097
2697923.5
2697738.25
2697542.75
2697334.75
2697113
2696876.25
2696622.75
2696352
2696062
2695750.75
2695417
2695056.5
2694667.75
2694246.75
2693791.25
2693296.5
2692758.75
2692172.25
2691534.5
2690834.75
2690069.75
2689227.75
2688301.75
2687277.75
2686147.25
2684891.25
2683497.75
2681940.75
2680203
2678250
2676056
2673574.75
2670768
2667569
2663929.5
2659712.5
2655012.25
2649414
2642572.5
2634268.5
2624265
2612226.75
2597931
2581143.25
2560157.5
2549592.75
2509571
2447970.75
2370143
2280285
2174628.25
2018322.5
1809255.25
1461292.75
2701158.75
2701284.25
2701161.5
2701208.25
2701125.75
2701117.75
2701072.5
2701009.25
2700969.25
2700820
2700837.75
2700737.75
2700703.5
2700619.75
2700558.75
2700479
2700407
2700327.75
2700250.5
2700175.5
2700096
2700014.25
2699929.75
2699842.75
2699753.75
2699660.75
2699563.5
2699464
2699360.75
2699253.25
2699139
2699019.75
2698895.75
2698766.25
2698629.75
2698484
2698331.5
2698170.5
2697999.75
2697817.75
2697625.25
2697420.75
2697203.5
2696970.75
2696721.75
2696456
2696171.5
2695866.5
2695538.5
2695184.75
2694803
2694390.25
2693942.75
2693456.75
2692929
2692353.25
2691726.5
2691039.75
2690289.25
2689462.75
2688554.75
2687550.25
2686441.75
2685209.75
2683843.5
2682315.25
2680610.75
2678694.75
2676543
2674108.25
2671355.75
2668217.25
2664648.5
2660511
2655893.75
2650398
2643690.25
2635547.5
2625746.25
2613960.5
2599984.75
2583631.25
2563168.75
2552691.75
2514997.5
2455021.75
2376856.5
2283919
2174445.75
2016981.625
1809024.875
1427125.75
2701171
2701307.25
2701169
2701222.75
2701136.5
2701125.75
2701074.75
2701006.75
2700966
2700815.5
2700834.75
2700734.75
2700700.75
2700617.75
2700556.5
2700477
2700405.25
2700326.25
2700249.25
2700174
2700094.5
2700012.75
2699928
2699842
2699752.75
2699661
2699564
2699464.5
2699362
2699254.75
2699141.5
2699022.25
2698898.25
2698769.25
2698632.75
2698488.25
2698335.75
2698175.5
2698005.75
2697824.75
2697632.75
2697429.25
2697212
2696980.75
2696733
2696468.5
2696184.75
2695880.5
2695554
2695202.25
2694822.5
2694412.5
2693967.75
2693484.5
2692960.25
2692387.75
2691765
2691082.5
2690337.25
2689516.75
2688615
2687617.75
2686518.25
2685295
2683939.75
2682424
2680734.25
2678835.5
2676702.5
2674290
2671564.5
2668455.75
2664923.5
2660827.5
2656252.5
2650814.5
2644180.25
2636130.75
2626446.25
2614814.5
2601036.25
2584944.25
2564866.25
2554295.25
2518100
2458663.75
2378852
2283269
2170741.5
2013460.5
1799273.25
1392917.625
2701164
2701327.75
2701193
2701250.25
2701186.5
2701186.75
2701152.75
2701080.75
2701033
2700882.25
2700893.75
2700797.75
2700760
2700678.5
2700616.75
2700538
2700466.75
2700389.25
2700312.5
2700238
2700159.5
2700077.75
2699994.75
2699910
2699822
2699731.75
2699637
2699538.75
2699438.5
2699333.5
2699222.75
2699107
2698985
2698859.25
2698726.75
2698586.25
2698436.75
2698281.25
2698116.25
2697940.75
2697753.75
2697556.25
2697345.75
2697121
2696880.75
2696624.5
2696349.25
2696054.25
2695738.25
2695397.25
2695029.75
2694632
2694201.75
2693734.75
2693227.25
2692673.75
2692070.75
2691410.75
2690689.75
2689896
2689025
2688061.5
2686997.75
2685816.25
2684506.25
2683041.75
2681408.75
2679573.75
2677514
2675184.75
2672551.75
2669551
2666142.5
2662189.75
2657757.5
2652498.25
2646094.75
2638327.5
2628988.5
2617787
2604550.5
2589177.25
2570019
2559496.75
2528306.5
2474376.75
2396817.25
2297084
2175707
2017793.625
1814532.75
1325553.5
1820169.875
1687307.375
1540883
1396102.875
1261791.5
1132814.875
1013250.25
903937.9375
803693.125
713077.5625
629483.375
554418.8125
492181.3125
440563.53125
393745.9375
351290.65625
316637.75
289801.65625
267640.5625
248667.90625
230329.4375
216216.0625
205470.703125
195965.65625
187399.5625
178140.46875
169721.640625
162315.96875
154897.375
146864.484375
138698.765625
131059.3828125
123374.9296875
115744.6953125
108113.453125
100764.5625
93968.3359375
87332.8203125
81026.09375
76950.4609375
1798403.875
1672033.75
1534330.625
1398438.625
1274232.125
1155231.25
1043204.25
941477.8125
849246.8125
763476.1875
681977
609323.125
548939.1875
496974.71875
449123.0625
404708.53125
367555.3125
337768.96875
312700.75
290790.59375
269254.9375
251192.15625
237089.71875
224877.28125
213832.875
202349.859375
191920.40625
183164.578125
174746.859375
165820.3125
157401.046875
149358.46875
141396.265625
133609.03125
125983.7890625
118529.1953125
111469.671875
104597.578125
98041.328125
91643.8984375
1789802.25
1662187.875
1524315.75
1388625.5
1263962.75
1145729.5
1036449.0625
935385
842498
758240.9375
679309.875
608173.75
549135.6875
498148.15625
449923.96875
406630.59375
371585.125
342900.875
317352.0625
292469.6875
271413.0625
254726.96875
240619.90625
227866.59375
214463.921875
202874.875
193195.40625
184272.984375
175400.828125
165638.125
157260.90625
149591.9375
141586.09375
133570.96875
126163.1015625
118717.9453125
111680.96875
104945.7890625
98568.1328125
92895.65625
1777029.25
1647599.125
1508123.125
1374502.875
1253147.875
1133965.375
1024981.875
929317.6875
839289.3125
753590.0625
675250.6875
608576.625
552488.25
501322.8125
453427.46875
411932
378282.53125
350201.34375
325399.71875
300923.59375
279653.78125
262666.875
248198.078125
235173.421875
221879.78125
209193.046875
198742.109375
189241.828125
179857.078125
169719.46875
161184.140625
152888.484375
144527.609375
136482.5
128803.1953125
121318
114206.34375
107319.015625
100942.4453125
95179.0546875
1763226.625
1631409
1490947.875
1355573.875
1234442.25
1119418.75
1010484.4375
912761.375
825925.8125
744752.125
667411.9375
600974.5625
546951.1875
498989.625
453373.59375
413012.71875
380265.65625
353137.03125
329002.375
305115.71875
284011.6875
267027.53125
252350.640625
238796.90625
224464.03125
211760.359375
201072.1875
191056.40625
180479.21875
170394.984375
161788.5
152948.1875
144422.1875
136318.328125
128507.84375
120995.7109375
113894.53125
107001.7890625
100744.3046875
95137.2890625
1748097
1611409.375
1468539.875
1336896.5
1215142.875
1097144.5
992555.3125
898802.625
811213.9375
730896.25
657073.125
594141.8125
542397.125
495561.21875
451496.5625
413529.6875
382797.125
356663.25
332676.625
308596.9375
288561.3125
271897.21875
256961.515625
242488.703125
227416.234375
214784.171875
203690.015625
193097.796875
181693.171875
171500.671875
162602.25
153400.609375
144808.671875
136580.65625
128543.90625
121006.3046875
113967.1953125
107025.8046875
100789.375
95230.8515625
1731091.875
1591469.125
1444397.375
1311051.875
1194656.875
1077566.875
969397.5
879099.25
796762.5625
717163.125
644588.8125
585349.25
536498.375
491850.125
449624.21875
413651.1875
384404.28125
359190.09375
335879.125
312190.4375
292332.84375
275542.84375
260259.21875
245270.546875
229782.546875
216778.90625
205239.8125
194034.25
182059.890625
171966.890625
162672.71875
153044.4375
144322.078125
136151.28125
127997.84375
120270.6640625
113309.84375
106439.4140625
100224.7109375
94775.0703125
1711741.625
1567232.25
1420465.125
1286651.625
1167704
1054546.125
949232.5
858283.125
778562.625
703308.375
633451.8125
576247.5
530055.25
488419.34375
448488.6875
414140.4375
386081.0625
361695.21875
338962.875
315615.46875
295785.3125
278834.03125
263173.6875
247446.5625
231679.625
218479.40625
206523.21875
194442.28125
182345.359375
172327.5
162394.0625
152667.859375
143901.6875
135517.5625
127367.15625
119651.75
112638.234375
105779.390625
99659.8671875
94277.8359375
1692347.25
1542281.375
1390817.125
1261728.25
1144003.125
1027881.1875
926122.1875
839747.1875
760832.625
687826.6875
622028.75
568591.125
525070.4375
484923.15625
447118.8125
414947.28125
388328.96875
364546.25
341278.84375
318236.15625
298943.3125
281908.375
265625.84375
248362.4375
233089.34375
219955.890625
207421.875
194138.765625
182337.796875
172204.953125
161997.59375
152049.359375
143251.40625
134731.109375
126614.953125
118858.6484375
111785.5703125
104995.296875
98975.84375
93645.5
1670061.375
1517492.625
1363187.25
1230383.625
1117861.125
1005392.25
902435.125
817417.5625
743465.0625
675278.75
611699.1875
560892.25
520166.84375
482796.40625
446815.8125
416250.1875
390681.28125
367208.59375
343153.3125
320800.03125
301808.5625
284398.53125
266822.1875
249279.078125
234330.671875
220883.3125
207550.09375
193865.6875
182262.78125
171927.703125
161387.71875
151328.578125
142593.671875
133940.71875
125743.9296875
118067.171875
110990.515625
104159.5
98258.8671875
93028.5
1645779.625
1488804.5
1336034.375
1202793.125
1087256.25
979646
881985.25
797149.375
725348.1875
662197.625
602946.125
554793.9375
516630.4375
480825.5
446839.46875
418026.6875
393225.09375
369198.5
344748.125
323019.78125
304098.40625
286149.125
267364.09375
250000.515625
235065.078125
221317.453125
207313.140625
193545.859375
181985.046875
171473.3125
160609.625
150619.28125
141806
133117.765625
124870.53125
117173.4453125
110203.7890625
103401.203125
97499.359375
92371.328125
1622081.125
1458195.875
1305274.25
1175599.5
1060592.125
952719.8125
859789.3125
778679.1875
709466.8125
650341.25
595548.8125
549802.375
513705.84375
479969.09375
447777.78125
419967.4375
395174.09375
370442.84375
346449.875
325248.78125
305962.96875
286688.4375
267641.9375
250629.703125
235698.546875
221452.1875
206547.1875
193178.671875
181769.53125
170905.78125
159716.515625
149888.015625
141031.328125
132303.4375
124066.578125
116333.5859375
109358.34375
102629.0625
96819.90625
91755.546875
1596717.375
1429692.375
1272711.25
1145643.875
1035384.4375
928347.875
836450.875
760699.5625
696348.25
640196.0625
588518.75
545581.4375
511290.625
480274.40625
449190.125
421267.1875
396731.03125
371869.40625
347866.6875
326602.96875
306815.09375
287020.09375
267872.40625
250958.28125
235849.59375
220995.328125
205906.359375
192926.984375
181390.421875
169988.046875
159003.390625
149152.15625
140129.34375
131464.890625
123308.515625
115531.5859375
108571.1796875
101890.96875
96155.34375
91194.5859375
1569086.75
1400151.125
1243281.375
1114260.25
1008478.9375
905568.375
815853
743930.75
683622.875
631456.3125
583700.3125
543187.1875
510154.96875
480267.59375
451478.4375
422324.5625
396756.625
373455
350104.09375
326619.8125
306458.15625
287874.15625
268628.09375
250550.3125
235286.390625
220497.78125
205822.984375
192419.359375
180535.25
169238.8125
158319.9375
148440.09375
139342.65625
130642.4609375
122540.9296875
114803.3046875
107845.71875
101198.421875
95524.5703125
90673.984375
1540345.125
1368452.625
1213815.625
1086081
979797.8125
881795.625
798437.75
729022.9375
671562.9375
623535.375
580167.875
541644.25
509827.5625
480768
452292.46875
423349
397679.84375
374002.46875
350849.78125
327110.28125
306351.8125
287536.71875
268672.6875
250420.234375
234840.296875
219864.328125
205366.421875
191736.359375
179741.96875
168620.265625
157589.515625
147594.25
138603.84375
129935.0078125
121794.5625
114076.03125
107148.0546875
100534.8203125
94959.1171875
90262.9375
1511509.375
1336134.75
1183169
1058980.5
954240.8125
859088.625
781242.6875
716556.625
661856.3125
617336.1875
577814.125
541060.125
509757.8125
481257.59375
452877.875
424072.71875
398349.34375
374602.875
350855.34375
327006.125
306421.71875
287446.375
268168.3125
249976.078125
234408.046875
219185.1875
204773.625
191144.671875
178974.046875
167920.234375
156906.171875
146825.59375
137888.40625
129258.59375
121091.125
113402.0234375
106513.9296875
99926.7890625
94432.34375
89938.5625
1481959.875
1303867.25
1152581.875
1032764.875
929879.875
837558.5
764898.375
706145
654220.875
612434.125
575754.375
541198.625
510023.71875
481911.0625
452792.53125
424414.46875
399371.53125
375001.3125
349829.15625
326714.125
306593.59375
287324.375
267068.9375
249636.15625
233963.890625
218289.609375
204154.078125
190658.953125
178149.0625
167112.28125
156319.34375
146137.328125
137136.140625
128609.0234375
120453.8515625
112754.53125
105928.3671875
99370.6796875
93966.0078125
89753.9375
1451813.625
1271700.5
1122206.5
1007564.0625
907558.0625
817807.5
749845.75
697124.625
648451.125
609304.1875
574357.75
540773.875
511219.71875
481825.09375
452199.125
425314.46875
399834.46875
373864.5
349156.28125
327265.96875
306718.21875
285808.28125
266301.8125
249575.578125
233420.546875
217318
203460.21875
190165.5
177466.578125
166295.28125
155687.8125
145546.796875
136449.96875
127976.078125
119888.125
112153.921875
105364.078125
98866.359375
93591.65625
89747.21875
1420927.25
1239983.875
1092756.625
983055.4375
886662.75
800048.25
736791.875
689055.625
644193.375
607103.9375
573210.6875
541325.0625
511636.71875
481195.1875
452293.125
425813.25
398954.875
373182.0625
349462.25
326596.75
305598.375
285313.6875
265966.21875
248937.3125
232496.25
216682.5
202696.4375
189471.484375
176887.765625
165562.65625
154950.359375
144964.34375
135852.359375
127342.4296875
119323.578125
111626.4453125
104838.234375
98386.6875
93291.40625
89948.0625
1389546.75
1208461.25
1064364
959917.125
867457.625
783942.375
725266.6875
681982.1875
641856.5
605211
572408.6875
541771.6875
511602.125
480813.09375
452766.4375
424992.90625
397984.84375
373735.625
349006.25
325264.84375
304949.125
285345.78125
265202.46875
247948.4375
231985.265625
216242.359375
201977.265625
188748.921875
176294.484375
164975.84375
154355.84375
144378.25
135263.46875
126817.4296875
118826.8203125
111115.09375
104352.5625
97970.484375
93087.9375
90654.1484375
1357646
1177371.125
1037699.875
937981.1875
849376.3125
769618
715660.8125
676386.5
640118.8125
604487
571930
541437.5
511733.125
480562.5625
451818.78125
424884.5
397672.9375
372103.625
348225.625
325327.71875
304067.59375
283785.4375
264768.90625
247576.203125
230883.6875
215310.53125
201455.375
188139.5625
175517.484375
164296.78125
153804.609375
143829.390625
134690.1875
126286.8515625
118351.7734375
110662.21875
103919.3203125
97585.7265625
92998.625
91557.40625
1325630.125
1146793.375
1012320.25
917535.9375
833124.0625
756736.375
707465.375
672041.5625
639034.75
604110.875
571460.1875
541055.1875
511659.875
480668.8125
450749.9375
423671.3125
398053.15625
372052.71875
346769.28125
324552.40625
304189.59375
283295.53125
263727.65625
247060.40625
230555.546875
214700.78125
200748.578125
187590.9375
175017.21875
163730.453125
153227.953125
143314.625
134195.03125
125799.40625
117872.5703125
110209.59375
103495.8828125
97224.6328125
93013.6953125
92671.21875
1293275.375
1116928.875
989294.9375
898809.4375
817681.3125
745425.25
701122.3125
669164.25
638249.6875
603934.3125
570953.1875
540396.1875
510851.96875
480323.90625
449901.9375
422510.6875
396731.875
371390.21875
345885.625
323263.96875
302891.375
282753.625
262808.0625
246048.453125
229744.0625
214027.484375
200074.453125
186936.9375
174399.671875
163191.15625
152746.6875
142879.46875
133754.125
125417.1015625
117524.2265625
109878.0703125
103182.390625
96953.78125
93161.3359375
94407.5859375
1260994.5
1087617.25
967924.9375
881484.3125
803420.75
735322.75
695944.0625
667167.5625
637466.0625
604161.125
570589
539903.5
510328.53125
480255.3125
449542.78125
421958.5625
396322.6875
371294.5
345616.4375
322817.5
302451.90625
282412.78125
262396.71875
245588.953125
229167.984375
213518.125
199418.9375
186338.84375
173819.171875
162602.890625
152082.578125
142300.671875
133166.234375
124865.8828125
116964.6484375
109400.8046875
102737.25
96641.96875
93857.03125
96730.0234375
1229513.375
1059473.875
949153.8125
866009.25
790046.4375
726824.375
692438.1875
666136.875
636883.8125
603765.5625
569764.875
538874.875
509120.125
478913.6875
448051.0625
420444.34375
394777.1875
369703.5
344138.28125
321484.0625
301209.5625
281300.625
261425.515625
244734.203125
228483.046875
213026.171875
198904.4375
186069.125
173495.125
162437.9375
151890.40625
142282.71875
133030.640625
124841.28125
116842.046875
109327.5390625
102484.6953125
96403.171875
94361
100012.390625
1196675.75
1031809.25
931950.1875
851411.625
776184.4375
718863.5
689828.625
665575.625
636862.75
603818.4375
569664.75
538794.875
509194.3125
479170.25
448268.4375
420578.84375
395119.59375
370129.71875
344291.96875
321423.78125
301106.59375
280942.34375
260919.625
244058.421875
227604.71875
212134.421875
197843.203125
184980.625
172432.8125
161339.8125
150724.53125
141207.59375
131957.78125
123874.015625
115859.71875
108579.6015625
101842.1484375
96277.1640625
95547.125
104809.171875
1165586.625
1004367.125
916002.375
835359.0625
762317.75
712090
688408.4375
665189.0625
635890.6875
602266.4375
568037.4375
536942.8125
506971.78125
476070.6875
445616.0625
418456.15625
392453.8125
366602.8125
341930.78125
319464.65625
298751.34375
278574.71875
259425.921875
242336.90625
226156.484375
210807.421875
196757.828125
183827.53125
171565.46875
160414.828125
149997.796875
140421.546875
131364.953125
123184.8515625
115346.546875
107987.328125
101388.125
95902.421875
97073.953125
111228.21875
1111674.25
959263.8125
898410.5625
814933.5625
741848.1875
704491.3125
689500.3125
666218.0625
635593.4375
600876.3125
566557.5
535080.375
504754.71875
473655.90625
443261.46875
415806.1875
389833.5625
364157.21875
339228.09375
316782.15625
296162.28125
275989.34375
256844.859375
239881.25
223705.6875
208475.859375
194542.4375
181687.546875
169527.3125
158518.078125
148169.953125
138716.484375
129731.4921875
121682.125
113897.84375
106637.2265625
100087.59375
94372.65625
97932.703125
120901.265625
)
;

boundaryField
{
    inlet
    {
        type            fixedValue;
        value           uniform 2.7035e+06;
    }
    outlet
    {
        type            waveTransmissive;
        psi             psi;
        gamma           1.2;
        fieldInf        101325;
        lInf            0.0693549;
        value           nonuniform List<scalar> 
28
(
76438.1
90843.6
92066.9
94279
94216.9
94270.2
93803.1
93281.4
92656.1
91995.1
91314
90661.9
90045.3
89478.5
88982.2
88563.1
88247.4
88092
88141.3
88626.8
89459.6
90518.4
92390.9
95206.6
99085
104075
110542
123637
)
;
    }
    fluid_to_graphite
    {
        type            zeroGradient;
    }
    wedgeBack
    {
        type            wedge;
    }
    wedgeFront
    {
        type            wedge;
    }
    defaultFaces
    {
        type            empty;
    }
}


                                                                               
