                                                                               
                             
                                                                   
                                                            
                                          
                             
                                                                               
FoamFile
{
    format          ascii;
    class           volScalarField;
    location        1 / fluid;
    object          rho;
}
                                                                               

dimensions      [ 1 -3 0 0 0 0 0 ];

internalField   nonuniform List<scalar> 
4592
(
2.9428632259368896
2.9427595138549805
2.9426572322845459
2.94248366355896
2.9424049854278564
2.9423370361328125
2.9422509670257568
2.9421277046203613
2.9419698715209961
2.9418835639953613
2.9418346881866455
2.9417715072631836
2.9416987895965576
2.941603422164917
2.9415121078491211
2.9414558410644531
2.9414036273956299
2.9413626194000244
2.9413037300109863
2.9412322044372559
2.9411318302154541
2.9410395622253418
2.9409525394439697
2.9408831596374512
2.9408328533172607
2.9408106803894043
2.9407806396484375
2.9407374858856201
2.9406759738922119
2.9406111240386963
2.9405274391174316
2.9404134750366211
2.9428799152374268
2.9427323341369629
2.9426395893096924
2.9424953460693359
2.9424195289611816
2.9423666000366211
2.9422726631164551
2.9421353340148926
2.9419803619384766
2.9418935775756836
2.9418401718139648
2.9417736530303955
2.9416985511779785
2.941594123840332
2.9414999485015869
2.9414272308349609
2.9413695335388184
2.9413201808929443
2.9412503242492676
2.9411675930023193
2.9410696029663086
2.9409706592559814
2.9408926963806152
2.9408242702484131
2.9407782554626465
2.940753698348999
2.9407167434692383
2.940666675567627
2.9406018257141113
2.9405372142791748
2.9404418468475342
2.9403321743011475
2.942875862121582
2.9427196979522705
2.9426264762878418
2.9424879550933838
2.9424107074737549
2.9423527717590332
2.9422786235809326
2.9421443939208984
2.941993236541748
2.9419152736663818
2.9418656826019287
2.9417798519134521
2.9416892528533936
2.9415745735168457
2.941474437713623
2.9414117336273193
2.941361665725708
2.9413299560546875
2.9412686824798584
2.9411957263946533
2.9410984516143799
2.941009521484375
2.9409406185150146
2.9408729076385498
2.9408113956451416
2.9407722949981689
2.9407279491424561
2.9406862258911133
2.9406275749206543
2.9405598640441895
2.9404950141906738
2.9403932094573975
2.9428846836090088
2.9427471160888672
2.9426510334014893
2.9425103664398193
2.9424269199371338
2.9423630237579346
2.9422760009765625
2.9421422481536865
2.9419937133789062
2.9419126510620117
2.9418764114379883
2.9417910575866699
2.941709041595459
2.9415969848632812
2.9414956569671631
2.9414265155792236
2.94136643409729
2.9413230419158936
2.9412610530853271
2.9411864280700684
2.941091775894165
2.9410080909729004
2.940932035446167
2.9408643245697021
2.9408040046691895
2.9407627582550049
2.9407241344451904
2.9406695365905762
2.9406075477600098
2.9405360221862793
2.9404685497283936
2.9403681755065918
2.9428884983062744
2.9427285194396973
2.9426267147064209
2.9424819946289062
2.9423999786376953
2.942335844039917
2.9422516822814941
2.9421253204345703
2.9419734477996826
2.9418985843658447
2.9418690204620361
2.9417934417724609
2.9417197704315186
2.9416153430938721
2.9415187835693359
2.9414463043212891
2.9413967132568359
2.9413678646087646
2.9413082599639893
2.9412384033203125
2.9411511421203613
2.9410684108734131
2.9409983158111572
2.940920352935791
2.9408504962921143
2.9407854080200195
2.9407224655151367
2.9406592845916748
2.9405934810638428
2.9405221939086914
2.940453052520752
2.9403481483459473
2.9428975582122803
2.942741870880127
2.9426367282867432
2.942488431930542
2.9423928260803223
2.9423062801361084
2.942249059677124
2.9421262741088867
2.9419760704040527
2.9419031143188477
2.9418797492980957
2.9418082237243652
2.9417412281036377
2.9416353702545166
2.9415364265441895
2.941464900970459
2.941415548324585
2.941387414932251
2.9413259029388428
2.941260814666748
2.9411904811859131
2.9411168098449707
2.9410440921783447
2.940967321395874
2.9408705234527588
2.9407892227172852
2.9407041072845459
2.9406354427337646
2.94057297706604
2.9405057430267334
2.9404358863830566
2.9403603076934814
2.9429125785827637
2.942753791809082
2.942650318145752
2.9425017833709717
2.9424066543579102
2.9423243999481201
2.9422492980957031
2.9421272277832031
2.9419834613800049
2.9419095516204834
2.9418718814849854
2.9418025016784668
2.9417352676391602
2.9416258335113525
2.9415285587310791
2.9414627552032471
2.9414169788360596
2.9413952827453613
2.9413509368896484
2.9412946701049805
2.9412283897399902
2.9411547183990479
2.9410772323608398
2.9409992694854736
2.940899133682251
2.9408173561096191
2.9407198429107666
2.9406461715698242
2.9405856132507324
2.9405291080474854
2.9404711723327637
2.9403994083404541
2.942915678024292
2.9427683353424072
2.9426498413085938
2.9425201416015625
2.9424426555633545
2.9423768520355225
2.9422807693481445
2.942157506942749
2.9420149326324463
2.9419524669647217
2.9419023990631104
2.941819429397583
2.9417219161987305
2.941594123840332
2.9415011405944824
2.9414401054382324
2.9413924217224121
2.9413511753082275
2.9413201808929443
2.9412732124328613
2.9412140846252441
2.941148042678833
2.9410874843597412
2.9410204887390137
2.9409456253051758
2.9408624172210693
2.9407472610473633
2.9406731128692627
2.9406170845031738
2.9405665397644043
2.9405078887939453
2.9404492378234863
2.9429316520690918
2.9427635669708252
2.9426143169403076
2.9424927234649658
2.9424283504486084
2.9423706531524658
2.9422852993011475
2.9421746730804443
2.9420475959777832
2.9419941902160645
2.9419307708740234
2.9418487548828125
2.9417428970336914
2.9416110515594482
2.9415209293365479
2.9414582252502441
2.9414088726043701
2.9413661956787109
2.9413189888000488
2.9412856101989746
2.9412341117858887
2.9411745071411133
2.9411163330078125
2.9410543441772461
2.9409866333007812
2.9409024715423584
2.940784215927124
2.9407176971435547
2.9406650066375732
2.9406120777130127
2.9405655860900879
2.9405171871185303
2.9429275989532471
2.9427599906921387
2.9426236152648926
2.9425103664398193
2.9424412250518799
2.9423823356628418
2.9422972202301025
2.9421794414520264
2.9420521259307861
2.9419958591461182
2.9419419765472412
2.9418623447418213
2.9417691230773926
2.941638708114624
2.941547155380249
2.9414918422698975
2.9414546489715576
2.9414157867431641
2.9413745403289795
2.9413349628448486
2.9412779808044434
2.9412150382995605
2.9411451816558838
2.9410736560821533
2.9409928321838379
2.9408931732177734
2.940798282623291
2.940737247467041
2.9406862258911133
2.9406397342681885
2.9405994415283203
2.9405581951141357
2.94293212890625
2.9427964687347412
2.9426782131195068
2.9425501823425293
2.9424774646759033
2.9424169063568115
2.9423253536224365
2.9421896934509277
2.9420590400695801
2.9420139789581299
2.9419448375701904
2.9418659210205078
2.9417622089385986
2.9416348934173584
2.9415464401245117
2.9414889812469482
2.9414732456207275
2.9414560794830322
2.9414281845092773
2.9413826465606689
2.9413235187530518
2.9412498474121094
2.9411706924438477
2.9410955905914307
2.9410078525543213
2.9409224987030029
2.9408509731292725
2.9407825469970703
2.9407331943511963
2.9406907558441162
2.9406509399414062
2.9406092166900635
2.9429371356964111
2.9427988529205322
2.9426734447479248
2.9425349235534668
2.9424471855163574
2.942378044128418
2.9422919750213623
2.9421629905700684
2.9420275688171387
2.9419772624969482
2.9419312477111816
2.9418540000915527
2.941763162612915
2.9416513442993164
2.9415714740753174
2.9415147304534912
2.9414892196655273
2.9414708614349365
2.9414558410644531
2.9414105415344238
2.9413509368896484
2.9412696361541748
2.9411861896514893
2.9411094188690186
2.94101881980896
2.9409513473510742
2.9408862590789795
2.9408352375030518
2.9407861232757568
2.9407434463500977
2.9407050609588623
2.9406659603118896
2.9429416656494141
2.942800760269165
2.9426822662353516
2.9425501823425293
2.9424631595611572
2.9423878192901611
2.9423010349273682
2.9421675205230713
2.9420363903045654
2.9419927597045898
2.941939115524292
2.9418621063232422
2.9417822360992432
2.941676139831543
2.9415948390960693
2.9415311813354492
2.9414985179901123
2.9414975643157959
2.9414598941802979
2.9414138793945312
2.9413599967956543
2.941272497177124
2.9411985874176025
2.9411275386810303
2.9410393238067627
2.9409778118133545
2.9409222602844238
2.9408769607543945
2.9408388137817383
2.9408061504364014
2.9407787322998047
2.9407439231872559
2.9429519176483154
2.9427726268768311
2.9426465034484863
2.9425272941589355
2.9424431324005127
2.9423825740814209
2.9422962665557861
2.94217848777771
2.9420604705810547
2.9420313835144043
2.9419574737548828
2.941880464553833
2.9417920112609863
2.9416968822479248
2.9416286945343018
2.941565990447998
2.9415326118469238
2.9415180683135986
2.9414725303649902
2.9414217472076416
2.9413444995880127
2.9412569999694824
2.9411873817443848
2.9411060810089111
2.9410438537597656
2.940993070602417
2.9409482479095459
2.9409084320068359
2.940873384475708
2.9408483505249023
2.9408185482025146
2.9407880306243896
2.9429550170898438
2.9427845478057861
2.9426660537719727
2.9425473213195801
2.9424693584442139
2.9424130916595459
2.942328929901123
2.9422075748443604
2.9420866966247559
2.9420452117919922
2.9419779777526855
2.9419023990631104
2.9418208599090576
2.9417262077331543
2.9416458606719971
2.9415826797485352
2.9415566921234131
2.9415426254272461
2.941495418548584
2.941448450088501
2.9413766860961914
2.9412667751312256
2.9411740303039551
2.9411044120788574
2.9410362243652344
2.9409914016723633
2.94095778465271
2.9409329891204834
2.9409031867980957
2.9408795833587646
2.940859317779541
2.9408376216888428
2.9429478645324707
2.9428057670593262
2.9426891803741455
2.9425561428070068
2.9424722194671631
2.9424135684967041
2.9423270225524902
2.942202091217041
2.9420664310455322
2.942033052444458
2.9419574737548828
2.9419033527374268
2.9418299198150635
2.9417221546173096
2.9416415691375732
2.9415833950042725
2.9415748119354248
2.9415640830993652
2.9415104389190674
2.9414639472961426
2.941392183303833
2.9412717819213867
2.9411861896514893
2.9411077499389648
2.9410414695739746
2.9410045146942139
2.9409806728363037
2.9409658908843994
2.9409270286560059
2.9409079551696777
2.9408993721008301
2.940903902053833
2.9429473876953125
2.9427840709686279
2.9426894187927246
2.9425704479217529
2.9424917697906494
2.9424364566802979
2.9423518180847168
2.9421875476837158
2.9420421123504639
2.942007303237915
2.9419376850128174
2.9418878555297852
2.9418265819549561
2.9417285919189453
2.9416506290435791
2.9415881633758545
2.9415950775146484
2.9415657520294189
2.9415123462677002
2.9414577484130859
2.941375732421875
2.9412562847137451
2.9411783218383789
2.9410958290100098
2.941051721572876
2.9410207271575928
2.9409968852996826
2.9409852027893066
2.9409544467926025
2.9409439563751221
2.9409382343292236
2.9409515857696533
2.9429507255554199
2.9427978992462158
2.9427106380462646
2.9425742626190186
2.9424827098846436
2.9424088001251221
2.9423303604125977
2.9421911239624023
2.9420478343963623
2.9420089721679688
2.941957950592041
2.9418864250183105
2.9418082237243652
2.9417140483856201
2.941648006439209
2.9416015148162842
2.9415855407714844
2.9415478706359863
2.9415135383605957
2.9414703845977783
2.941396951675415
2.9412810802459717
2.9411947727203369
2.9411203861236572
2.9410717487335205
2.9410414695739746
2.9410181045532227
2.9410099983215332
2.9409759044647217
2.9409646987915039
2.9409706592559814
2.9409949779510498
2.9429552555084229
2.9427950382232666
2.9426934719085693
2.9425594806671143
2.942479133605957
2.9424188137054443
2.9423363208770752
2.9421703815460205
2.9420316219329834
2.9419703483581543
2.9419348239898682
2.9418849945068359
2.9418282508850098
2.9417433738708496
2.941676139831543
2.9416196346282959
2.9416048526763916
2.9415647983551025
2.9415256977081299
2.9414854049682617
2.9414169788360596
2.9413018226623535
2.9412078857421875
2.9411442279815674
2.941075325012207
2.9410405158996582
2.9410169124603271
2.9410045146942139
2.9409751892089844
2.9409682750701904
2.9409775733947754
2.9410006999969482
2.9429619312286377
2.9427876472473145
2.9426937103271484
2.9425551891326904
2.9424667358398438
2.9423964023590088
2.9423227310180664
2.9421787261962891
2.9420526027679443
2.9420139789581299
2.9419443607330322
2.9418785572052002
2.9418058395385742
2.9417183399200439
2.9416663646697998
2.9416122436523438
2.9416065216064453
2.941572904586792
2.9415347576141357
2.9414942264556885
2.9414381980895996
2.9413347244262695
2.9412107467651367
2.9411308765411377
2.9410748481750488
2.9410490989685059
2.9410264492034912
2.941016674041748
2.9409914016723633
2.9409959316253662
2.9410026073455811
2.9410326480865479
2.9429628849029541
2.9428086280822754
2.9427213668823242
2.9425766468048096
2.9424576759338379
2.9423789978027344
2.9423239231109619
2.9421846866607666
2.9420707225799561
2.9420313835144043
2.9419481754302979
2.9418714046478271
2.941788911819458
2.941699743270874
2.9416406154632568
2.9415874481201172
2.9416027069091797
2.9415872097015381
2.9415411949157715
2.9415023326873779
2.9414360523223877
2.9413225650787354
2.9412174224853516
2.9411325454711914
2.9410736560821533
2.9410538673400879
2.941037654876709
2.9410500526428223
2.9410300254821777
2.9410459995269775
2.9410400390625
2.9410686492919922
2.942955493927002
2.9428198337554932
2.9427187442779541
2.9425859451293945
2.9424862861633301
2.9424047470092773
2.9423305988311768
2.9422132968902588
2.9421031475067139
2.9420557022094727
2.9419846534729004
2.9419150352478027
2.9418289661407471
2.9417364597320557
2.9416632652282715
2.9416065216064453
2.9416038990020752
2.9415836334228516
2.9415321350097656
2.9414892196655273
2.9414277076721191
2.9413166046142578
2.9412238597869873
2.9411609172821045
2.9411032199859619
2.9410734176635742
2.9410548210144043
2.9410748481750488
2.941058874130249
2.9410791397094727
2.9410750865936279
2.9411189556121826
2.9429657459259033
2.9428031444549561
2.9426889419555664
2.9425725936889648
2.9425041675567627
2.9424395561218262
2.9423651695251465
2.942213773727417
2.9420661926269531
2.9420115947723389
2.9419674873352051
2.9419150352478027
2.9418480396270752
2.9417557716369629
2.9416906833648682
2.9416265487670898
2.9416029453277588
2.9415767192840576
2.9415426254272461
2.9415044784545898
2.9414470195770264
2.9413163661956787
2.9412441253662109
2.9411838054656982
2.9411213397979736
2.9410996437072754
2.9410841464996338
2.94110107421875
2.9410793781280518
2.9410948753356934
2.9410765171051025
2.9411361217498779
2.942974328994751
2.9428205490112305
2.9427075386047363
2.9425694942474365
2.9424879550933838
2.9424359798431396
2.9423630237579346
2.9422171115875244
2.9420881271362305
2.9420621395111084
2.9419827461242676
2.9419167041778564
2.9418437480926514
2.9417510032653809
2.9416859149932861
2.9416208267211914
2.9416084289550781
2.9415836334228516
2.9415478706359863
2.9415068626403809
2.9414644241333008
2.9413521289825439
2.9412562847137451
2.9411690235137939
2.941115140914917
2.9411015510559082
2.9410979747772217
2.9411206245422363
2.9410905838012695
2.9410912990570068
2.9410662651062012
2.941145658493042
2.9429502487182617
2.9428296089172363
2.9427380561828613
2.9426124095916748
2.9425191879272461
2.9424481391906738
2.942387580871582
2.9422101974487305
2.9420690536499023
2.942023754119873
2.9419558048248291
2.9419102668762207
2.941840648651123
2.9417450428009033
2.9416780471801758
2.9416189193725586
2.9416098594665527
2.9415898323059082
2.9415409564971924
2.9415042400360107
2.9414544105529785
2.9413630962371826
2.9412598609924316
2.9411630630493164
2.9411220550537109
2.9411160945892334
2.9411227703094482
2.9411280155181885
2.9410912990570068
2.9411053657531738
2.9410879611968994
2.9411580562591553
2.9429624080657959
2.9428257942199707
2.9427196979522705
2.9425845146179199
2.9424993991851807
2.9424395561218262
2.9423778057098389
2.9422388076782227
2.9420900344848633
2.9420263767242432
2.9419512748718262
2.9418990612030029
2.9418270587921143
2.941725492477417
2.9416568279266357
2.9416031837463379
2.9416024684906006
2.9415607452392578
2.9415013790130615
2.9414570331573486
2.9414033889770508
2.9413151741027832
2.9412147998809814
2.9411404132843018
2.9411129951477051
2.941105842590332
2.9411208629608154
2.9411242008209229
2.9410889148712158
2.9411120414733887
2.941112756729126
2.9412245750427246
2.9429647922515869
2.9428064823150635
2.942697286605835
2.9425902366638184
2.9425101280212402
2.9424495697021484
2.9423832893371582
2.9422364234924316
2.9421031475067139
2.9420382976531982
2.9419608116149902
2.941901683807373
2.9418313503265381
2.941734790802002
2.9416790008544922
2.9416320323944092
2.9416148662567139
2.9415555000305176
2.9414680004119873
2.9414205551147461
2.941364049911499
2.9412715435028076
2.9412055015563965
2.9411764144897461
2.9411482810974121
2.9411470890045166
2.9411725997924805
2.941187858581543
2.941162109375
2.9412164688110352
2.9412119388580322
2.9412841796875
2.9429588317871094
2.9427738189697266
2.94264817237854
2.9425485134124756
2.942471981048584
2.9424030780792236
2.9423191547393799
2.9421346187591553
2.9420149326324463
2.9419975280761719
2.9419252872467041
2.941852331161499
2.9417805671691895
2.9416992664337158
2.9416627883911133
2.9416060447692871
2.9415557384490967
2.9414792060852051
2.9413893222808838
2.9413537979125977
2.9413278102874756
2.9412906169891357
2.9412477016448975
2.9412288665771484
2.9412047863006592
2.9412012100219727
2.9412209987640381
2.9412281513214111
2.9411952495574951
2.9412338733673096
2.9411993026733398
2.9412262439727783
2.9403200149536133
2.9402570724487305
2.9402081966400146
2.9401452541351318
2.9400765895843506
2.9400157928466797
2.9399588108062744
2.9398977756500244
2.9398541450500488
2.9398171901702881
2.9398219585418701
2.939781665802002
2.9397411346435547
2.9396746158599854
2.9395945072174072
2.9395196437835693
2.9394500255584717
2.9393706321716309
2.9392797946929932
2.9391911029815674
2.9390926361083984
2.9390075206756592
2.9389111995697021
2.9388275146484375
2.9387273788452148
2.9386506080627441
2.9385437965393066
2.938422679901123
2.9382967948913574
2.938162088394165
2.9380278587341309
2.9378912448883057
2.9377250671386719
2.9375643730163574
2.9373750686645508
2.9371774196624756
2.9369680881500244
2.9367258548736572
2.9364871978759766
2.9362249374389648
2.9359655380249023
2.9356799125671387
2.9353752136230469
2.9350666999816895
2.934708833694458
2.934349536895752
2.9339308738708496
2.9335026741027832
2.9330382347106934
2.9324996471405029
2.9319782257080078
2.9313633441925049
2.9307785034179688
2.9300596714019775
2.9293665885925293
2.9285402297973633
2.9276704788208008
2.9266970157623291
2.9256737232208252
2.9244930744171143
2.9231674671173096
2.9218394756317139
2.9202172756195068
2.9184157848358154
2.9165585041046143
2.9143352508544922
2.9118447303771973
2.909130334854126
2.9060263633728027
2.9025058746337891
2.8986046314239502
2.8941547870635986
2.8890800476074219
2.8832974433898926
2.8766748905181885
2.8690180778503418
2.8601644039154053
2.84979248046875
2.8376917839050293
2.823439359664917
2.8066585063934326
2.7869107723236084
2.7636144161224365
2.7391922473907471
2.7051222324371338
2.6639013290405273
2.6164021492004395
2.5626609325408936
2.5018160343170166
2.4257168769836426
2.333747386932373
2.2295892238616943
2.9402577877044678
2.9402000904083252
2.9401533603668213
2.94008469581604
2.9400038719177246
2.9399302005767822
2.9398527145385742
2.9397847652435303
2.939727783203125
2.9396655559539795
2.9396722316741943
2.9396293163299561
2.9395854473114014
2.9395112991333008
2.9394252300262451
2.9393374919891357
2.9392490386962891
2.939159631729126
2.9390711784362793
2.9389660358428955
2.9388532638549805
2.9387412071228027
2.9386398792266846
2.9385342597961426
2.9384238719940186
2.938335657119751
2.9382274150848389
2.9381029605865479
2.9379758834838867
2.9378273487091064
2.9376649856567383
2.9375236034393311
2.937347412109375
2.9371790885925293
2.936964750289917
2.9367451667785645
2.9365253448486328
2.9362592697143555
2.935992956161499
2.9357151985168457
2.9354369640350342
2.9351239204406738
2.9347808361053467
2.9344353675842285
2.9340219497680664
2.9336180686950684
2.9331579208374023
2.9326944351196289
2.9321696758270264
2.9315845966339111
2.9309749603271484
2.9303078651428223
2.9295873641967773
2.9288046360015869
2.9279701709747314
2.9270796775817871
2.9260861873626709
2.9249904155731201
2.9237639904022217
2.9224555492401123
2.9209709167480469
2.9193844795227051
2.9176349639892578
2.9156827926635742
2.9135103225708008
2.9111132621765137
2.9083685874938965
2.9052786827087402
2.9018306732177734
2.8979599475860596
2.893580436706543
2.8885893821716309
2.8829400539398193
2.876570463180542
2.8692958354949951
2.8608779907226562
2.8511126041412354
2.8397181034088135
2.8263247013092041
2.8107948303222656
2.7926492691040039
2.7715539932250977
2.7469511032104492
2.721247673034668
2.6842780113220215
2.6409966945648193
2.5923619270324707
2.5380046367645264
2.4760515689849854
2.3979144096374512
2.3054711818695068
2.2031822204589844
2.9402954578399658
2.9402234554290771
2.9401693344116211
2.94010329246521
2.9400224685668945
2.9399588108062744
2.9398965835571289
2.9398305416107178
2.9397857189178467
2.9397053718566895
2.9396970272064209
2.9396524429321289
2.9396073818206787
2.9395320415496826
2.9394474029541016
2.9393625259399414
2.9392788410186768
2.9391951560974121
2.9391005039215088
2.9390034675598145
2.9388997554779053
2.9387962818145752
2.9386880397796631
2.9385900497436523
2.9384834766387939
2.9383714199066162
2.9382545948028564
2.9381434917449951
2.9380178451538086
2.9378652572631836
2.9377012252807617
2.93756103515625
2.9374020099639893
2.9372320175170898
2.9370241165161133
2.9367988109588623
2.9365556240081787
2.9362971782684326
2.9360206127166748
2.9357209205627441
2.9354212284088135
2.9351363182067871
2.9347906112670898
2.9344427585601807
2.9340372085571289
2.933631420135498
2.9332034587860107
2.9327127933502197
2.9321880340576172
2.9316539764404297
2.9310140609741211
2.9303615093231201
2.9296197891235352
2.9288887977600098
2.9280436038970947
2.927147388458252
2.9261326789855957
2.9250574111938477
2.9238157272338867
2.9225466251373291
2.921097993850708
2.9195187091827393
2.9177203178405762
2.9157757759094238
2.9135634899139404
2.9111669063568115
2.9084322452545166
2.9053776264190674
2.9019062519073486
2.8980388641357422
2.8936500549316406
2.8886737823486328
2.8830113410949707
2.8766193389892578
2.8693172931671143
2.8609025478363037
2.8510069847106934
2.8394849300384521
2.8259584903717041
2.8102092742919922
2.7917814254760742
2.7704930305480957
2.745675802230835
2.720778226852417
2.6825277805328369
2.6383092403411865
2.5894865989685059
2.5354771614074707
2.4737186431884766
2.3939516544342041
2.2996997833251953
2.1965904235839844
2.9402878284454346
2.9402174949645996
2.9401669502258301
2.9401013851165771
2.9400217533111572
2.9399476051330566
2.9398722648620605
2.9398040771484375
2.939763069152832
2.9396662712097168
2.9396486282348633
2.9396183490753174
2.9395933151245117
2.9395284652709961
2.9394540786743164
2.939375638961792
2.9393126964569092
2.9392292499542236
2.9391369819641113
2.9390382766723633
2.93892502784729
2.9388206005096436
2.9387149810791016
2.9386045932769775
2.9384973049163818
2.9383761882781982
2.9382808208465576
2.9381570816040039
2.9380176067352295
2.9378571510314941
2.9376916885375977
2.937535285949707
2.9373691082000732
2.9372050762176514
2.9370021820068359
2.9367797374725342
2.9365403652191162
2.9362831115722656
2.9360084533691406
2.9357163906097412
2.9354052543640137
2.9351117610931396
2.9347712993621826
2.9344239234924316
2.9340288639068604
2.9336364269256592
2.9331738948822021
2.9327189922332764
2.93216872215271
2.9316277503967285
2.93100905418396
2.9303855895996094
2.9296417236328125
2.9289116859436035
2.9280328750610352
2.9271726608276367
2.9261889457702637
2.9251039028167725
2.9239184856414795
2.9226291179656982
2.9211547374725342
2.9196174144744873
2.9178504943847656
2.9158999919891357
2.9137187004089355
2.9113051891326904
2.9085438251495361
2.9055302143096924
2.9020829200744629
2.8982758522033691
2.8938815593719482
2.8889703750610352
2.8833198547363281
2.8768942356109619
2.8696420192718506
2.8612563610076904
2.8513448238372803
2.8397259712219238
2.826042652130127
2.8101077079772949
2.7914903163909912
2.7699575424194336
2.744880199432373
2.7209417819976807
2.6810977458953857
2.6355657577514648
2.5860850811004639
2.5319554805755615
2.4700357913970947
2.3877863883972168
2.2907149791717529
2.1857979297637939
2.9402840137481689
2.9402203559875488
2.9401712417602539
2.9401047229766846
2.9400191307067871
2.9399516582489014
2.9398858547210693
2.9398233890533447
2.939805269241333
2.9397027492523193
2.9396841526031494
2.9396359920501709
2.9396238327026367
2.9395735263824463
2.939507007598877
2.939424991607666
2.9393606185913086
2.9392802715301514
2.93918776512146
2.9391014575958252
2.9389925003051758
2.9388892650604248
2.9387824535369873
2.9386734962463379
2.9385590553283691
2.9384427070617676
2.9383373260498047
2.9382131099700928
2.9380850791931152
2.9379305839538574
2.9377591609954834
2.9375936985015869
2.9374384880065918
2.9372811317443848
2.9370851516723633
2.9368784427642822
2.9366443157196045
2.9363842010498047
2.9361112117767334
2.9358153343200684
2.9355080127716064
2.9352197647094727
2.9348783493041992
2.9345507621765137
2.9341557025909424
2.9337646961212158
2.9333109855651855
2.9328634738922119
2.9323263168334961
2.9317951202392578
2.9311728477478027
2.9305658340454102
2.9298379421234131
2.9291298389434814
2.9282796382904053
2.9274430274963379
2.9264185428619385
2.9253933429718018
2.924236536026001
2.9229686260223389
2.9215478897094727
2.9200329780578613
2.9182643890380859
2.9163463115692139
2.9141921997070312
2.91188645362854
2.9092116355895996
2.9062106609344482
2.9028217792510986
2.899059534072876
2.8947668075561523
2.8899271488189697
2.8843607902526855
2.8780100345611572
2.8708291053771973
2.862539529800415
2.8526663780212402
2.8410992622375488
2.8274250030517578
2.8114190101623535
2.7927041053771973
2.771122932434082
2.7458233833312988
2.7230148315429688
2.681715726852417
2.6349022388458252
2.584721565246582
2.5304560661315918
2.4683704376220703
2.3834676742553711
2.2830653190612793
2.175757884979248
2.9402992725372314
2.9402449131011963
2.9402132034301758
2.940150260925293
2.9400730133056641
2.9400134086608887
2.9399573802947998
2.9398958683013916
2.9398808479309082
2.9397773742675781
2.9397668838500977
2.9397346973419189
2.9397099018096924
2.9396498203277588
2.939570426940918
2.9394776821136475
2.9393882751464844
2.9393055438995361
2.9392247200012207
2.9391396045684814
2.9390373229980469
2.9389433860778809
2.9388523101806641
2.9387447834014893
2.938629150390625
2.9385097026824951
2.9384016990661621
2.9382848739624023
2.9381523132324219
2.9380080699920654
2.937849760055542
2.9376800060272217
2.9375133514404297
2.9373543262481689
2.9371640682220459
2.9369575977325439
2.9367210865020752
2.9364733695983887
2.9362020492553711
2.9359328746795654
2.9356412887573242
2.9353549480438232
2.9350171089172363
2.9346938133239746
2.9343125820159912
2.9339385032653809
2.9334917068481445
2.9330389499664307
2.9325394630432129
2.9319884777069092
2.9314148426055908
2.9308080673217773
2.9300954341888428
2.9294130802154541
2.9285776615142822
2.9277439117431641
2.9267435073852539
2.9257822036743164
2.9246435165405273
2.9233767986297607
2.9220373630523682
2.9204781055450439
2.9187760353088379
2.9169445037841797
2.9148528575897217
2.9125149250030518
2.9098889827728271
2.9070050716400146
2.9037058353424072
2.9000012874603271
2.8958423137664795
2.8910453319549561
2.8856065273284912
2.8793563842773438
2.8723428249359131
2.8641407489776611
2.8543813228607178
2.8428926467895508
2.8292794227600098
2.8132646083831787
2.7945370674133301
2.7729148864746094
2.7474935054779053
2.7258415222167969
2.6831004619598389
2.6349022388458252
2.5838606357574463
2.5292677879333496
2.4667453765869141
2.3789017200469971
2.274632453918457
2.1637670993804932
2.9403457641601562
2.9402933120727539
2.9402551651000977
2.9402003288269043
2.9401237964630127
2.9400696754455566
2.9400210380554199
2.9399769306182861
2.9399764537811279
2.9398646354675293
2.9398512840270996
2.9398021697998047
2.9397835731506348
2.9397377967834473
2.9396684169769287
2.9395735263824463
2.9394838809967041
2.9393970966339111
2.9393105506896973
2.93923020362854
2.9391252994537354
2.9390144348144531
2.9389133453369141
2.9388210773468018
2.9387056827545166
2.9385898113250732
2.9384839534759521
2.9383642673492432
2.9382333755493164
2.938101053237915
2.937932014465332
2.9377634525299072
2.9376037120819092
2.9374487400054932
2.937269926071167
2.9370825290679932
2.9368534088134766
2.936610221862793
2.9363579750061035
2.9360980987548828
2.9358086585998535
2.9355072975158691
2.9352004528045654
2.9348545074462891
2.9345109462738037
2.9341344833374023
2.9336929321289062
2.9332513809204102
2.9327497482299805
2.9322478771209717
2.931678295135498
2.9310917854309082
2.9304234981536865
2.9297518730163574
2.9289300441741943
2.928117036819458
2.9271571636199951
2.926206111907959
2.9250693321228027
2.9238615036010742
2.9225201606750488
2.921053409576416
2.9193506240844727
2.9176268577575684
2.9156129360198975
2.9132962226867676
2.9107809066772461
2.9079692363739014
2.9046759605407715
2.9011542797088623
2.8970329761505127
2.8923797607421875
2.8870599269866943
2.8810403347015381
2.8741700649261475
2.866126537322998
2.8565161228179932
2.8450767993927002
2.8316097259521484
2.8157329559326172
2.7970385551452637
2.7754225730895996
2.749915599822998
2.7295112609863281
2.6853752136230469
2.6357522010803223
2.5837464332580566
2.5287027359008789
2.4656116962432861
2.3744707107543945
2.2660186290740967
2.1515562534332275
2.9404041767120361
2.9403564929962158
2.9403219223022461
2.9402585029602051
2.9401843547821045
2.9401345252990723
2.9400885105133057
2.9400415420532227
2.9400379657745361
2.9399449825286865
2.9399440288543701
2.9398725032806396
2.9398598670959473
2.9398183822631836
2.9397530555725098
2.939661979675293
2.939572811126709
2.9394779205322266
2.9393899440765381
2.9393181800842285
2.9392144680023193
2.9391050338745117
2.9389975070953369
2.9388864040374756
2.9387691020965576
2.9386467933654785
2.9385201930999756
2.9384100437164307
2.9383020401000977
2.9381880760192871
2.9380316734313965
2.9378647804260254
2.937690258026123
2.9375426769256592
2.9373619556427002
2.9371590614318848
2.9369556903839111
2.9367318153381348
2.9364786148071289
2.9362165927886963
2.9359395503997803
2.9356396198272705
2.9353554248809814
2.9350137710571289
2.9346740245819092
2.9342851638793945
2.9338891506195068
2.93345046043396
2.9329521656036377
2.932469367980957
2.9319097995758057
2.9313616752624512
2.9307184219360352
2.9300272464752197
2.9292888641357422
2.9285109043121338
2.9275610446929932
2.9266362190246582
2.9255368709564209
2.9243693351745605
2.9230327606201172
2.9216599464416504
2.9200222492218018
2.9183268547058105
2.916304349899292
2.914151668548584
2.9116549491882324
2.9088935852050781
2.9057145118713379
2.9023377895355225
2.8983733654022217
2.8938627243041992
2.8885834217071533
2.8826987743377686
2.8760361671447754
2.868243932723999
2.8587417602539062
2.8475580215454102
2.8341901302337646
2.818474292755127
2.7999165058135986
2.778400182723999
2.7528448104858398
2.733665943145752
2.6882424354553223
2.6371734142303467
2.5841591358184814
2.528475284576416
2.4647130966186523
2.3699672222137451
2.2567005157470703
2.1376094818115234
2.940481424331665
2.9404444694519043
2.9404120445251465
2.9403505325317383
2.9402754306793213
2.9402282238006592
2.9401822090148926
2.9401226043701172
2.9401230812072754
2.9400238990783691
2.9400222301483154
2.939943790435791
2.9399111270904541
2.939873218536377
2.9398128986358643
2.9397296905517578
2.9396438598632812
2.9395432472229004
2.9394540786743164
2.9393725395202637
2.9392688274383545
2.9391653537750244
2.9390528202056885
2.9389338493347168
2.938814640045166
2.9386904239654541
2.9385612010955811
2.9384305477142334
2.9383175373077393
2.938194751739502
2.9380383491516113
2.9378783702850342
2.9377090930938721
2.9375576972961426
2.9374203681945801
2.9372541904449463
2.9370777606964111
2.9368579387664795
2.9366180896759033
2.9363594055175781
2.9360799789428711
2.9357891082763672
2.9354941844940186
2.9351825714111328
2.9348385334014893
2.9344596862792969
2.934084415435791
2.9336445331573486
2.9331972599029541
2.9327192306518555
2.932164192199707
2.9316329956054688
2.9310059547424316
2.9303793907165527
2.9296085834503174
2.928844690322876
2.9279472827911377
2.9270732402801514
2.9260234832763672
2.9249086380004883
2.9236016273498535
2.9222946166992188
2.9206478595733643
2.9189553260803223
2.9170863628387451
2.9149906635284424
2.9125194549560547
2.9098877906799316
2.9068756103515625
2.903519868850708
2.8995919227600098
2.8951563835144043
2.8900892734527588
2.8844563961029053
2.878056526184082
2.8704099655151367
2.8611495494842529
2.8501560688018799
2.8369505405426025
2.8213629722595215
2.8029553890228271
2.7815980911254883
2.7560601234436035
2.738149881362915
2.6915795803070068
2.6390891075134277
2.5850415229797363
2.5285661220550537
2.4640100002288818
2.3654859066009521
2.247391939163208
2.1225705146789551
2.9405324459075928
2.9405083656311035
2.9404759407043457
2.9404458999633789
2.940373420715332
2.9403297901153564
2.9402806758880615
2.9402122497558594
2.9401848316192627
2.9400854110717773
2.9401075839996338
2.9400143623352051
2.9399590492248535
2.9398989677429199
2.9398529529571533
2.93977952003479
2.9396932125091553
2.9395914077758789
2.9394974708557129
2.9394118785858154
2.9393088817596436
2.9392054080963135
2.9390912055969238
2.9389758110046387
2.9388575553894043
2.9387292861938477
2.9385986328125
2.9384639263153076
2.938338041305542
2.9382145404815674
2.938068151473999
2.9379210472106934
2.9377593994140625
2.9376232624053955
2.9374876022338867
2.9373540878295898
2.9371922016143799
2.9369807243347168
2.9367542266845703
2.9365017414093018
2.9362349510192871
2.9359514713287354
2.9356491565704346
2.9353256225585938
2.934992790222168
2.9346573352813721
2.9342706203460693
2.9338352680206299
2.9334020614624023
2.9329485893249512
2.932415246963501
2.9319016933441162
2.9312777519226074
2.9306559562683105
2.9299449920654297
2.9292223453521729
2.9283390045166016
2.9274928569793701
2.9264724254608154
2.9253981113433838
2.924175500869751
2.92283034324646
2.9212815761566162
2.9196193218231201
2.9178709983825684
2.9157571792602539
2.9134705066680908
2.9108426570892334
2.9080355167388916
2.9045789241790771
2.9009702205657959
2.8966178894042969
2.8918335437774658
2.8861677646636963
2.8799960613250732
2.8723926544189453
2.8635609149932861
2.8526957035064697
2.8399441242218018
2.824437141418457
2.8063738346099854
2.7850840091705322
2.7597126960754395
2.7429451942443848
2.6954262256622314
2.6414706707000732
2.5863065719604492
2.5289199352264404
2.4634220600128174
2.3607821464538574
2.237454891204834
2.1075568199157715
2.9405753612518311
2.9405503273010254
2.9405281543731689
2.9404973983764648
2.9404261112213135
2.9403786659240723
2.9403307437896729
2.9402639865875244
2.9402360916137695
2.9401469230651855
2.9401540756225586
2.9400582313537598
2.9400150775909424
2.9399509429931641
2.939906120300293
2.9398226737976074
2.9397387504577637
2.939638614654541
2.9395368099212646
2.9394521713256836
2.9393510818481445
2.9392485618591309
2.9391353130340576
2.9390170574188232
2.9388957023620605
2.9387667179107666
2.9386398792266846
2.9385116100311279
2.9383885860443115
2.9382662773132324
2.9381465911865234
2.9380176067352295
2.937859058380127
2.9377079010009766
2.9375870227813721
2.9374680519104004
2.9373099803924561
2.9371199607849121
2.9368972778320312
2.9366421699523926
2.9363794326782227
2.936107873916626
2.9358046054840088
2.9355032444000244
2.9351625442504883
2.9348206520080566
2.9344682693481445
2.934056282043457
2.9336397647857666
2.9331755638122559
2.9326601028442383
2.932166576385498
2.9316143989562988
2.9309473037719727
2.9303009510040283
2.929527759552002
2.9287824630737305
2.9278500080108643
2.9269404411315918
2.9258129596710205
2.9247069358825684
2.9233238697052002
2.9219543933868408
2.9202554225921631
2.9185707569122314
2.9164698123931885
2.9143791198730469
2.9117417335510254
2.9090847969055176
2.9057207107543945
2.9022934436798096
2.8979568481445312
2.8934993743896484
2.8877894878387451
2.8820164203643799
2.8745222091674805
2.8661270141601562
2.8553166389465332
2.8429901599884033
2.8275852203369141
2.8098878860473633
2.7887530326843262
2.7635571956634521
2.7479298114776611
2.699570894241333
2.64432692527771
2.5878872871398926
2.5296509265899658
2.4628908634185791
2.3562421798706055
2.226768970489502
2.0906636714935303
2.9406273365020752
2.9406065940856934
2.9405851364135742
2.9405431747436523
2.940476655960083
2.9404351711273193
2.9403913021087646
2.9403307437896729
2.9403228759765625
2.9402017593383789
2.9401955604553223
2.9400982856750488
2.9400703907012939
2.9400107860565186
2.9399771690368652
2.9398941993713379
2.9398090839385986
2.9397079944610596
2.9396092891693115
2.9395232200622559
2.9394326210021973
2.9393246173858643
2.9392063617706299
2.9390950202941895
2.9389703273773193
2.9388484954833984
2.938727855682373
2.9386036396026611
2.9384825229644775
2.9383623600006104
2.9382593631744385
2.9381308555603027
2.9379813671112061
2.937847375869751
2.9377152919769287
2.9375746250152588
2.937436580657959
2.9372503757476807
2.9370372295379639
2.9367949962615967
2.9365317821502686
2.9362621307373047
2.9359571933746338
2.9356436729431152
2.9353280067443848
2.9349837303161621
2.9346444606781006
2.9342451095581055
2.9338157176971436
2.9333939552307129
2.9328932762145996
2.9323854446411133
2.9318709373474121
2.9312319755554199
2.9306163787841797
2.9298639297485352
2.9291303157806396
2.9282302856445312
2.9273724555969238
2.9262773990631104
2.9251930713653564
2.9238464832305908
2.922511100769043
2.9208686351776123
2.9192461967468262
2.917219877243042
2.9151999950408936
2.9126455783843994
2.9100675582885742
2.9068162441253662
2.9035038948059082
2.8993055820465088
2.8949882984161377
2.8894593715667725
2.8839027881622314
2.8766570091247559
2.8684313297271729
2.8579809665679932
2.8458306789398193
2.8308107852935791
2.8133804798126221
2.7925424575805664
2.7674767971038818
2.7531583309173584
2.7039563655853271
2.6477162837982178
2.5898678302764893
2.5307645797729492
2.4625442028045654
2.3519287109375
2.2163312435150146
2.0719542503356934
2.9407033920288086
2.9406783580780029
2.9406378269195557
2.9405910968780518
2.9405193328857422
2.9404807090759277
2.9404428005218506
2.940392017364502
2.9403681755065918
2.9402298927307129
2.9402310848236084
2.9401443004608154
2.9401154518127441
2.9400670528411865
2.940007209777832
2.9399416446685791
2.9398641586303711
2.9397659301757812
2.9396817684173584
2.939584493637085
2.9394900798797607
2.9393918514251709
2.9392762184143066
2.9391531944274902
2.9390404224395752
2.9389278888702393
2.9388082027435303
2.9386885166168213
2.9385857582092285
2.9384820461273193
2.9383692741394043
2.9382460117340088
2.9381191730499268
2.9379863739013672
2.9378468990325928
2.9376873970031738
2.9375312328338623
2.9373395442962646
2.9371440410614014
2.9369039535522461
2.9366481304168701
2.9363839626312256
2.9360871315002441
2.9357883930206299
2.935488224029541
2.9351427555084229
2.9348008632659912
2.9344127178192139
2.9340224266052246
2.9335620403289795
2.9331176280975342
2.9326028823852539
2.9321095943450928
2.9314963817596436
2.9309051036834717
2.9301753044128418
2.9294610023498535
2.9285809993743896
2.9277238845825195
2.9266641139984131
2.9256234169006348
2.9243321418762207
2.9230513572692871
2.9214646816253662
2.9198839664459229
2.917912483215332
2.9159367084503174
2.9134650230407715
2.9109804630279541
2.9078347682952881
2.9046425819396973
2.900583028793335
2.8963854312896729
2.891132116317749
2.8856010437011719
2.8787596225738525
2.870591402053833
2.860590934753418
2.8485596179962158
2.8340871334075928
2.8168225288391113
2.7965092658996582
2.7715120315551758
2.7585098743438721
2.7087101936340332
2.6514158248901367
2.5922820568084717
2.532036304473877
2.4623908996582031
2.347430944442749
2.2061307430267334
2.05342698097229
2.9407474994659424
2.9407286643981934
2.9406957626342773
2.9406552314758301
2.9405872821807861
2.9405434131622314
2.9404981136322021
2.940432071685791
2.94038987159729
2.9402556419372559
2.9402782917022705
2.9401984214782715
2.940155029296875
2.9400734901428223
2.9400229454040527
2.9399833679199219
2.9399268627166748
2.9398484230041504
2.9397668838500977
2.9396657943725586
2.9395725727081299
2.9394693374633789
2.9393539428710938
2.9392414093017578
2.9391286373138428
2.9390201568603516
2.9388947486877441
2.9387762546539307
2.9386615753173828
2.9385612010955811
2.9384644031524658
2.9383487701416016
2.9382405281066895
2.9380941390991211
2.9379508495330811
2.9377691745758057
2.9375903606414795
2.9374148845672607
2.9372315406799316
2.9370009899139404
2.9367592334747314
2.9365017414093018
2.936220645904541
2.935922384262085
2.9356217384338379
2.9352912902832031
2.9349548816680908
2.9345688819885254
2.9341826438903809
2.9337418079376221
2.9333248138427734
2.9328222274780273
2.9323415756225586
2.9317469596862793
2.9311740398406982
2.9304721355438232
2.929786205291748
2.928931713104248
2.9280905723571777
2.9270598888397217
2.9260501861572266
2.9248020648956299
2.9235713481903076
2.9220359325408936
2.9205086231231689
2.9185976982116699
2.9166946411132812
2.9143080711364746
2.9118492603302002
2.9089505672454834
2.9056577682495117
2.9019174575805664
2.8976626396179199
2.8927252292633057
2.8872404098510742
2.8807382583618164
2.8726952075958252
2.8630542755126953
2.8513336181640625
2.8371641635894775
2.8202729225158691
2.8003482818603516
2.7756569385528564
2.7637686729431152
2.7138569355010986
2.6554925441741943
2.5951192378997803
2.5335497856140137
2.4624481201171875
2.3429105281829834
2.1955070495605469
2.0347108840942383
2.9408066272735596
2.9407975673675537
2.9407584667205811
2.9407205581665039
2.9406511783599854
2.9406096935272217
2.9405591487884521
2.9404864311218262
2.9404463768005371
2.9403097629547119
2.9403271675109863
2.9402370452880859
2.940197229385376
2.9401049613952637
2.9400646686553955
2.9400279521942139
2.9399900436401367
2.9399189949035645
2.9398360252380371
2.9397439956665039
2.9396345615386963
2.9395351409912109
2.9394409656524658
2.9393255710601807
2.9392092227935791
2.9390897750854492
2.9389617443084717
2.9388387203216553
2.9387216567993164
2.9386084079742432
2.9385170936584473
2.9384274482727051
2.9383010864257812
2.9381682872772217
2.9380114078521729
2.9378302097320557
2.9376475811004639
2.9374649524688721
2.9372608661651611
2.9370410442352295
2.9367938041687012
2.9365377426147461
2.9362964630126953
2.9360077381134033
2.935725212097168
2.9354250431060791
2.9351015090942383
2.9347224235534668
2.9343485832214355
2.9339175224304199
2.9335074424743652
2.9330134391784668
2.9325413703918457
2.9319615364074707
2.9314074516296387
2.930715799331665
2.9300408363342285
2.9292130470275879
2.9284043312072754
2.9274120330810547
2.9264390468597412
2.9252262115478516
2.9240312576293945
2.9225418567657471
2.9210526943206787
2.9192972183227539
2.9172656536102295
2.915179967880249
2.9126701354980469
2.9098906517028809
2.9066567420959473
2.903038501739502
2.8989953994750977
2.8941531181335449
2.8888366222381592
2.8824820518493652
2.8747973442077637
2.8652865886688232
2.85404372215271
2.8400232791900635
2.8236901760101318
2.8039822578430176
2.7798008918762207
2.7687375545501709
2.7192451953887939
2.6598122119903564
2.598311185836792
2.5352027416229248
2.4626402854919434
2.3386476039886475
2.1845073699951172
2.0141394138336182
2.9408748149871826
2.9408609867095947
2.9408180713653564
2.9407885074615479
2.9407141208648682
2.9406678676605225
2.9406163692474365
2.9405462741851807
2.9405002593994141
2.9403557777404785
2.9403576850891113
2.9402635097503662
2.9402315616607666
2.9401617050170898
2.9401469230651855
2.9400978088378906
2.9400777816772461
2.9400122165679932
2.9399211406707764
2.9398233890533447
2.9397201538085938
2.939619779586792
2.9394979476928711
2.9393692016601562
2.9392483234405518
2.9391181468963623
2.9389855861663818
2.9388642311096191
2.9387469291687012
2.9386336803436279
2.9385240077972412
2.938434362411499
2.938307523727417
2.9381875991821289
2.9380323886871338
2.9378542900085449
2.937685489654541
2.937495231628418
2.9373047351837158
2.937091588973999
2.9368677139282227
2.9366209506988525
2.9363794326782227
2.9360942840576172
2.9358127117156982
2.9355015754699707
2.9351751804351807
2.9348032474517822
2.934453010559082
2.9340386390686035
2.933647632598877
2.9331910610198975
2.9327526092529297
2.9321911334991455
2.9316573143005371
2.9309999942779541
2.9303545951843262
2.929553747177124
2.9287707805633545
2.9278023242950439
2.9268531799316406
2.9256737232208252
2.9245030879974365
2.9230749607086182
2.9215240478515625
2.9198980331420898
2.9179532527923584
2.9157488346099854
2.9135127067565918
2.9106428623199463
2.9076993465423584
2.9039952754974365
2.9002296924591064
2.8953540325164795
2.8904223442077637
2.8840222358703613
2.8767592906951904
2.8673534393310547
2.8565237522125244
2.8427927494049072
2.8269476890563965
2.8076241016387939
2.7838852405548096
2.7736639976501465
2.72464919090271
2.664508581161499
2.6017134189605713
2.537151575088501
2.462702751159668
2.3347017765045166
2.1736524105072021
1.9917833805084229
2.9409255981445312
2.9409167766571045
2.9408612251281738
2.9408373832702637
2.9407639503479004
2.9407215118408203
2.9406759738922119
2.9406118392944336
2.9405624866485596
2.9404001235961914
2.9404017925262451
2.9403076171875
2.9402930736541748
2.940253734588623
2.9402122497558594
2.9401755332946777
2.9401483535766602
2.9400689601898193
2.9399850368499756
2.9398980140686035
2.9397845268249512
2.9396569728851318
2.9395201206207275
2.9393956661224365
2.9392545223236084
2.9391255378723145
2.9390084743499756
2.9388926029205322
2.9387757778167725
2.9386515617370605
2.9385313987731934
2.9384086132049561
2.9382908344268799
2.938183069229126
2.9380261898040771
2.9378578662872314
2.9376914501190186
2.9375271797180176
2.9373536109924316
2.9371564388275146
2.9369394779205322
2.9367022514343262
2.9364628791809082
2.9361793994903564
2.9359099864959717
2.935598611831665
2.9352734088897705
2.934920072555542
2.9345660209655762
2.9341630935668945
2.9337813854217529
2.9333240985870361
2.9328880310058594
2.9323520660400391
2.931837797164917
2.9311928749084473
2.9305729866027832
2.9297926425933838
2.9290413856506348
2.9280991554260254
2.9271585941314697
2.9260351657867432
2.9248480796813965
2.9234364032745361
2.9220535755157471
2.9203035831451416
2.9185395240783691
2.9163484573364258
2.9141755104064941
2.9114043712615967
2.9085743427276611
2.9049649238586426
2.9012694358825684
2.8965210914611816
2.8918237686157227
2.8855619430541992
2.8785946369171143
2.869236946105957
2.8587987422943115
2.8453607559204102
2.8299498558044434
2.8110740184783936
2.7878105640411377
2.7783854007720947
2.730109691619873
2.6694762706756592
2.6053478717803955
2.5392076969146729
2.4627664089202881
2.3309168815612793
2.1631488800048828
1.968178391456604
2.9409501552581787
2.940943717956543
2.9408755302429199
2.940852165222168
2.9407775402069092
2.940748929977417
2.940704345703125
2.9406313896179199
2.9405806064605713
2.9404313564300537
2.940441370010376
2.9403502941131592
2.9403600692749023
2.9402995109558105
2.9402813911437988
2.9402310848236084
2.9401936531066895
2.9401094913482666
2.9400238990783691
2.9399352073669434
2.9398248195648193
2.93971848487854
2.9395761489868164
2.9394335746765137
2.9392733573913574
2.9391415119171143
2.9390261173248291
2.9389126300811768
2.9387955665588379
2.9386672973632812
2.9385395050048828
2.9384229183197021
2.9383156299591064
2.9382038116455078
2.9380755424499512
2.937917947769165
2.9377608299255371
2.9375782012939453
2.9373950958251953
2.937213659286499
2.9370224475860596
2.9367990493774414
2.9365496635437012
2.9362783432006836
2.936002254486084
2.9356889724731445
2.9353630542755127
2.9350004196166992
2.9346485137939453
2.9342553615570068
2.9338903427124023
2.933452844619751
2.9330465793609619
2.9325277805328369
2.9320371150970459
2.9314126968383789
2.9307980537414551
2.9300460815429688
2.9292762279510498
2.9283778667449951
2.9274740219116211
2.9263401031494141
2.9252152442932129
2.9238357543945312
2.9224722385406494
2.9207642078399658
2.919053316116333
2.9169237613677979
2.9148049354553223
2.9120991230010986
2.9093532562255859
2.9058370590209961
2.9022295475006104
2.8976008892059326
2.893017053604126
2.886929988861084
2.8801934719085693
2.8711061477661133
2.861006498336792
2.8478384017944336
2.8328664302825928
2.8144073486328125
2.7916595935821533
2.7829160690307617
2.73569655418396
2.6747448444366455
2.6093673706054688
2.5414648056030273
2.4628260135650635
2.3273723125457764
2.1530909538269043
1.9434443712234497
2.9409542083740234
2.9409584999084473
2.9408962726593018
2.9408836364746094
2.9408104419708252
2.9407835006713867
2.9407320022583008
2.9406642913818359
2.9406063556671143
2.9404556751251221
2.9404633045196533
2.9403629302978516
2.9403491020202637
2.9403362274169922
2.9403142929077148
2.9402546882629395
2.9402012825012207
2.9401233196258545
2.940049409866333
2.9399688243865967
2.9398670196533203
2.9397389888763428
2.9396097660064697
2.9394571781158447
2.939288854598999
2.9391608238220215
2.9390442371368408
2.9389307498931885
2.9388053417205811
2.9386756420135498
2.9385538101196289
2.9384565353393555
2.9383583068847656
2.9382410049438477
2.9381153583526611
2.937962532043457
2.9377913475036621
2.9376146793365479
2.9374561309814453
2.9372842311859131
2.937089204788208
2.9368798732757568
2.9366343021392822
2.9363646507263184
2.9360864162445068
2.9357864856719971
2.935488224029541
2.9351413249969482
2.9348018169403076
2.9344174861907959
2.9340465068817139
2.9336111545562744
2.9332139492034912
2.9327058792114258
2.9322140216827393
2.931605339050293
2.9310057163238525
2.9302611351013184
2.929539680480957
2.9286403656005859
2.9277591705322266
2.9266643524169922
2.9255795478820801
2.9242315292358398
2.9228925704956055
2.9212262630462646
2.9195775985717773
2.917494535446167
2.9154112339019775
2.9127681255340576
2.91009521484375
2.9066812992095947
2.9031887054443359
2.8986761569976807
2.8942165374755859
2.8882815837860107
2.8817119598388672
2.8728559017181396
2.8630492687225342
2.8501482009887695
2.8356404304504395
2.817596435546875
2.7953658103942871
2.7872014045715332
2.7412426471710205
2.6802523136138916
2.6136579513549805
2.5439059734344482
2.462838888168335
2.3241078853607178
2.1435949802398682
1.9177616834640503
2.9409840106964111
2.9409949779510498
2.9409310817718506
2.9409306049346924
2.9408507347106934
2.9408199787139893
2.9407660961151123
2.940690279006958
2.9406046867370605
2.9404511451721191
2.9404644966125488
2.9403674602508545
2.9403810501098633
2.9403669834136963
2.9403440952301025
2.9402768611907959
2.9402291774749756
2.9401524066925049
2.9400713443756104
2.9399895668029785
2.9398863315582275
2.9397692680358887
2.9396378993988037
2.9394748210906982
2.9393396377563477
2.9392259120941162
2.9391040802001953
2.9389827251434326
2.9388604164123535
2.9387304782867432
2.9386005401611328
2.9384829998016357
2.9383759498596191
2.9382736682891846
2.9381444454193115
2.9379990100860596
2.937833309173584
2.9376702308654785
2.9375207424163818
2.9373464584350586
2.9371483325958252
2.936936616897583
2.9366991519927979
2.9364504814147949
2.9361875057220459
2.9359042644500732
2.9356265068054199
2.9352974891662598
2.9349586963653564
2.9345707893371582
2.934196949005127
2.9337654113769531
2.9333655834197998
2.9328689575195312
2.9324154853820801
2.9318139553070068
2.9312303066253662
2.930499792098999
2.9297876358032227
2.9289052486419678
2.9280412197113037
2.9269685745239258
2.9259178638458252
2.9246115684509277
2.923325777053833
2.9217057228088379
2.9200983047485352
2.91806960105896
2.9160449504852295
2.913466215133667
2.9108574390411377
2.9075164794921875
2.9041032791137695
2.899695873260498
2.8953392505645752
2.889545202255249
2.8831334114074707
2.8744826316833496
2.8649275302886963
2.8523554801940918
2.8382079601287842
2.8206415176391602
2.7989001274108887
2.7912535667419434
2.7467241287231445
2.6859550476074219
2.6181459426879883
2.5464255809783936
2.4627225399017334
2.3210823535919189
2.1346886157989502
1.8910900354385376
2.9410219192504883
2.9410548210144043
2.9409866333007812
2.9409897327423096
2.9408924579620361
2.9408538341522217
2.9407858848571777
2.9406723976135254
2.9406161308288574
2.9404685497283936
2.9404904842376709
2.9404029846191406
2.9404268264770508
2.9403970241546631
2.9403722286224365
2.9403197765350342
2.9402446746826172
2.9401695728302002
2.9400877952575684
2.9400081634521484
2.9399065971374512
2.9397850036621094
2.9396543502807617
2.9395105838775635
2.9393842220306396
2.9392638206481934
2.9391520023345947
2.9390373229980469
2.938910961151123
2.9387757778167725
2.9386494159698486
2.9385337829589844
2.938413143157959
2.9383010864257812
2.9381678104400635
2.9380128383636475
2.9378619194030762
2.9377386569976807
2.9375882148742676
2.9374349117279053
2.9372403621673584
2.9370183944702148
2.936800479888916
2.9365472793579102
2.9362990856170654
2.9360177516937256
2.9357435703277588
2.9354279041290283
2.9351146221160889
2.9347372055053711
2.9343616962432861
2.9339311122894287
2.9335246086120605
2.9330389499664307
2.9325976371765137
2.9320075511932373
2.9314310550689697
2.930720329284668
2.9300251007080078
2.9291644096374512
2.9283285140991211
2.9272840023040771
2.9262607097625732
2.9249746799468994
2.9237062931060791
2.9221162796020508
2.9205408096313477
2.9185476303100586
2.9165582656860352
2.9140350818634033
2.9114894866943359
2.9082217216491699
2.9049015045166016
2.9005956649780273
2.8963499069213867
2.8906865119934082
2.8844406604766846
2.8759894371032715
2.8666102886199951
2.8544504642486572
2.8406009674072266
2.8235504627227783
2.8022677898406982
2.7950723171234131
2.7521185874938965
2.6918487548828125
2.6228673458099365
2.5490288734436035
2.4624357223510742
2.3182327747344971
2.1263694763183594
1.8633471727371216
2.9410834312438965
2.9411258697509766
2.941011905670166
2.9409968852996826
2.9409158229827881
2.9409000873565674
2.9408376216888428
2.9407241344451904
2.9406580924987793
2.9405059814453125
2.9405248165130615
2.9404439926147461
2.9404678344726562
2.940438985824585
2.9404077529907227
2.9403312206268311
2.9402554035186768
2.9401688575744629
2.9400866031646729
2.9400086402893066
2.9398941993713379
2.9397695064544678
2.9396555423736572
2.9395356178283691
2.9394288063049316
2.9393050670623779
2.9391782283782959
2.9390535354614258
2.9389376640319824
2.9388134479522705
2.9386904239654541
2.9385724067687988
2.9384644031524658
2.9383397102355957
2.9382004737854004
2.9380645751953125
2.9379265308380127
2.9378089904785156
2.9376509189605713
2.9374995231628418
2.9373011589050293
2.9370934963226318
2.936875581741333
2.9366261959075928
2.9363808631896973
2.9361128807067871
2.9358470439910889
2.9355373382568359
2.9352374076843262
2.9348692893981934
2.9344983100891113
2.9340794086456299
2.9336919784545898
2.9332070350646973
2.9327468872070312
2.9321653842926025
2.9316103458404541
2.9309144020080566
2.9302403926849365
2.9293978214263916
2.9285781383514404
2.9275534152984619
2.9265511035919189
2.9252934455871582
2.9240565299987793
2.9224977493286133
2.9209551811218262
2.9190115928649902
2.9170806407928467
2.9146084785461426
2.9121012687683105
2.908897876739502
2.9056417942047119
2.9014215469360352
2.8972716331481934
2.8917269706726074
2.8855688571929932
2.87744140625
2.868171215057373
2.8563904762268066
2.842782735824585
2.8262667655944824
2.8054430484771729
2.7985939979553223
2.7573821544647217
2.6978850364685059
2.6278212070465088
2.5517444610595703
2.4620554447174072
2.3156981468200684
2.1189804077148438
1.83458411693573
2.9411091804504395
2.9411716461181641
2.9410595893859863
2.9410459995269775
2.9409520626068115
2.9409401416778564
2.9408655166625977
2.9407510757446289
2.9406852722167969
2.9405288696289062
2.9405486583709717
2.9404747486114502
2.9404957294464111
2.9404633045196533
2.9404206275939941
2.9403285980224609
2.9402391910552979
2.9401438236236572
2.9400644302368164
2.939990758895874
2.9398956298828125
2.9397847652435303
2.9396631717681885
2.9395458698272705
2.9394292831420898
2.9393100738525391
2.9391870498657227
2.9390749931335449
2.9389593601226807
2.9388453960418701
2.938723087310791
2.9386048316955566
2.9385123252868652
2.9383845329284668
2.938248872756958
2.9381382465362549
2.9380059242248535
2.9378857612609863
2.9377319812774658
2.9375567436218262
2.9373674392700195
2.9371800422668457
2.93697190284729
2.9367399215698242
2.936471700668335
2.9362139701843262
2.9359431266784668
2.9356684684753418
2.935340404510498
2.9350030422210693
2.9346115589141846
2.934227466583252
2.9337868690490723
2.9333784580230713
2.9328515529632568
2.9323546886444092
2.9317300319671631
2.9311361312866211
2.9303848743438721
2.9296724796295166
2.9287667274475098
2.9278824329376221
2.9267685413360596
2.9256746768951416
2.9243056774139404
2.9229090213775635
2.9212517738342285
2.919536828994751
2.917431116104126
2.9151897430419922
2.9125783443450928
2.9096589088439941
2.9062409400939941
2.9023480415344238
2.8979823589324951
2.8929014205932617
2.886519193649292
2.8788950443267822
2.8694508075714111
2.858290433883667
2.8447020053863525
2.8288741111755371
2.8083021640777588
2.8019134998321533
2.7623996734619141
2.7040054798126221
2.6329164505004883
2.5544860363006592
2.4614169597625732
2.3132319450378418
2.1121125221252441
1.8044112920761108
2.9410927295684814
2.9411909580230713
2.9410791397094727
2.9410896301269531
2.9409866333007812
2.9409739971160889
2.9409008026123047
2.9407799243927002
2.9407165050506592
2.9405553340911865
2.9405755996704102
2.9404826164245605
2.9404966831207275
2.9404592514038086
2.9404139518737793
2.940324068069458
2.9402530193328857
2.940162181854248
2.9400815963745117
2.9400122165679932
2.9399192333221436
2.9398205280303955
2.9396994113922119
2.9395666122436523
2.9394409656524658
2.9393343925476074
2.9392201900482178
2.9391071796417236
2.9389963150024414
2.93888258934021
2.9387736320495605
2.938662052154541
2.9385719299316406
2.9384710788726807
2.93833327293396
2.9382128715515137
2.9380838871002197
2.9379467964172363
2.9378066062927246
2.937636137008667
2.9374711513519287
2.9372825622558594
2.937067985534668
2.9368371963500977
2.9365901947021484
2.9363539218902588
2.936079740524292
2.9358091354370117
2.9354870319366455
2.935157299041748
2.9347665309906006
2.9343817234039307
2.9339368343353271
2.933518648147583
2.9330048561096191
2.932525634765625
2.9319150447845459
2.9313356876373291
2.9306015968322754
2.9299015998840332
2.9290103912353516
2.9281461238861084
2.9270572662353516
2.9259858131408691
2.9246368408203125
2.9232902526855469
2.9216394424438477
2.919935941696167
2.9178948402404785
2.9156961441040039
2.913114070892334
2.9102554321289062
2.9068875312805176
2.9030847549438477
2.8987972736358643
2.8938140869140625
2.8875496387481689
2.8800675868988037
2.8708722591400146
2.8599276542663574
2.8466694355010986
2.8311967849731445
2.8111851215362549
2.8048062324523926
2.7674546241760254
2.71022629737854
2.6383728981018066
2.5574600696563721
2.4608745574951172
2.3113546371459961
2.1069736480712891
1.7728298902511597
2.9410831928253174
2.941192626953125
2.9410734176635742
2.941105842590332
2.9409885406494141
2.9409568309783936
2.9409000873565674
2.9407970905303955
2.9407334327697754
2.9405643939971924
2.940582275390625
2.9404768943786621
2.9404752254486084
2.9404253959655762
2.9403707981109619
2.9402878284454346
2.940223217010498
2.9401323795318604
2.9400532245635986
2.9399712085723877
2.939885139465332
2.9397857189178467
2.9396748542785645
2.9395475387573242
2.9394290447235107
2.9393224716186523
2.9392180442810059
2.9391169548034668
2.9390063285827637
2.9388926029205322
2.9387814998626709
2.9386794567108154
2.9385812282562256
2.9384810924530029
2.9383528232574463
2.9382290840148926
2.9380996227264404
2.9379737377166748
2.9378373622894287
2.9376962184906006
2.9375236034393311
2.9373376369476318
2.9371163845062256
2.9369018077850342
2.9366633892059326
2.9363987445831299
2.9361386299133301
2.9358675479888916
2.9355392456054688
2.9352052211761475
2.9348230361938477
2.9344573020935059
2.9340217113494873
2.933610200881958
2.9331119060516357
2.9326508045196533
2.932058572769165
2.9314868450164795
2.9307613372802734
2.930065393447876
2.9291915893554688
2.9283411502838135
2.9272661209106445
2.9262142181396484
2.9248852729797363
2.9235765933990479
2.9219253063201904
2.9202916622161865
2.9182155132293701
2.9161453247070312
2.9134836196899414
2.9108078479766846
2.9073572158813477
2.9038071632385254
2.8993773460388184
2.8947279453277588
2.8882794380187988
2.8812985420227051
2.8718445301055908
2.8616104125976562
2.848041296005249
2.8336167335510254
2.8133389949798584
2.8077938556671143
2.7715709209442139
2.7166392803192139
2.6428790092468262
2.5604348182678223
2.4585227966308594
2.3097498416900635
2.1006233692169189
1.7394372224807739
2.9411499500274658
2.941253662109375
2.9410650730133057
2.9410817623138428
2.9409811496734619
2.9409737586975098
2.9409234523773193
2.9408297538757324
2.9407496452331543
2.9405748844146729
2.9405930042266846
2.9404845237731934
2.9404621124267578
2.9404032230377197
2.9403684139251709
2.9403083324432373
2.9402241706848145
2.9401333332061768
2.9400513172149658
2.9399745464324951
2.9398865699768066
2.939784049987793
2.9396629333496094
2.9395456314086914
2.9394443035125732
2.9393506050109863
2.9392640590667725
2.9391636848449707
2.939056396484375
2.9389476776123047
2.9388394355773926
2.9387481212615967
2.9386448860168457
2.9385504722595215
2.9384315013885498
2.9383018016815186
2.9381935596466064
2.9380660057067871
2.937915563583374
2.9377579689025879
2.9375991821289062
2.9374270439147949
2.9372220039367676
2.9369955062866211
2.9367454051971436
2.9365036487579346
2.9362401962280273
2.9359705448150635
2.9356510639190674
2.9353277683258057
2.9349567890167236
2.9346044063568115
2.934180736541748
2.9337837696075439
2.9332873821258545
2.9328238964080811
2.9322402477264404
2.9316842555999756
2.9309768676757812
2.9302957057952881
2.9294352531433105
2.9286022186279297
2.92755126953125
2.9265203475952148
2.9252159595489502
2.9239237308502197
2.9223074913024902
2.9207196235656738
2.9186916351318359
2.9166672229766846
2.9140620231628418
2.9114413261413574
2.9080586433410645
2.9045686721801758
2.900216817855835
2.8956496715545654
2.8893296718597412
2.8824858665466309
2.8732221126556396
2.8631966114044189
2.849928617477417
2.8358595371246338
2.8161146640777588
2.8104293346405029
2.7767579555511475
2.7247917652130127
2.6487557888031006
2.5655391216278076
2.4572362899780273
2.3100388050079346
2.099172830581665
1.7044961452484131
2.9411485195159912
2.941232442855835
2.9410078525543213
2.9410438537597656
2.9409277439117432
2.9409055709838867
2.9408504962921143
2.9407413005828857
2.9406731128692627
2.9405093193054199
2.9405369758605957
2.9404482841491699
2.9404242038726807
2.9403822422027588
2.9403355121612549
2.9402871131896973
2.9402139186859131
2.9401302337646484
2.9400515556335449
2.9399657249450684
2.9398751258850098
2.9397752285003662
2.9396677017211914
2.9395713806152344
2.9394707679748535
2.9393787384033203
2.9393041133880615
2.9392120838165283
2.9391088485717773
2.938997745513916
2.9388899803161621
2.9387993812561035
2.9387083053588867
2.9386065006256104
2.938493013381958
2.9383707046508789
2.9382796287536621
2.9381494522094727
2.9379899501800537
2.9378316402435303
2.9376721382141113
2.9374895095825195
2.9372932910919189
2.9370565414428711
2.9368045330047607
2.9365549087524414
2.9362857341766357
2.9360294342041016
2.9357180595397949
2.9354009628295898
2.9350342750549316
2.9346797466278076
2.9342577457427979
2.9338564872741699
2.9333648681640625
2.9328930377960205
2.9323036670684814
2.9317331314086914
2.9310262203216553
2.9303352832794189
2.9294834136962891
2.9286425113677979
2.9275987148284912
2.9265635013580322
2.9252760410308838
2.9239814281463623
2.9223768711090088
2.9207735061645508
2.9187614917755127
2.916729211807251
2.9141504764556885
2.9115145206451416
2.9081711769104004
2.9046735763549805
2.9003627300262451
2.8957839012145996
2.8895387649536133
2.8826999664306641
2.8735556602478027
2.863548755645752
2.8504869937896729
2.8364145755767822
2.817253589630127
2.8109462261199951
2.7791197299957275
2.7273554801940918
2.650925874710083
2.5638689994812012
2.4539399147033691
2.3045446872711182
2.0893182754516602
1.6665183305740356
2.9410243034362793
2.9411501884460449
2.9409873485565186
2.9410948753356934
2.9410297870635986
2.9410359859466553
2.9409923553466797
2.9408843517303467
2.9408411979675293
2.9406774044036865
2.9407002925872803
2.9406135082244873
2.940622091293335
2.9405796527862549
2.9405372142791748
2.9405016899108887
2.9404239654541016
2.9403157234191895
2.9402506351470947
2.9401810169219971
2.9401047229766846
2.9400131702423096
2.9399135112762451
2.9398212432861328
2.9397289752960205
2.9396352767944336
2.9395408630371094
2.9394569396972656
2.9393517971038818
2.9392485618591309
2.9391481876373291
2.9390623569488525
2.9389805793762207
2.9388682842254639
2.9387400150299072
2.9386186599731445
2.9384829998016357
2.9383401870727539
2.9381799697875977
2.9380073547363281
2.9378454685211182
2.937647819519043
2.9374246597290039
2.9371826648712158
2.9369444847106934
2.9367096424102783
2.9364588260650635
2.9361751079559326
2.9358646869659424
2.9355270862579346
2.9351603984832764
2.934762716293335
2.9343349933624268
2.9338743686676025
2.9333832263946533
2.9328553676605225
2.9322679042816162
2.931649923324585
2.9309468269348145
2.9301931858062744
2.9293510913848877
2.9284443855285645
2.9274106025695801
2.9263088703155518
2.9250314235687256
2.9236469268798828
2.9220495223999023
2.9203329086303711
2.9183332920074463
2.9161765575408936
2.913618803024292
2.9108154773712158
2.9075038433074951
2.9038169384002686
2.8995382785797119
2.8946957588195801
2.888538122177124
2.8813712596893311
2.8723926544189453
2.8619978427886963
2.8492398262023926
2.8349769115447998
2.8160665035247803
2.8096475601196289
2.7806882858276367
2.7325601577758789
2.6606059074401855
2.5659017562866211
2.447730541229248
2.2923777103424072
2.0918815135955811
1.5770837068557739
2.1121079921722412
1.9800342321395874
1.8323870897293091
1.6862325668334961
1.5485732555389404
1.4139516353607178
1.2879482507705688
1.1715447902679443
1.0602607727050781
0.95544445514678955
0.86144924163818359
0.77914166450500488
0.70438969135284424
0.63592970371246338
0.57723575830459595
0.52928924560546875
0.48840728402137756
0.45127382874488831
0.41820952296257019
0.39164644479751587
0.37155672907829285
0.35446324944496155
0.33812874555587769
0.32282447814941406
0.30981871485710144
0.29898649454116821
0.28827562928199768
0.27669063210487366
0.26480969786643982
0.25353577733039856
0.24241167306900024
0.23087584972381592
0.21914559602737427
0.20763066411018372
0.19643259048461914
0.18533036112785339
0.17445048689842224
0.16394691169261932
0.15405938029289246
0.14755889773368835
2.0889191627502441
1.9632816314697266
1.8251904249191284
1.6884185075759888
1.5596890449523926
1.4354766607284546
1.32082200050354
1.2135677337646484
1.1084288358688354
1.0099371671676636
0.92263525724411011
0.84444749355316162
0.77104789018630981
0.70322811603546143
0.6449587345123291
0.59632688760757446
0.55333864688873291
0.51328188180923462
0.47702822089195251
0.44680503010749817
0.42257726192474365
0.40133658051490784
0.38109186291694641
0.36228010058403015
0.3459722101688385
0.33207002282142639
0.31893977522850037
0.30566206574440002
0.29276672005653381
0.28065139055252075
0.26885154843330383
0.25704559683799744
0.24537841975688934
0.2339233011007309
0.22267726063728333
0.21155160665512085
0.2007763683795929
0.19025936722755432
0.18022654950618744
0.17034047842025757
2.0809562206268311
1.9538716077804565
1.8142874240875244
1.6777453422546387
1.5511606931686401
1.4273204803466797
1.3112183809280396
1.2049670219421387
1.1032161712646484
1.0066624879837036
0.91905713081359863
0.84113842248916626
0.76972627639770508
0.70470547676086426
0.64858174324035645
0.60014194250106812
0.55607384443283081
0.5158875584602356
0.48140719532966614
0.45275941491127014
0.42761123180389404
0.40422004461288452
0.38291284441947937
0.36467331647872925
0.34909191727638245
0.33443844318389893
0.3198830783367157
0.30592456459999084
0.29321292042732239
0.28131932020187378
0.26926353573799133
0.2570682168006897
0.24541105329990387
0.23415789008140564
0.22296661138534546
0.21187657117843628
0.20125313103199005
0.19087298214435577
0.18110418319702148
0.17236299812793732
2.0677506923675537
1.9388463497161865
1.7992910146713257
1.6632940769195557
1.5367797613143921
1.4155145883560181
1.3029539585113525
1.1967658996582031
1.095089316368103
1.0026445388793945
0.91880953311920166
0.84131062030792236
0.77021008729934692
0.70792782306671143
0.65502142906188965
0.60818731784820557
0.56463402509689331
0.52497148513793945
0.49130964279174805
0.46364596486091614
0.43914201855659485
0.4157794713973999
0.39390823245048523
0.37475013732910156
0.35847008228302002
0.34336230158805847
0.32820084691047668
0.31339830160140991
0.29982003569602966
0.2871965765953064
0.27460312843322754
0.26211047172546387
0.2501252293586731
0.23852443695068359
0.22713293135166168
0.215868279337883
0.20517025887966156
0.1947457492351532
0.18495315313339233
0.1760503351688385
2.0548436641693115
1.9220007658004761
1.7795428037643433
1.6454887390136719
1.5207756757736206
1.3965221643447876
1.2841427326202393
1.1830281019210815
1.0829389095306396
0.98911780118942261
0.90697228908538818
0.83388453722000122
0.7660871148109436
0.70514297485351562
0.65340876579284668
0.60861539840698242
0.56731849908828735
0.52924591302871704
0.49631297588348389
0.46890497207641602
0.44454631209373474
0.42117711901664734
0.39916509389877319
0.37975919246673584
0.36285269260406494
0.34677660465240479
0.33073931932449341
0.31548410654067993
0.30158299207687378
0.2882637083530426
0.27498283982276917
0.26222705841064453
0.25007012486457825
0.23827511072158813
0.22675646841526031
0.21537792682647705
0.20468240976333618
0.19431227445602417
0.18467104434967041
0.17598220705986023
2.0388031005859375
1.9032559394836426
1.7586421966552734
1.6220049858093262
1.4982907772064209
1.3780752420425415
1.2652726173400879
1.162727952003479
1.0658683776855469
0.97644180059432983
0.89605969190597534
0.82408374547958374
0.75880521535873413
0.70136994123458862
0.6525568962097168
0.60937744379043579
0.56916248798370361
0.53259062767028809
0.50145304203033447
0.47493240237236023
0.45033234357833862
0.42650565505027771
0.40444967150688171
0.38520494103431702
0.36782377958297729
0.35070526599884033
0.33376049995422363
0.31803140044212341
0.30377861857414246
0.28992378711700439
0.2761361300945282
0.26303520798683167
0.25057888031005859
0.23857210576534271
0.22697502374649048
0.21549227833747864
0.20473526418209076
0.19436812400817871
0.18482355773448944
0.17618364095687866
2.0215280055999756
1.8800023794174194
1.7348685264587402
1.600635290145874
1.4736881256103516
1.3517814874649048
1.2442487478256226
1.1442995071411133
1.0462203025817871
0.95906972885131836
0.88310283422470093
0.81412947177886963
0.75116032361984253
0.69650393724441528
0.65049731731414795
0.60950714349746704
0.57093745470046997
0.53564614057540894
0.50546944141387939
0.47956973314285278
0.45517018437385559
0.43117910623550415
0.40872091054916382
0.38899636268615723
0.37105464935302734
0.35326370596885681
0.3356662392616272
0.31944689154624939
0.30463558435440063
0.29017308354377747
0.27601447701454163
0.26269412040710449
0.25000086426734924
0.23774902522563934
0.22603631019592285
0.21452580392360687
0.20376209914684296
0.19338503479957581
0.18396347761154175
0.17548871040344238
2.0034937858581543
1.8571308851242065
1.7067893743515015
1.5731843709945679
1.4503515958786011
1.3271329402923584
1.2182084321975708
1.1221097707748413
1.0276859998703003
0.94226723909378052
0.86886179447174072
0.80365735292434692
0.74413895606994629
0.69208401441574097
0.64840561151504517
0.60973358154296875
0.5730934739112854
0.53900402784347534
0.50939929485321045
0.48379841446876526
0.45946657657623291
0.43527784943580627
0.41248559951782227
0.39231699705123901
0.37368994951248169
0.35514476895332336
0.33705687522888184
0.3205549418926239
0.30518031120300293
0.2901189923286438
0.27572271227836609
0.26222655177116394
0.24932330846786499
0.23694086074829102
0.22512184083461761
0.21352909505367279
0.20279644429683685
0.19245487451553345
0.18312130868434906
0.17474371194839478
1.9816024303436279
1.8319617509841919
1.6811914443969727
1.5443034172058105
1.4200642108917236
1.3012477159500122
1.1944446563720703
1.0984550714492798
1.0071383714675903
0.92599385976791382
0.85556989908218384
0.79311138391494751
0.73705649375915527
0.68861758708953857
0.6475263237953186
0.61027276515960693
0.57469135522842407
0.54189938306808472
0.51345974206924438
0.48789462447166443
0.46279102563858032
0.43811151385307312
0.41550326347351074
0.39517465233802795
0.37551558017730713
0.35601654648780823
0.33777353167533875
0.32121220231056213
0.30526170134544373
0.28963151574134827
0.27505159378051758
0.26145476102828979
0.24838192760944366
0.23587609827518463
0.2239459753036499
0.21228019893169403
0.20159894227981567
0.19128677248954773
0.18202520906925201
0.17377258837223053
1.9595402479171753
1.8020533323287964
1.6513105630874634
1.5191346406936646
1.3927006721496582
1.2700077295303345
1.1679186820983887
1.0782477855682373
0.98872959613800049
0.90876299142837524
0.84222328662872314
0.78431993722915649
0.73183619976043701
0.68607920408248901
0.64691579341888428
0.61092698574066162
0.57645076513290405
0.54495126008987427
0.51718562841415405
0.49106919765472412
0.46510887145996094
0.44028764963150024
0.41795223951339722
0.39709922671318054
0.37640297412872314
0.35633808374404907
0.33812806010246277
0.32135304808616638
0.30486726760864258
0.28887882828712463
0.27420172095298767
0.26048120856285095
0.24722668528556824
0.23464339971542358
0.22269430756568909
0.21096087992191315
0.20029644668102264
0.19005386531352997
0.18088629841804504
0.17273515462875366
1.93761146068573
1.7745398283004761
1.6173431873321533
1.487739086151123
1.3678557872772217
1.243335485458374
1.1391468048095703
1.0549848079681396
0.97187423706054688
0.89445793628692627
0.83025830984115601
0.77615571022033691
0.7275015115737915
0.6847224235534668
0.64714574813842773
0.6118546724319458
0.57833832502365112
0.5480847954750061
0.52044093608856201
0.49339812994003296
0.46680542826652527
0.44214993715286255
0.41976922750473022
0.39817824959754944
0.3767530620098114
0.35646182298660278
0.33822497725486755
0.32112219929695129
0.30422124266624451
0.28805205225944519
0.27328097820281982
0.25938254594802856
0.2460009902715683
0.23338688910007477
0.22144776582717896
0.20968158543109894
0.19899889826774597
0.18879136443138123
0.17975276708602905
0.17173096537590027
1.911641001701355
1.7474985122680664
1.5873582363128662
1.4535185098648071
1.3364484310150146
1.217748761177063
1.1151750087738037
1.0327173471450806
0.95369118452072144
0.88037258386611938
0.81997489929199219
0.77003586292266846
0.72479718923568726
0.68398952484130859
0.64750140905380249
0.61298453807830811
0.58050835132598877
0.5510094165802002
0.5228266716003418
0.49473285675048828
0.46804934740066528
0.4438883364200592
0.42107295989990234
0.39845418930053711
0.37648001313209534
0.35639685392379761
0.33821403980255127
0.32058978080749512
0.30326971411705017
0.28712069988250732
0.27230837941169739
0.25823125243186951
0.24474531412124634
0.23210380971431732
0.22018428146839142
0.20845215022563934
0.19780983030796051
0.18761034309864044
0.17864203453063965
0.17074963450431824
1.8831065893173218
1.7153308391571045
1.5588128566741943
1.4239444732666016
1.3033170700073242
1.1886211633682251
1.0931719541549683
1.0131195783615112
0.93576806783676147
0.86727511882781982
0.81219232082366943
0.76623672246932983
0.72334295511245728
0.68311017751693726
0.64767235517501831
0.61476004123687744
0.58285421133041382
0.55287683010101318
0.52417957782745361
0.49585279822349548
0.4690515398979187
0.44462704658508301
0.4213692843914032
0.39831367135047913
0.37614431977272034
0.35611310601234436
0.33771014213562012
0.3196275532245636
0.30216723680496216
0.28610855340957642
0.2711716890335083
0.25699502229690552
0.24354304373264313
0.23087634146213531
0.21889200806617737
0.20716392993927002
0.1965852826833725
0.18642520904541016
0.17754492163658142
0.16980576515197754
1.8558981418609619
1.6809958219528198
1.5255507230758667
1.3962894678115845
1.2760715484619141
1.1597316265106201
1.0688785314559937
0.99450242519378662
0.92140883207321167
0.85681909322738647
0.8056105375289917
0.76292216777801514
0.72233849763870239
0.68285602331161499
0.64775681495666504
0.61652296781539917
0.58541172742843628
0.55375736951828003
0.52415198087692261
0.49704104661941528
0.4704037606716156
0.44440543651580811
0.42056667804718018
0.3982052206993103
0.37624964118003845
0.35553878545761108
0.33651205897331238
0.31849271059036255
0.30123913288116455
0.28508561849594116
0.26998394727706909
0.25574976205825806
0.24232855439186096
0.22969308495521545
0.21768264472484589
0.20592312514781952
0.19539439678192139
0.18530307710170746
0.17653919756412506
0.16898110508918762
1.8289777040481567
1.6487456560134888
1.4897216558456421
1.3651840686798096
1.2517633438110352
1.1352245807647705
1.0443443059921265
0.97598791122436523
0.9103778600692749
0.84972745180130005
0.8003690242767334
0.75994628667831421
0.72160208225250244
0.68340986967086792
0.64870893955230713
0.61784762144088745
0.58668035268783569
0.55433619022369385
0.52427101135253906
0.49745705723762512
0.47095987200737
0.44428154826164246
0.41990232467651367
0.39765274524688721
0.37580153346061707
0.35480177402496338
0.33547437191009521
0.31750154495239258
0.30024313926696777
0.28390759229660034
0.26881322264671326
0.2546277642250061
0.24114565551280975
0.22849571704864502
0.21653211116790771
0.2047889232635498
0.19430176913738251
0.18425548076629639
0.17559179663658142
0.16825911402702332
1.8002322912216187
1.617509126663208
1.4554437398910522
1.3326178789138794
1.2255480289459229
1.1130675077438354
1.0232181549072266
0.95893877744674683
0.90028524398803711
0.84430140256881714
0.79626303911209106
0.7576562762260437
0.72152251005172729
0.68445765972137451
0.64991217851638794
0.61846911907196045
0.58666318655014038
0.55442070960998535
0.52478581666946411
0.49765479564666748
0.4705531895160675
0.44372981786727905
0.41950368881225586
0.39708563685417175
0.37501490116119385
0.35395973920822144
0.33454528450965881
0.31653288006782532
0.299277663230896
0.28283461928367615
0.26771348714828491
0.25358113646507263
0.2400677502155304
0.22740119695663452
0.21549054980278015
0.20376622676849365
0.19330967962741852
0.18331712484359741
0.17478035390377045
0.1677299290895462
1.7698723077774048
1.5859681367874146
1.4225490093231201
1.3005900382995605
1.1988893747329712
1.0924578905105591
1.0049700736999512
0.94352912902832031
0.89089405536651611
0.84010428190231323
0.79383140802383423
0.75617331266403198
0.72123968601226807
0.68519186973571777
0.65103411674499512
0.61846762895584106
0.58564496040344238
0.5542948842048645
0.52538853883743286
0.49716174602508545
0.46922838687896729
0.44298669695854187
0.41911378502845764
0.39615395665168762
0.37391069531440735
0.35308915376663208
0.333526611328125
0.31534570455551147
0.29824191331863403
0.2818131148815155
0.26654061675071716
0.25243884325027466
0.23900949954986572
0.2263389527797699
0.21444641053676605
0.20276018977165222
0.1923387199640274
0.18240624666213989
0.17404644191265106
0.16740787029266357
1.7382501363754272
1.5539548397064209
1.3910200595855713
1.2700870037078857
1.1725876331329346
1.0728615522384644
0.98945379257202148
0.93044406175613403
0.88268762826919556
0.83666706085205078
0.79305058717727661
0.75549745559692383
0.7203107476234436
0.68559300899505615
0.65166378021240234
0.61752259731292725
0.58487284183502197
0.55479538440704346
0.52520835399627686
0.49554851651191711
0.46793881058692932
0.44289645552635193
0.41856235265731812
0.39468207955360413
0.37263822555541992
0.35229596495628357
0.33261290192604065
0.31414470076560974
0.29711362719535828
0.28084209561347961
0.26548263430595398
0.25132247805595398
0.23798274993896484
0.22536274790763855
0.21347656846046448
0.20183317363262177
0.19145877659320831
0.18156255781650543
0.17339518666267395
0.16733324527740479
1.7056829929351807
1.5213677883148193
1.3606622219085693
1.2417322397232056
1.1474682092666626
1.0539201498031616
0.97597420215606689
0.91988497972488403
0.87604719400405884
0.83420377969741821
0.79263812303543091
0.75456440448760986
0.71979600191116333
0.68601799011230469
0.65115940570831299
0.61649030447006226
0.58479195833206177
0.55429375171661377
0.52374941110610962
0.49464383721351624
0.46745255589485168
0.44181984663009644
0.41716939210891724
0.39355304837226868
0.37160351872444153
0.35115689039230347
0.33155223727226257
0.31302276253700256
0.2958952784538269
0.27978485822677612
0.26452076435089111
0.25028955936431885
0.23695927858352661
0.22441288828849792
0.2125449925661087
0.2009223997592926
0.19060835242271423
0.1807686984539032
0.17285002768039703
0.16756093502044678
1.6723743677139282
1.488433837890625
1.331390380859375
1.2153415679931641
1.1238272190093994
1.0360631942749023
0.96436697244644165
0.91162645816802979
0.87056440114974976
0.83254987001419067
0.79248416423797607
0.7537187933921814
0.71953558921813965
0.68593692779541016
0.65010207891464233
0.61613112688064575
0.58476871252059937
0.55276018381118774
0.52218717336654663
0.49436751008033752
0.46701154112815857
0.44029125571250916
0.41583362221717834
0.39285168051719666
0.37068751454353333
0.34990149736404419
0.33047196269035339
0.31210973858833313
0.29488891363143921
0.27874144911766052
0.2635420560836792
0.24936404824256897
0.23605889081954956
0.22352345287799835
0.2116675078868866
0.20009148120880127
0.18983501195907593
0.18004439771175385
0.1724647581577301
0.16858290135860443
1.6385525465011597
1.4554039239883423
1.303276538848877
1.1910128593444824
1.1022292375564575
1.019530177116394
0.9541163444519043
0.9053504467010498
0.86659294366836548
0.83113998174667358
0.79246264696121216
0.75351637601852417
0.71849459409713745
0.68494576215744019
0.64964783191680908
0.61504316329956055
0.5831676721572876
0.55213409662246704
0.52131330966949463
0.49244636297225952
0.46557146310806274
0.43965092301368713
0.41460323333740234
0.39128917455673218
0.36959153413772583
0.34893661737442017
0.32924085855484009
0.31091982126235962
0.29388773441314697
0.2777596116065979
0.26251912117004395
0.24840265512466431
0.23517443239688873
0.22268538177013397
0.21084587275981903
0.19930694997310638
0.18910625576972961
0.17938773334026337
0.17225638031959534
0.16988271474838257
1.6043111085891724
1.422544002532959
1.2768161296844482
1.1683835983276367
1.0818744897842407
1.0043576955795288
0.94564229249954224
0.90103960037231445
0.86364686489105225
0.82953512668609619
0.79226720333099365
0.7535330057144165
0.7170722484588623
0.6834561824798584
0.64970666170120239
0.61471688747406006
0.58109277486801147
0.55087429285049438
0.521401047706604
0.49173471331596375
0.46385487914085388
0.43862909078598022
0.41414153575897217
0.39040225744247437
0.36844861507415771
0.3479907214641571
0.32835337519645691
0.30997228622436523
0.29292473196983337
0.27684637904167175
0.2616303563117981
0.24752852320671082
0.23430401086807251
0.22185555100440979
0.21004195511341095
0.19853232800960541
0.18836425244808197
0.17872634530067444
0.17220145463943481
0.1714666336774826
1.5701221227645874
1.3902750015258789
1.2518763542175293
1.1476572751998901
1.0634340047836304
0.99090802669525146
0.93864285945892334
0.89811104536056519
0.86151969432830811
0.82799267768859863
0.79174286127090454
0.75327622890472412
0.71569859981536865
0.68138289451599121
0.64848697185516357
0.61403894424438477
0.57945621013641357
0.54854011535644531
0.51989114284515381
0.49079719185829163
0.46228957176208496
0.43666094541549683
0.41282856464385986
0.38930317759513855
0.36712723970413208
0.34667429327964783
0.32721143960952759
0.30894270539283752
0.291940838098526
0.27591639757156372
0.26075467467308044
0.24671638011932373
0.23355276882648468
0.22116455435752869
0.20938479900360107
0.19791705906391144
0.18778219819068909
0.17819157242774963
0.17231807112693787
0.17398947477340698
1.53557288646698
1.3588130474090576
1.2289383411407471
1.1285271644592285
1.045806884765625
0.97845029830932617
0.93292611837387085
0.89631563425064087
0.86010384559631348
0.8264428973197937
0.79103165864944458
0.75309020280838013
0.71501046419143677
0.6798480749130249
0.64737397432327271
0.61379814147949219
0.57920795679092407
0.54732471704483032
0.51883137226104736
0.49048686027526855
0.4619097113609314
0.43564385175704956
0.41187289357185364
0.38849243521690369
0.3662472665309906
0.34564930200576782
0.3262171745300293
0.30788344144821167
0.29085609316825867
0.27480727434158325
0.25969365239143372
0.2456190437078476
0.23246927559375763
0.2200808972120285
0.20834033191204071
0.19689571857452393
0.18686015903949738
0.17739526927471161
0.17309877276420593
0.17727383971214294
1.5008177757263184
1.3280446529388428
1.2084658145904541
1.1114448308944702
1.0298827886581421
0.96732407808303833
0.92816275358200073
0.89490455389022827
0.85897499322891235
0.8246648907661438
0.78938829898834229
0.75153988599777222
0.71309936046600342
0.67731273174285889
0.64493018388748169
0.61163938045501709
0.57694786787033081
0.54467028379440308
0.51638603210449219
0.48835852742195129
0.45988640189170837
0.43364635109901428
0.41011339426040649
0.38689079880714417
0.36480790376663208
0.34432715177536011
0.32512569427490234
0.30677437782287598
0.28987699747085571
0.27386796474456787
0.25884512066841125
0.24470072984695435
0.23161385953426361
0.21913360059261322
0.20735830068588257
0.19567885994911194
0.1855185478925705
0.17572301626205444
0.17256337404251099
0.18120123445987701
1.4650646448135376
1.2950220108032227
1.1880186796188354
1.0943607091903687
1.0131548643112183
0.95613032579421997
0.9233553409576416
0.89300346374511719
0.85767793655395508
0.82290458679199219
0.78776764869689941
0.75019526481628418
0.7119516134262085
0.67625761032104492
0.64377915859222412
0.61055511236190796
0.57620614767074585
0.54383397102355957
0.51498115062713623
0.48683494329452515
0.45827716588973999
0.43146100640296936
0.40747669339179993
0.38392293453216553
0.36147874593734741
0.34059968590736389
0.3211769163608551
0.30236607789993286
0.28526827692985535
0.26893457770347595
0.25377735495567322
0.23922674357891083
0.22606454789638519
0.21327704191207886
0.20152603089809418
0.18960881233215332
0.17960572242736816
0.16971121728420258
0.16835276782512665
0.18363828957080841
1.4292666912078857
1.2600222826004028
1.1667503118515015
1.0748543739318848
0.99142467975616455
0.94072192907333374
0.91601872444152832
0.88779741525650024
0.85140460729598999
0.81509673595428467
0.77949786186218262
0.74108600616455078
0.7023695707321167
0.66710704565048218
0.63338381052017212
0.598011314868927
0.56404149532318115
0.53257876634597778
0.50191611051559448
0.47250571846961975
0.44448751211166382
0.41788420081138611
0.39265105128288269
0.36899617314338684
0.3461858332157135
0.3250332772731781
0.30507934093475342
0.28621241450309753
0.26846867799758911
0.25207227468490601
0.23640640079975128
0.22184816002845764
0.20813567936420441
0.19544787704944611
0.18323017656803131
0.17133736610412598
0.16116215288639069
0.15054449439048767
0.14958196878433228
0.17415620386600494
1.351923942565918
1.1866365671157837
1.1171003580093384
1.0234650373458862
0.93951743841171265
0.89488464593887329
0.87544691562652588
0.84565246105194092
0.80740600824356079
0.76643580198287964
0.72476363182067871
0.68462878465652466
0.64625686407089233
0.60869640111923218
0.57171481847763062
0.5366138219833374
0.50296372175216675
0.47062081098556519
0.43928506970405579
0.41029897332191467
0.38321465253829956
0.35661125183105469
0.3315560519695282
0.30914151668548584
0.28756359219551086
0.26722908020019531
0.24860687553882599
0.23138037323951721
0.21505014598369598
0.20002347230911255
0.18612702190876007
0.17306604981422424
0.16116130352020264
0.15002864599227905
0.13977590203285217
0.12976430356502533
0.12109697610139847
0.1127738282084465
0.1133764311671257
0.14416868984699249
)
;

boundaryField
{
    inlet
    {
        type            calculated;
        value           nonuniform List<scalar> 
28
(
2.9431
2.9431
2.9431
2.94311
2.94311
2.94312
2.94312
2.94313
2.94313
2.94314
2.94315
2.94315
2.94316
2.94317
2.94318
2.94319
2.9432
2.94322
2.94323
2.94325
2.94326
2.94328
2.9433
2.94333
2.94336
2.94349
2.94418
2.95529
)
;
    }
    outlet
    {
        type            zeroGradient;
    }
    fluid_to_graphite
    {
        type            zeroGradient;
    }
    wedgeBack
    {
        type            wedge;
    }
    wedgeFront
    {
        type            wedge;
    }
    defaultFaces
    {
        type            empty;
    }
}


                                                                               
