                                                                               
                             
                                                                   
                                                            
                                          
                             
                                                                               
FoamFile
{
    format          ascii;
    class           volScalarField;
    location        1 / fluid;
    object          rhoE;
}
                                                                               

dimensions      [ 1 -1 -2 0 0 0 0 ];

internalField   nonuniform List<scalar> 
4592
(
13513824
13513276
13512717
13512147
13511642
13511129
13510658
13510173
13509734
13509298
13508878
13508487
13508102
13507724
13507372
13507021
13506696
13506369
13506063
13505762
13505467
13505188
13504908
13504645
13504386
13504124
13503879
13503639
13503397
13503164
13502940
13502712
13513836
13513264
13512707
13512126
13511619
13511097
13510620
13510127
13509683
13509238
13508809
13508409
13508013
13507626
13507264
13506903
13506565
13506226
13505907
13505592
13505286
13504992
13504693
13504416
13504143
13503862
13503604
13503346
13503088
13502835
13502596
13502350
13513848
13513286
13512724
13512147
13511643
13511125
13510650
13510161
13509722
13509281
13508855
13508460
13508069
13507686
13507328
13506970
13506637
13506303
13505987
13505678
13505373
13505085
13504792
13504520
13504251
13503975
13503718
13503464
13503213
13502961
13502728
13502482
13513864
13513294
13512742
13512161
13511661
13511142
13510671
13510182
13509745
13509305
13508884
13508491
13508101
13507718
13507364
13507007
13506677
13506346
13506033
13505727
13505422
13505138
13504849
13504576
13504310
13504041
13503784
13503532
13503284
13503029
13502800
13502558
13513890
13513323
13512766
13512186
13511689
13511176
13510709
13510224
13509791
13509356
13508938
13508551
13508168
13507792
13507444
13507094
13506771
13506447
13506141
13505841
13505541
13505264
13504987
13504719
13504461
13504200
13503946
13503704
13503465
13503219
13502994
13502759
13513915
13513340
13512790
13512212
13511718
13511206
13510744
13510266
13509835
13509404
13508992
13508611
13508231
13507866
13507521
13507177
13506860
13506544
13506241
13505949
13505656
13505385
13505118
13504855
13504604
13504351
13504102
13503867
13503636
13503397
13503176
13502948
13513952
13513368
13512825
13512247
13511756
13511246
13510787
13510311
13509885
13509460
13509052
13508676
13508304
13507945
13507607
13507271
13506960
13506654
13506358
13506074
13505789
13505527
13505270
13505013
13504770
13504527
13504285
13504059
13503838
13503609
13503391
13503174
13513967
13513387
13512847
13512272
13511787
13511281
13510829
13510359
13509938
13509518
13509117
13508745
13508381
13508029
13507697
13507368
13507065
13506767
13506479
13506204
13505924
13505672
13505424
13505174
13504941
13504707
13504475
13504253
13504041
13503825
13503615
13503403
13514003
13513414
13512877
13512302
13511816
13511312
13510863
13510397
13509979
13509566
13509173
13508805
13508445
13508101
13507776
13507457
13507160
13506870
13506589
13506324
13506056
13505810
13505573
13505328
13505104
13504883
13504663
13504448
13504245
13504039
13503840
13503634
13514014
13513430
13512895
13512322
13511840
13511341
13510896
13510435
13510021
13509614
13509227
13508865
13508513
13508174
13507856
13507546
13507254
13506973
13506699
13506442
13506186
13505947
13505719
13505486
13505269
13505059
13504848
13504639
13504446
13504251
13504061
13503863
13514036
13513452
13512922
13512350
13511870
13511374
13510931
13510474
13510064
13509662
13509280
13508920
13508574
13508241
13507930
13507626
13507343
13507070
13506803
13506554
13506308
13506078
13505857
13505634
13505427
13505227
13505026
13504825
13504642
13504460
13504276
13504092
13514049
13513469
13512940
13512370
13511890
13511395
13510958
13510501
13510096
13509699
13509320
13508965
13508624
13508296
13507994
13507697
13507421
13507156
13506895
13506656
13506420
13506198
13505987
13505776
13505577
13505389
13505195
13505008
13504831
13504663
13504485
13504315
13514065
13513483
13512958
13512389
13511911
13511420
13510984
13510531
13510127
13509736
13509364
13509013
13508679
13508357
13508058
13507769
13507498
13507241
13506985
13506756
13506528
13506315
13506113
13505913
13505718
13505543
13505362
13505186
13505012
13504858
13504686
13504532
13514082
13513497
13512969
13512402
13511924
13511433
13511002
13510552
13510151
13509764
13509395
13509048
13508717
13508403
13508108
13507826
13507562
13507312
13507062
13506840
13506623
13506418
13506226
13506037
13505849
13505683
13505511
13505349
13505181
13505039
13504874
13504737
13514088
13513507
13512986
13512419
13511942
13511454
13511026
13510578
13510180
13509796
13509431
13509089
13508761
13508450
13508161
13507884
13507627
13507382
13507139
13506926
13506717
13506519
13506334
13506155
13505974
13505820
13505656
13505508
13505343
13505215
13505054
13504934
13514093
13513519
13512994
13512431
13511954
13511468
13511037
13510594
13510196
13509811
13509451
13509111
13508786
13508478
13508195
13507923
13507670
13507433
13507196
13506990
13506788
13506597
13506422
13506254
13506082
13505939
13505783
13505648
13505487
13505378
13505221
13505123
13514104
13513528
13513003
13512441
13511965
13511479
13511053
13510608
13510214
13509835
13509474
13509139
13508816
13508514
13508233
13507965
13507718
13507485
13507255
13507056
13506862
13506679
13506511
13506351
13506186
13506054
13505908
13505785
13505631
13505534
13505379
13505305
13514117
13513535
13513010
13512451
13511973
13511489
13511064
13510621
13510227
13509848
13509493
13509156
13508839
13508537
13508260
13507993
13507754
13507525
13507302
13507108
13506920
13506742
13506583
13506433
13506276
13506154
13506017
13505908
13505761
13505678
13505524
13505474
13514122
13513541
13513019
13512458
13511981
13511499
13511073
13510633
13510241
13509864
13509507
13509176
13508859
13508561
13508286
13508025
13507787
13507566
13507345
13507159
13506976
13506804
13506651
13506510
13506363
13506251
13506119
13506024
13505880
13505813
13505658
13505639
13514127
13513546
13513023
13512462
13511985
13511501
13511076
13510635
13510246
13509870
13509516
13509185
13508872
13508576
13508305
13508045
13507812
13507592
13507379
13507193
13507017
13506851
13506705
13506573
13506432
13506329
13506205
13506125
13505987
13505940
13505782
13505794
13514134
13513554
13513032
13512472
13511995
13511514
13511088
13510650
13510259
13509883
13509532
13509201
13508888
13508595
13508325
13508070
13507839
13507621
13507408
13507231
13507059
13506899
13506757
13506633
13506498
13506405
13506286
13506219
13506083
13506054
13505889
13505939
13514133
13513555
13513032
13512471
13511996
13511514
13511089
13510650
13510260
13509887
13509536
13509207
13508895
13508603
13508334
13508082
13507852
13507638
13507429
13507254
13507086
13506929
13506795
13506675
13506547
13506463
13506352
13506300
13506168
13506161
13505992
13506082
13514140
13513562
13513037
13512477
13512003
13511522
13511097
13510659
13510268
13509896
13509547
13509221
13508910
13508619
13508351
13508100
13507872
13507662
13507455
13507282
13507118
13506966
13506835
13506723
13506597
13506520
13506413
13506375
13506243
13506259
13506076
13506204
13514146
13513566
13513039
13512477
13512002
13511520
13511096
13510658
13510266
13509894
13509544
13509218
13508907
13508616
13508349
13508098
13507871
13507661
13507455
13507284
13507125
13506975
13506847
13506739
13506619
13506550
13506447
13506421
13506295
13506334
13506143
13506318
13514141
13513568
13513039
13512480
13512005
13511526
13511103
13510665
13510276
13509904
13509556
13509230
13508921
13508634
13508367
13508120
13507894
13507686
13507483
13507314
13507155
13507009
13506883
13506778
13506662
13506597
13506498
13506479
13506352
13506406
13506200
13506406
13514149
13513567
13513038
13512478
13512000
13511520
13511095
13510657
13510267
13509893
13509541
13509214
13508903
13508612
13508345
13508095
13507868
13507658
13507454
13507284
13507123
13506975
13506850
13506745
13506630
13506567
13506468
13506455
13506328
13506402
13506190
13506440
13514143
13513570
13513036
13512476
13511998
13511517
13511093
13510654
13510264
13509890
13509538
13509211
13508901
13508611
13508343
13508088
13507864
13507655
13507451
13507282
13507123
13506976
13506850
13506749
13506633
13506573
13506475
13506470
13506339
13506428
13506198
13506474
13514091
13513499
13512945
13512369
13511877
13511382
13510947
13510496
13510097
13509711
13509351
13509014
13508698
13508400
13508124
13507868
13507636
13507422
13507214
13507040
13506877
13506725
13506599
13506495
13506380
13506318
13506219
13506216
13506086
13506183
13505961
13506276
13502492
13502263
13502052
13501819
13501575
13501329
13501092
13500835
13500596
13500290
13500041
13499746
13499471
13499159
13498848
13498518
13498188
13497835
13497466
13497083
13496691
13496280
13495848
13495389
13494916
13494430
13493916
13493377
13492822
13492232
13491604
13490943
13490244
13489507
13488731
13487916
13487047
13486119
13485121
13484061
13482936
13481737
13480454
13479069
13477590
13475984
13474268
13472410
13470405
13468251
13465912
13463383
13460621
13457626
13454346
13450779
13446860
13442573
13437868
13432680
13426978
13420631
13413651
13405892
13397241
13387611
13376835
13364725
13351137
13335810
13318476
13298828
13276505
13250957
13221934
13188491
13149542
13104026
13050615
12987750
12913732
12826671
12723611
12616081
12465286
12282471
12071484
11832914
11562429
11223198
10812092
10345984
13502114
13501864
13501644
13501395
13501120
13500857
13500605
13500324
13500068
13499703
13499459
13499123
13498827
13498480
13498136
13497768
13497395
13497003
13496593
13496167
13495733
13495273
13494789
13494283
13493760
13493216
13492638
13492037
13491412
13490750
13490046
13489302
13488518
13487689
13486815
13485893
13484913
13483869
13482746
13481553
13480280
13478926
13477480
13475919
13474250
13472439
13470508
13468411
13466154
13463715
13461081
13458226
13455125
13451744
13448064
13444032
13439629
13434801
13429518
13423682
13417274
13410175
13402334
13393636
13383978
13373186
13361155
13347658
13332520
13315465
13296226
13274438
13249732
13221499
13189510
13152565
13109485
13059152
13000414
12931585
12851334
12757943
12649110
12535867
12371986
12179653
11963586
11722038
11446228
11097408
10683900
10225980
13502257
13502000
13501789
13501543
13501258
13501005
13500756
13500478
13500244
13499837
13499628
13499283
13499001
13498650
13498311
13497939
13497571
13497179
13496771
13496349
13495917
13495461
13494981
13494474
13493955
13493415
13492843
13492246
13491624
13490968
13490269
13489528
13488750
13487928
13487056
13486140
13485168
13484129
13483011
13481825
13480562
13479212
13477776
13476225
13474563
13472766
13470840
13468759
13466510
13464074
13461457
13458605
13455528
13452149
13448489
13444462
13440082
13435259
13429993
13424162
13417771
13410678
13402863
13394156
13384509
13373707
13361675
13348160
13333022
13315934
13296668
13274815
13250035
13221674
13189648
13152494
13109052
13058129
12998609
12928889
12847710
12753444
12643609
12534117
12364321
12167930
11950983
11710767
11436373
11080266
10658750
10196587
13502338
13502082
13501877
13501630
13501332
13501087
13500842
13500554
13500339
13499894
13499716
13499353
13499081
13498721
13498385
13498004
13497631
13497235
13496826
13496405
13495965
13495511
13495029
13494520
13493995
13493455
13492884
13492281
13491656
13490999
13490299
13489557
13488781
13487958
13487084
13486165
13485192
13484153
13483037
13481852
13480587
13479239
13477806
13476256
13474598
13472802
13470883
13468804
13466568
13464138
13461532
13458690
13455625
13452254
13448615
13444605
13440246
13435445
13430199
13424407
13418045
13410988
13403214
13394550
13384937
13374191
13362227
13348766
13333711
13316677
13297504
13275703
13250989
13222694
13190798
13153699
13110064
13058757
12998632
12928125
12845963
12750791
12639778
12534594
12357836
12155338
11935467
11694801
11419680
11052545
10617820
10147616
13502548
13502300
13502096
13501857
13501558
13501318
13501083
13500798
13500602
13500126
13499983
13499606
13499348
13498993
13498662
13498284
13497914
13497520
13497114
13496701
13496265
13495818
13495347
13494843
13494328
13493795
13493231
13492641
13492025
13491378
13490693
13489960
13489195
13488386
13487527
13486627
13485668
13484645
13483552
13482388
13481147
13479821
13478413
13476892
13475266
13473504
13471622
13469580
13467388
13465005
13462453
13459663
13456657
13453352
13449779
13445840
13441579
13436865
13431723
13426036
13419796
13412872
13405244
13396731
13387303
13376744
13364986
13351767
13336954
13320204
13301314
13279843
13255474
13227534
13196128
13159464
13116127
13064946
13004765
12934070
12851548
12755936
12644192
12544155
12361002
12152622
11929694
11688350
11412491
11033644
10584311
10102148
13502747
13502506
13502309
13502073
13501771
13501544
13501318
13501026
13500846
13500345
13500233
13499846
13499601
13499244
13498923
13498548
13498177
13497785
13497387
13496977
13496545
13496106
13495638
13495146
13494635
13494108
13493558
13492973
13492366
13491731
13491058
13490343
13489588
13488793
13487950
13487062
13486121
13485120
13484053
13482914
13481697
13480396
13479019
13477533
13475941
13474217
13472373
13470384
13468240
13465920
13463417
13460697
13457759
13454533
13451048
13447208
13443047
13438443
13433421
13427881
13421777
13415033
13407575
13399265
13390053
13379754
13368255
13355336
13340847
13324471
13305946
13284935
13261021
13233603
13202802
13166802
13123941
13073176
13013200
12942616
12859952
12764212
12651757
12557243
12367600
12152996
11926211
11683331
11405879
11013269
10546198
10050033
13502984
13502755
13502565
13502333
13502029
13501810
13501597
13501306
13501140
13500622
13500536
13500146
13499910
13499555
13499242
13498871
13498501
13498113
13497724
13497326
13496900
13496464
13496011
13495528
13495024
13494508
13493968
13493396
13492797
13492176
13491520
13490822
13490080
13489302
13488481
13487608
13486690
13485718
13484680
13483569
13482383
13481115
13479768
13478326
13476770
13475096
13473302
13471364
13469283
13467024
13464589
13461941
13459089
13455957
13452569
13448834
13444791
13440316
13435438
13430049
13424130
13417556
13410323
13402238
13393280
13383276
13372081
13359506
13345419
13329434
13311405
13290897
13267574
13240743
13210708
13175492
13133295
13083213
13023695
12953494
12871020
12775433
12662473
12573649
12377819
12156938
11925889
11680942
11401115
10993980
10507748
9992023
13503220
13503005
13502820
13502590
13502289
13502079
13501876
13501588
13501431
13500894
13500835
13500442
13500215
13499860
13499557
13499188
13498827
13498439
13498052
13497664
13497248
13496818
13496374
13495901
13495407
13494901
13494373
13493813
13493227
13492617
13491974
13491290
13490568
13489811
13489012
13488161
13487262
13486316
13485303
13484222
13483067
13481834
13480523
13479118
13477606
13475981
13474235
13472356
13470336
13468143
13465780
13463213
13460442
13457410
13454118
13450500
13446574
13442237
13437512
13432287
13426552
13420176
13413166
13405327
13396649
13386925
13376080
13363883
13350192
13334686
13317148
13297213
13274519
13248385
13219154
13184813
13143474
13094169
13035394
12965830
12883766
12788617
12675326
12592367
12390569
12163500
11927643
11680210
11397097
10974028
10466793
9931853
13503459
13503259
13503077
13502856
13502555
13502354
13502158
13501874
13501725
13501175
13501140
13500746
13500533
13500173
13499881
13499514
13499162
13498775
13498397
13498014
13497606
13497183
13496746
13496285
13495802
13495305
13494787
13494241
13493669
13493070
13492441
13491774
13491075
13490340
13489558
13488730
13487853
13486929
13485945
13484896
13483772
13482573
13481299
13479933
13478464
13476887
13475190
13473375
13471413
13469288
13466997
13464510
13461825
13458883
13455696
13452195
13448388
13444195
13439620
13434562
13429012
13422840
13416050
13408476
13400049
13390654
13380147
13368341
13355047
13340049
13323021
13303710
13281649
13256274
13227861
13194525
13154057
13105765
13047841
12979194
12897784
12803337
12689944
12612909
12405657
12172464
11931480
11681068
11394087
10954283
10423246
9864790
13503693
13503510
13503331
13503122
13502816
13502623
13502437
13502157
13502018
13501457
13501437
13501042
13500843
13500478
13500191
13499832
13499486
13499105
13498727
13498357
13497957
13497539
13497107
13496654
13496181
13495694
13495189
13494658
13494097
13493508
13492891
13492245
13491568
13490850
13490090
13489281
13488423
13487528
13486569
13485547
13484457
13483289
13482050
13480722
13479298
13477767
13476127
13474365
13472461
13470400
13468183
13465774
13463171
13460326
13457236
13453847
13450161
13446108
13441677
13436795
13431412
13425464
13418872
13411566
13403392
13394340
13384130
13372758
13359819
13345382
13328810
13310179
13288708
13264176
13236554
13204305
13164727
13117639
13060617
12993197
12912549
12819205
12705804
12634803
12422641
12183582
11937218
11683302
11391675
10934379
10379586
9791965
13503924
13503758
13503581
13503383
13503074
13502889
13502712
13502432
13502305
13501732
13501729
13501333
13501144
13500782
13500498
13500141
13499803
13499426
13499055
13498689
13498298
13497893
13497462
13497019
13496554
13496074
13495582
13495062
13494516
13493942
13493335
13492705
13492045
13491346
13490604
13489819
13488982
13488107
13487175
13486181
13485120
13483987
13482781
13481487
13480104
13478623
13477031
13475324
13473477
13471480
13469331
13467002
13464469
13461724
13458718
13455454
13451868
13447973
13443660
13438960
13433726
13428000
13421591
13414553
13406632
13397900
13387995
13377023
13364483
13350533
13334466
13316479
13295604
13271920
13245090
13213922
13175300
13129478
13073514
13007436
12927839
12835749
12722718
12657575
12441464
12196585
11944906
11686690
11390339
10913763
10334386
9718150
13504144
13503996
13503818
13503634
13503330
13503144
13502972
13502700
13502581
13501999
13502008
13501613
13501435
13501075
13500789
13500437
13500106
13499735
13499367
13499005
13498621
13498225
13497806
13497365
13496911
13496441
13495952
13495444
13494911
13494352
13493762
13493139
13492495
13491816
13491093
13490327
13489513
13488658
13487750
13486785
13485750
13484648
13483472
13482215
13480870
13479437
13477893
13476234
13474446
13472506
13470423
13468167
13465707
13463050
13460135
13456977
13453505
13449737
13445559
13441011
13435944
13430402
13424199
13417395
13409729
13401283
13391697
13381083
13368949
13355454
13339906
13322495
13302289
13279337
13253390
13223180
13185679
13140985
13086369
13021589
12943375
12852648
12740396
12680778
12461928
12211330
11954410
11691280
11389644
10893711
10286721
9638347
13504357
13504229
13504050
13503879
13503575
13503395
13503230
13502960
13502844
13502263
13502279
13501881
13501710
13501352
13501075
13500718
13500395
13500029
13499669
13499307
13498931
13498540
13498128
13497697
13497249
13496784
13496305
13495807
13495288
13494743
13494166
13493559
13492924
13492260
13491557
13490811
13490017
13489180
13488295
13487353
13486349
13485272
13484128
13482906
13481598
13480209
13478708
13477100
13475358
13473481
13471451
13469263
13466876
13464299
13461468
13458413
13455049
13451399
13447349
13442946
13438033
13432672
13426666
13420084
13412659
13404478
13395200
13384921
13373180
13360121
13345066
13328213
13308651
13286390
13261342
13232010
13195672
13152112
13098926
13035496
12958908
12869630
12758526
12704201
12483575
12228060
11965306
11697351
11389135
10874663
10239000
9551890
13504563
13504452
13504270
13504113
13503811
13503639
13503472
13503204
13503096
13502511
13502539
13502134
13501975
13501617
13501347
13500988
13500664
13500304
13499951
13499593
13499218
13498837
13498435
13498010
13497569
13497112
13496637
13496147
13495639
13495108
13494546
13493953
13493327
13492676
13491990
13491263
13490489
13489673
13488807
13487889
13486907
13485862
13484749
13483559
13482285
13480933
13479474
13477908
13476215
13474390
13472415
13470291
13467968
13465465
13462720
13459761
13456496
13452959
13449031
13444758
13439995
13434803
13428980
13422599
13415402
13407475
13398483
13388528
13377167
13364482
13349948
13333563
13314682
13293052
13268859
13240402
13205155
13162793
13110959
13049089
12974094
12886605
12776739
12727577
12506206
12246496
11977736
11704545
11389071
10855641
10191813
9462289
13504761
13504670
13504479
13504342
13504038
13503878
13503706
13503442
13503339
13502751
13502788
13502377
13502221
13501866
13501603
13501242
13500922
13500565
13500216
13499865
13499493
13499115
13498720
13498307
13497869
13497420
13496954
13496468
13495968
13495448
13494900
13494319
13493707
13493067
13492396
13491687
13490929
13490130
13489286
13488385
13487427
13486409
13485324
13484167
13482927
13481608
13480187
13478662
13477015
13475243
13473319
13471248
13468990
13466559
13463893
13461017
13457848
13454412
13450598
13446450
13441830
13436789
13431138
13424943
13417967
13410256
13401574
13391875
13380898
13368573
13354486
13338611
13320287
13299325
13275878
13248327
13214057
13172961
13122398
13062201
12988799
12903337
12794827
12750616
12529608
12266603
11991564
11712869
11389334
10837034
10143934
9370293
13504943
13504875
13504677
13504555
13504253
13504104
13503930
13503666
13503568
13502976
13503023
13502606
13502456
13502102
13501841
13501484
13501164
13500809
13500463
13500118
13499749
13499378
13498986
13498580
13498150
13497708
13497252
13496772
13496278
13495768
13495231
13494662
13494062
13493431
13492774
13492080
13491341
13490560
13489727
13488851
13487918
13486925
13485866
13484735
13483526
13482236
13480851
13479364
13477758
13476034
13474159
13472145
13469946
13467581
13464985
13462189
13459106
13455764
13452056
13448024
13443535
13438630
13433141
13427112
13420351
13412853
13404414
13395030
13384325
13372410
13358690
13343324
13325506
13305203
13282405
13255754
13222398
13182513
13133259
13074665
13003003
12919552
12812748
12772877
12553826
12287945
12007029
11721847
11390166
10819041
10096126
9272412
13505118
13505081
13504864
13504765
13504458
13504320
13504148
13503882
13503785
13503192
13503245
13502826
13502678
13502321
13502067
13501708
13501390
13501036
13500696
13500354
13499989
13499619
13499235
13498833
13498410
13497976
13497527
13497056
13496565
13496062
13495536
13494978
13494392
13493769
13493125
13492445
13491724
13490956
13490138
13489279
13488370
13487401
13486367
13485262
13484079
13482818
13481463
13480012
13478447
13476764
13474937
13472974
13470830
13468525
13466002
13463277
13460273
13457019
13453408
13449481
13445112
13440336
13434998
13429139
13422550
13415281
13407057
13397933
13387535
13375942
13362616
13347672
13330365
13310630
13288502
13262623
13230185
13191436
13143468
13086442
13016564
12935167
12830289
12794261
12578468
12310589
12023874
11731669
11390904
10802246
10049147
9168616
13505280
13505279
13505042
13504971
13504657
13504531
13504356
13504093
13503994
13503395
13503460
13503037
13502890
13502531
13502278
13501923
13501607
13501249
13500913
13500576
13500218
13499850
13499468
13499073
13498658
13498227
13497785
13497323
13496838
13496341
13495821
13495275
13494700
13494091
13493454
13492789
13492081
13491330
13490529
13489682
13488792
13487844
13486832
13485756
13484594
13483362
13482037
13480619
13479088
13477443
13475660
13473745
13471655
13469407
13466945
13464287
13461358
13458181
13454667
13450836
13446578
13441925
13436724
13431012
13424597
13417514
13409511
13400626
13390502
13379222
13366251
13351709
13334872
13315667
13294159
13268995
13237449
13199725
13153037
13097505
13029427
12950083
12847322
12814585
12603333
12334400
12042008
11742171
11391604
10786440
10003764
9059090
13505427
13505471
13505210
13505165
13504842
13504731
13504551
13504288
13504187
13503582
13503654
13503227
13503084
13502718
13502473
13502117
13501804
13501444
13501109
13500777
13500422
13500054
13499678
13499289
13498878
13498455
13498018
13497562
13497086
13496589
13496079
13495543
13494977
13494382
13493753
13493095
13492403
13491667
13490883
13490050
13489175
13488248
13487257
13486202
13485067
13483856
13482556
13481169
13479670
13478061
13476322
13474451
13472411
13470216
13467810
13465211
13462352
13459248
13455817
13452078
13447927
13443383
13438311
13432737
13426482
13419571
13411767
13403103
13393239
13382239
13369606
13355428
13339033
13320310
13299379
13274868
13244158
13207397
13161940
13107830
13041536
12964222
12863719
12833692
12628222
12359174
12061417
11753207
11392030
10771719
9960600
8943518
13505570
13505661
13505374
13505363
13505025
13504929
13504744
13504488
13504380
13503768
13503851
13503414
13503278
13502905
13502660
13502308
13501991
13501634
13501301
13500972
13500620
13500259
13499881
13499496
13499092
13498674
13498244
13497797
13497328
13496836
13496329
13495803
13495248
13494662
13494042
13493395
13492714
13491991
13491221
13490406
13489542
13488632
13487662
13486625
13485514
13484325
13483049
13481689
13480223
13478649
13476945
13475114
13473121
13470973
13468618
13466075
13463277
13460241
13456891
13453234
13449179
13444737
13439786
13434337
13428233
13421480
13413863
13405400
13395776
13385033
13372714
13358868
13342884
13324600
13304206
13280286
13250366
13214488
13170218
13117426
13052907
12977549
12879426
12851515
12652918
12384793
12082008
11764726
11392051
10758088
9920111
8822913
13505689
13505838
13505520
13505542
13505190
13505110
13504917
13504662
13504552
13503923
13504015
13503573
13503441
13503064
13502819
13502467
13502155
13501795
13501462
13501136
13500787
13500429
13500053
13499669
13499267
13498857
13498431
13497992
13497529
13497046
13496540
13496021
13495476
13494898
13494289
13493649
13492981
13492273
13491517
13490713
13489862
13488970
13488019
13487000
13485908
13484744
13483488
13482152
13480716
13479175
13477505
13475708
13473758
13471648
13469346
13466854
13464118
13461143
13457865
13454283
13450318
13445968
13441129
13435796
13429831
13423220
13415781
13407498
13398104
13387592
13375568
13362022
13346426
13328542
13308646
13285260
13256086
13221014
13177872
13126293
13063506
12990016
12894349
12867979
12677201
12411058
12103653
11776580
11391471
10745344
9882574
8696921
13505806
13506027
13505665
13505732
13505363
13505299
13505102
13504847
13504733
13504091
13504194
13503747
13503619
13503238
13502993
13502642
13502331
13501975
13501638
13501315
13500967
13500612
13500240
13499858
13499459
13499054
13498635
13498200
13497747
13497270
13496768
13496255
13495718
13495150
13494551
13493916
13493258
13492559
13491817
13491028
13490191
13489310
13488373
13487373
13486301
13485157
13483926
13482616
13481207
13479693
13478055
13476291
13474373
13472305
13470049
13467601
13464921
13462002
13458791
13455281
13451399
13447135
13442398
13437171
13431334
13424858
13417579
13409468
13400278
13389986
13378228
13364963
13349721
13332210
13312760
13289873
13261379
13227052
13184966
13134530
13073376
13001716
12908468
12883128
12700935
12437929
12126369
11788869
11390337
10733915
9849054
8565569
13505891
13506193
13505781
13505890
13505503
13505453
13505246
13504993
13504871
13504212
13504322
13503865
13503741
13503360
13503113
13502761
13502450
13502095
13501758
13501436
13501089
13500738
13500368
13499987
13499595
13499189
13498777
13498346
13497898
13497428
13496932
13496422
13495892
13495332
13494742
13494115
13493467
13492781
13492048
13491269
13490446
13489581
13488658
13487671
13486617
13485490
13484280
13482989
13481607
13480118
13478508
13476773
13474893
13472853
13470640
13468233
13465609
13462736
13459594
13456139
13452341
13448146
13443515
13438373
13432666
13426298
13419186
13411211
13402237
13392116
13380629
13367591
13352709
13335501
13316505
13294010
13266215
13232506
13191461
13142010
13082466
13012430
12921703
12896789
12723825
12464883
12149780
11801007
11388149
10722562
9818540
8427702
13505976
13506375
13505909
13506067
13505671
13505633
13505431
13505173
13505053
13504377
13504496
13504039
13503911
13503533
13503285
13502933
13502623
13502270
13501934
13501612
13501270
13500918
13500553
13500178
13499790
13499385
13498974
13498552
13498107
13497645
13497158
13496652
13496127
13495576
13494994
13494376
13493732
13493056
13492336
13491570
13490760
13489906
13488998
13488025
13486986
13485878
13484692
13483424
13482065
13480601
13479021
13477315
13475465
13473461
13471285
13468919
13466341
13463520
13460434
13457043
13453317
13449198
13444652
13439607
13434008
13427760
13420785
13412961
13404157
13394229
13382969
13370178
13355592
13338717
13320083
13298019
13270786
13237752
13197564
13149171
13090996
13022738
12934219
12909501
12746139
12492742
12174637
11814352
11385908
10713817
9795346
8284313.5
13506015
13506514
13505974
13506179
13505769
13505737
13505524
13505255
13505122
13504430
13504553
13504094
13503966
13503591
13503337
13502988
13502677
13502327
13501992
13501670
13501328
13500978
13500611
13500241
13499855
13499456
13499044
13498625
13498189
13497728
13497246
13496739
13496221
13495678
13495101
13494490
13493853
13493183
13492472
13491715
13490918
13490071
13489171
13488211
13487185
13486091
13484921
13483668
13482327
13480880
13479323
13477638
13475817
13473842
13471698
13469362
13466826
13464045
13461009
13457668
13454000
13449943
13445472
13440505
13435000
13428852
13421998
13414295
13405650
13395874
13384826
13372234
13357930
13341315
13323028
13301298
13274618
13242104
13202771
13155192
13098394
13031482
12945372
12919989
12766520
12518606
12198126
11824757
11380676
10702168
9769170
8132252.5
13506026
13506652
13506054
13506301
13505919
13505906
13505721
13505451
13505311
13504607
13504727
13504274
13504143
13503774
13503516
13503169
13502861
13502517
13502183
13501862
13501522
13501172
13500811
13500441
13500065
13499671
13499260
13498842
13498410
13497961
13497485
13496988
13496474
13495938
13495374
13494774
13494146
13493486
13492787
13492043
13491257
13490425
13489543
13488599
13487590
13486516
13485369
13484141
13482823
13481404
13479873
13478220
13476431
13474490
13472386
13470092
13467600
13464871
13461893
13458615
13455019
13451041
13446658
13441787
13436392
13430358
13423637
13416081
13407605
13398015
13387183
13374832
13360812
13344518
13326553
13305222
13279066
13247185
13208641
13162049
13106497
13041327
12957341
12931476
12788796
12549650
12229113
11843096
11380408
10697006
9769692
7968378.5
13506000
13506683
13506013
13506295
13505897
13505875
13505668
13505375
13505233
13504523
13504651
13504195
13504068
13503701
13503442
13503096
13502788
13502446
13502113
13501791
13501449
13501098
13500736
13500370
13499992
13499603
13499192
13498772
13498343
13497893
13497418
13496920
13496403
13495868
13495302
13494705
13494075
13493415
13492718
13491974
13491187
13490356
13489470
13488527
13487520
13486446
13485297
13484066
13482749
13481331
13479803
13478156
13476372
13474434
13472335
13470046
13467559
13464835
13461867
13458601
13455016
13451054
13446691
13441839
13436470
13430467
13423782
13416273
13407846
13398317
13387562
13375297
13361386
13345219
13327370
13306210
13280281
13248697
13210529
13164450
13109571
13045315
12962820
12935666
12799969
12564334
12237588
11839788
11362139
10678963
9722740
7796099
13505843
13506659
13506007
13506300
13506008
13506037
13505914
13505606
13505428
13504716
13504800
13504361
13504206
13503838
13503568
13503215
13502898
13502552
13502208
13501877
13501526
13501161
13500790
13500414
13500023
13499623
13499204
13498769
13498327
13497866
13497380
13496872
13496338
13495789
13495212
13494601
13493952
13493278
13492564
13491806
13491001
13490151
13489248
13488285
13487257
13486164
13484991
13483737
13482396
13480951
13479398
13477720
13475907
13473942
13471811
13469489
13466964
13464205
13461198
13457890
13454267
13450262
13445850
13440954
13435536
13429484
13422747
13415185
13406710
13397135
13386332
13374030
13360095
13343917
13325950
13304707
13278806
13247325
13209394
13163734
13109590
13046627
12966027
12935000
12818878
12606787
12290427
11871657
11348148
10655408
9755370
7408984.5
9818487
9223141
8555339
7894990
7272070
6661339
6083755.5
5543922.5
5035476
4565085.5
4125892.75
3723176.5
3374280.25
3075367.5
2806661.75
2563776
2357056.75
2187095.75
2044008.75
1925239.875
1815966.25
1725787.125
1651392
1585059.375
1527475.625
1469458.625
1413103.125
1359764.625
1306587.625
1252001.25
1195618
1140491.75
1084805.125
1029461.125
974202.5
919668.3125
867622.4375
816854.1875
768348
736517.1875
9713594
9147341
8520090
7900679
7325348.5
6764966.5
6228248.5
5728217
5262249.5
4824110
4405074.5
4020482.5
3686184
3392819
3125991.5
2878279.75
2661664.75
2478228.5
2321124.25
2187100.75
2060440.5
1948299.75
1854181.75
1771668.5
1699323.25
1627933.75
1559710.25
1498432.5
1440172
1380725
1322906.5
1266497.375
1210470.5
1155214.5
1100653.375
1046604.875
994653.25
943697.25
894823.4375
846703.6875
9676667
9103691
8474862
7856687
7279190.5
6719883
6193629
5698327
5231204.5
4798591
4389290
4012037
3686158.25
3400439
3133324.25
2888722.75
2679796.5
2503447.75
2349556.5
2203680
2074522.5
1965561.75
1872146.25
1790715.5
1708766.75
1633197.125
1565915
1503958
1445070.25
1381878.25
1323085.125
1267596
1212051.5
1156102.875
1102441.75
1048626
997077.625
946985.375
899421.6875
856777.375
9618805
9036617
8400199
7789537
7226338.5
6664659
6138355.5
5663950
5211694.5
4777533.5
4370963.5
4011378
3700916
3419667
3157077.5
2921209.75
2719351.25
2547142
2398544.75
2256950.5
2128225
2018056.625
1922015.125
1837862.75
1756513.25
1676181.625
1604588
1538615.5
1476049.125
1410202
1350207.625
1291809.25
1233819.5
1177274.25
1122255.625
1068011.5
1016179
965436.4375
917880.1875
874681.375
9556904
8961837
8320847.5
7702851
7137499
6590385
6066622.5
5584847
5142513.5
4726209
4327642.5
3972809
3672040.5
3404741
3154027.5
2926449.75
2731499.5
2565270.5
2420311.25
2281813.25
2154434
2044782.25
1948236.375
1861885
1774415.25
1692244.25
1618749.875
1550560.625
1482090
1414600.375
1353430.25
1292547.25
1233379.875
1176187.875
1120373.125
1065759
1014006.25
963357.8125
916581.875
874434.125
9488548
8870204
8216801
7612588
7046082
6485093
5974796
5509931
5067975.5
4656095.5
4271255.5
3932334
3645063.75
3386553
3144540.75
2928276
2743974.5
2585334.75
2444225.25
2304797.25
2181416.25
2073347
1976770.5
1887222.75
1794805.5
1711266
1635108.25
1564208
1491379.625
1422329.375
1359160.125
1296107.125
1236063.625
1178079.625
1121159.375
1066132
1014556.125
963776.5625
917275.375
875428.6875
9410955
8776987
8107012.5
7491793
6943184
6387439
5863831.5
5409791.5
4988148.5
4582754
4205746.5
3883592.25
3610727.75
3364759.5
3133541.5
2928259.5
2752633.25
2599849.5
2463112
2326394.25
2204363.25
2095852.5
1997401.25
1904956.125
1809900.5
1723883.75
1645046.125
1570856.25
1494153.5
1424581
1359432.375
1294070.5
1232835.125
1174625.5
1117129.25
1061182.875
1009789.625
959312.9375
913173.5
872062.875
9323287
8664139
7993979
7377134
6816016
6271344
5759827.5
5305332
4894032.5
4506888.5
4144122.25
3833843.25
3574725.5
3343876.75
3125435.25
2930311.5
2762387.75
2614688
2481116
2346533
2225051.75
2115948
2015715.25
1919327
1821783.125
1733981.375
1653064.5
1574693.875
1495937.125
1425918
1357883.5
1291564.75
1229771.625
1170402.25
1112601.625
1056571
1005037.4375
954611.0625
909019.0625
868393
9233989
8549351
7856645
7255098.5
6699247.5
6142577
5642380
5206835
4801636.5
4425321
4080676
3789162.75
3545689
3324806.5
3117363.5
2933023
2773393.75
2631022
2496708.5
2362421
2242312
2133215.25
2031646.375
1927358.875
1829652.25
1741374.25
1658732.375
1574538.625
1495495.75
1424269.875
1355077.375
1287482.125
1225142.75
1164925.75
1107005.5
1050699.25
998975.875
948816.8125
903795.625
863635.75
9131004
8432042
7728871.5
7108856
6568380.5
6025544
5524484
5095459.5
4708795.5
4354168
4023417.75
3746892
3517984.5
3311577
3114194.75
2938470
2785395
2646760
2509197
2376554.75
2257225.5
2147467.25
2040925
1933457.5
1835635.75
1745923.5
1660306.625
1573306.125
1494104.375
1421713.375
1351034.25
1282484.625
1220059.125
1159206.125
1100814.375
1044653.125
992988.9375
942739.5
898330.25
858792.125
9019839
8298117.5
7597569
6977971
6423822.5
5893971
5414615
4992023
4616679.5
4282455
3972456
3711619.25
3497691.5
3300610.5
3112941.5
2945941.25
2798557.75
2659696.25
2519381.5
2387935.25
2268890.25
2158081.5
2045713.875
1937357.375
1838752.875
1747978.375
1659454.5
1571129.5
1491437.5
1418233.75
1345885.375
1277184.875
1214242.375
1153177.25
1094554
1038147.75
986871.875
936876.5625
892716.125
853809.9375
8909721
8158111.5
7451019.5
6842502.5
6292544
5761687
5299866.5
4893811
4531860
4216854
3929717.75
3683617.5
3481490.5
3294628.25
3115999.25
2955083.5
2809720
2668227.25
2528461
2398372.75
2278905.75
2163220
2048044.375
1939434.75
1840714.25
1748889.5
1655913.75
1567957.875
1488554.25
1414280.75
1340074.625
1271647.625
1208408.625
1147136
1088588
1032072.5625
980763.375
931015.875
887398.5625
849032.8125
8790001
8025339.5
7299351.5
6695940.5
6162323
5638357.5
5183270.5
4798388
4458202.5
4160749.5
3891141.5
3660709
3467873
3292839
3121629
2962496.5
2818769.5
2675897.75
2535387
2405170.5
2283782.75
2165286.75
2048696.75
1940007.875
1840743.5
1746529.125
1651762.25
1564647.625
1484981.375
1408489.375
1334667.25
1266084.5
1202168.125
1140965.75
1082642.125
1025989.5
974828.3125
925325.75
882185.6875
844560.5
8660829
7884641
7158971.5
6546812
6027456.5
5518450.5
5075985
4710449
4389724
4111702.75
3862741.25
3646231
3461016.75
3290755.75
3130641
2969714.5
2821121.75
2681562.25
2544720
2407540
2283084.5
2167019.75
2050743.375
1938454.5
1838123.375
1742430.875
1648794.875
1560566.625
1479620.125
1403099.375
1329258
1260547.875
1196388.625
1135001
1076776.875
1020236.4375
969202.5
919956.0625
877298.5625
840485.0625
8527638
7734624.5
7014041.5
6410168
5889297
5395302.5
4979714
4631303.5
4328015
4068840.25
3839948.75
3635108.5
3457829.5
3292560.5
3134112.5
2974691
2825807.5
2683636.25
2547068
2409850.5
2283097.25
2164417.25
2049034.25
1936691.375
1835300.25
1738029.5
1644593.75
1555674.875
1474120.625
1397969.125
1323815
1254621.375
1190688.75
1129459
1071175.75
1014693.375
963835.875
914790.8125
872745.1875
837059.3125
8393600
7582608
6863366
6274561.5
5763261
5280394
4886323.5
4562238.5
4277124
4035576.75
3823316.25
3629037.25
3456763.5
3294909.5
3136686.5
2977177
2827466.75
2685618.5
2547371.25
2408725.5
2281870.25
2162701.25
2045848.25
1933232.125
1831660.625
1733273
1639970.875
1551115.5
1468818.875
1392643.375
1318561
1249102.75
1185260.875
1124180.375
1065892.5
1009528.9375
958891.5
910061.0625
868611.375
834361.625
8255757.5
7430256
6713087.5
6141859
5641286.5
5171623.5
4798428.5
4502650.5
4235458
4009413.5
3809656.5
3626647
3456594
3297787.5
3136532.25
2976664
2829290
2687333.5
2543169.25
2405119.75
2279597.5
2161116
2039998.875
1929398.5
1827577.5
1727607.75
1634949.625
1546618.25
1463258.125
1386907.875
1313477.75
1243804.625
1179776.625
1119047.25
1060877.125
1004528.1875
954198.9375
905624.3125
864913.0625
832686
8114801
7277553
6563805
6013125
5527436.5
5071601
4718607.5
4450031.5
4202309.5
3991858.5
3801598
3621646
3459297
3297592
3133046.75
2977493.5
2830067.5
2682767
2538127.25
2403734
2278553
2154464.25
2034366.25
1925787.625
1823146.5
1721877.5
1629745.125
1541925.75
1458114.875
1381327.25
1308389
1238895.625
1174657.875
1114165.625
1056299
999895.375
949761
901498.5625
861758.5625
832276.9375
7969915.5
7125723
6418885
5887949.5
5419202.5
4980120.5
4649635.5
4403511
4176503.75
3978981
3794509.5
3621028
3459627
3294302.25
3130912
2977274
2825839.25
2677611.5
2536241.5
2399430
2272259.5
2149463
2030073.25
1921037
1816988
1716599.5
1624176.625
1536485.5
1453086
1376014.5
1303070.25
1234051.625
1169856
1109328.625
1051734.75
995552.9375
945555.0625
897575.5625
859122.25
833354.3125
7821869
6973753.5
6278554.5
5769290
5318618
4896382
4588806
4362949
4159679
3968322.25
3788965.25
3620002.25
3458196.25
3291074.5
3130332.75
2972689.75
2819761.5
2676398
2532018.5
2392702.5
2267306.5
2146362.25
2024521.5
1915033.5
1812400.625
1712086.625
1618927.75
1531319.625
1448227.875
1371189.875
1298366
1229468.75
1165266.25
1105007.625
1047588.1875
991439.0625
941629.25
894032.9375
857220.6875
838307.0625
7670412.5
6822609.5
6145962
5656917
5223527
4820515.5
4537280
4330936
4146482.5
3962541
3785416.5
3616402.5
3455699.5
3287696.25
3124380.75
2969246.5
2815705.75
2667760.25
2525591.75
2389180.5
2261372
2137860.25
2019326.125
1910463
1805629.25
1705646.25
1613783.125
1526225.25
1442726
1365942.375
1293597.875
1224927.625
1160762.25
1100717.5
1043560.5
987604.875
937992.25
890740.1875
856140.875
844533.1875
7517376.5
6672963.5
6019226.5
5551192
5136831.5
4751899.5
4493267.5
4305987.5
4136465.5
3957675.5
3781612.5
3612889.75
3451614.25
3285299
3119071
2961566.75
2812512
2665629.25
2518988.25
2382944.5
2257972.25
2134026.25
2013516.75
1905667.75
1801598.25
1701027.25
1608655.375
1521542.5
1438344.125
1361434.25
1289024
1220608.125
1156557.75
1096638.125
1039553.625
983752.625
934323.8125
887506.6875
855805.5
852111.5
7361845
6525549
5903060.5
5454244.5
5054446
4690625.5
4458146.5
4288782
4128411
3953479.5
3777172
3607893.5
3444357
3279749.5
3112801
2954515.5
2802953.75
2658140.25
2512297.25
2375286.25
2248665.75
2127577
2006944
1898794.75
1794986.875
1695102.5
1603151.625
1516317.5
1433300
1356797.5
1284767
1216711.5
1152756.625
1093181.875
1036325.875
980695.1875
931405.5625
884857.5
856327.25
864268.3125
7205478
6380043
5794470
5363693
4977108
4635071
4428823.5
4276066.5
4120470
3950640
3772896.75
3603500.5
3439036.75
3275588
3108424
2950337.75
2799151.75
2654347.75
2508478.5
2371844.75
2244999.5
2123253.25
2002684.25
1894663.75
1790198.125
1690343
1597858.25
1511073.375
1428125.375
1351575.25
1279264
1211421.375
1147464.25
1088021.625
1031179.125
975896.875
926941.4375
881146.375
860279.5
880164.5
7051138.5
6238857
5697777
5282058
4904026
4586366
4406789.5
4267473
4113716.75
3944230.75
3765054
3594965
3429393.5
3264616
3097011.25
2939244.75
2787850
2642182.5
2497052.5
2361537.75
2235250.75
2113977.5
1994343.625
1887005.375
1783494.5
1684658.25
1592451.125
1506592.625
1423653.375
1347755.75
1275462.25
1208164.25
1143811.375
1084535.125
1027156.3125
971474.875
921424.25
874569
859273.5625
900290.25
6887757
6095064.5
5605506.5
5202173.5
4825688.5
4536960
4385789.5
4258000.5
4107363
3937964
3758472.75
3588834.75
3424286
3260673.75
3092966.5
2934837
2784766.25
2639553.5
2492459
2355622
2228943.25
2105502
1984259.25
1875487.75
1770115
1670137
1576463.5
1489184.25
1405543.875
1328499.625
1255161
1186946.375
1122011.875
1062137.5
1004287.125
948552.25
898829
852694.1875
846715.75
917923.625
6723574.5
5940990
5508657
5103749.5
4731177
4477648
4356933
4235611.5
4081410.5
3907494.5
3727408.75
3556190.25
3389630.25
3221429.5
3052176.5
2893230.75
2741289.5
2591550
2444449
2306968.75
2178726.75
2053371.25
1932095.875
1821391.625
1715192.5
1613900.75
1519169.75
1430490.75
1345666.125
1267291.75
1192846.625
1123429.375
1057298.625
996418.875
937564.8125
880723.1875
830419.875
781068.1875
781070.4375
893773.625
6387197
5635279
5322689.5
4899019
4520806.5
4314773.5
4225237.5
4095681.5
3927113.75
3735426.5
3541219
3361020.5
3188630
3012610.5
2836503
2673834.5
2519793.5
2367920.25
2217768.75
2079672.25
1952027.25
1826565
1705655
1596933.625
1492861.125
1393754.25
1302028.125
1216753.75
1135472.375
1060699
990444.125
925174.0625
863559.125
807119.3125
753252.125
701671.8125
655754.0625
613818.1875
621490.4375
767809.4375
)
;

boundaryField
{
    inlet
    {
        type            calculated;
        value           uniform 13500000;
    }
    outlet
    {
        type            calculated;
        value           uniform 13500000;
    }
    fluid_to_graphite
    {
        type            calculated;
        value           uniform 13500000;
    }
    wedgeBack
    {
        type            wedge;
    }
    wedgeFront
    {
        type            wedge;
    }
    defaultFaces
    {
        type            empty;
    }
}


                                                                               
