                                                                               
                             
                                                                   
                                                            
                                          
                             
                                                                               
FoamFile
{
    format          ascii;
    class           volScalarField;
    location        1 / fluid;
    object          T;
}
                                                                               

dimensions      [ 0 0 0 1 0 0 0 ];

internalField   nonuniform List<scalar> 
4592
(
3199.872802734375
3199.855712890625
3199.834228515625
3199.88720703125
3199.852783203125
3199.803955078125
3199.78515625
3199.80322265625
3199.86962890625
3199.858642578125
3199.810546875
3199.784912109375
3199.770751953125
3199.782470703125
3199.7958984375
3199.771484375
3199.74853515625
3199.71240234375
3199.700927734375
3199.703857421875
3199.73974609375
3199.77001953125
3199.794677734375
3199.8037109375
3199.792724609375
3199.750244140625
3199.720458984375
3199.70556640625
3199.710205078125
3199.720458984375
3199.753173828125
3199.817626953125
3199.85595703125
3199.88037109375
3199.848876953125
3199.866943359375
3199.828857421875
3199.760986328125
3199.749267578125
3199.7802734375
3199.841796875
3199.828857421875
3199.782958984375
3199.75830078125
3199.74365234375
3199.7626953125
3199.7763671875
3199.766845703125
3199.74609375
3199.716064453125
3199.71240234375
3199.72412109375
3199.753662109375
3199.787109375
3199.796875
3199.801025390625
3199.781005859375
3199.736083984375
3199.7099609375
3199.69775390625
3199.701416015625
3199.7060546875
3199.7470703125
3199.802001953125
3199.864501953125
3199.900634765625
3199.868408203125
3199.881591796875
3199.845458984375
3199.78466796875
3199.751220703125
3199.780029296875
3199.838623046875
3199.8173828125
3199.7685546875
3199.765869140625
3199.769287109375
3199.80078125
3199.822265625
3199.802490234375
3199.77490234375
3199.7265625
3199.71484375
3199.71728515625
3199.7470703125
3199.771240234375
3199.772216796875
3199.776611328125
3199.775146484375
3199.746826171875
3199.729248046875
3199.708984375
3199.707763671875
3199.7158203125
3199.7255859375
3199.77197265625
3199.858642578125
3199.87255859375
3199.845947265625
3199.860595703125
3199.832275390625
3199.777587890625
3199.759765625
3199.787841796875
3199.84423828125
3199.82666015625
3199.764404296875
3199.761962890625
3199.75634765625
3199.78515625
3199.80908203125
3199.796630859375
3199.78076171875
3199.746337890625
3199.736083984375
3199.7412109375
3199.767822265625
3199.787353515625
3199.797607421875
3199.802001953125
3199.7998046875
3199.7763671875
3199.752685546875
3199.7470703125
3199.750244140625
3199.761962890625
3199.775390625
3199.821533203125
3199.863037109375
3199.902099609375
3199.88037109375
3199.89990234375
3199.870849609375
3199.81787109375
3199.7978515625
3199.819091796875
3199.88037109375
3199.85693359375
3199.78857421875
3199.77734375
3199.764404296875
3199.78662109375
3199.806640625
3199.800048828125
3199.774658203125
3199.7265625
3199.715576171875
3199.716796875
3199.7373046875
3199.7578125
3199.7646484375
3199.78173828125
3199.792236328125
3199.796875
3199.80029296875
3199.806884765625
3199.81689453125
3199.83056640625
3199.84716796875
3199.900146484375
3199.85986328125
3199.892578125
3199.87646484375
3199.900146484375
3199.886474609375
3199.8583984375
3199.810302734375
3199.829833984375
3199.8896484375
3199.86572265625
3199.7919921875
3199.77783203125
3199.7587890625
3199.78564453125
3199.809326171875
3199.803466796875
3199.779296875
3199.732666015625
3199.724853515625
3199.723388671875
3199.72705078125
3199.7392578125
3199.751708984375
3199.76904296875
3199.810791015625
3199.83544921875
3199.86474609375
3199.879150390625
3199.8876953125
3199.8994140625
3199.91796875
3199.94091796875
3199.853515625
3199.887451171875
3199.871337890625
3199.8955078125
3199.882080078125
3199.85009765625
3199.822265625
3199.841552734375
3199.896240234375
3199.874755859375
3199.818115234375
3199.802734375
3199.78662109375
3199.81884765625
3199.842529296875
3199.83251953125
3199.806396484375
3199.755126953125
3199.730712890625
3199.72216796875
3199.723876953125
3199.73876953125
3199.7587890625
3199.779296875
3199.827392578125
3199.854736328125
3199.899658203125
3199.922119140625
3199.931396484375
3199.934326171875
3199.940673828125
3199.962890625
3199.85400390625
3199.876708984375
3199.8779296875
3199.882080078125
3199.85107421875
3199.80224609375
3199.79931640625
3199.8212890625
3199.875732421875
3199.843505859375
3199.802001953125
3199.802978515625
3199.82177734375
3199.876220703125
3199.89697265625
3199.8837890625
3199.862060546875
3199.83447265625
3199.7978515625
3199.78173828125
3199.77734375
3199.786865234375
3199.791015625
3199.801513671875
3199.82470703125
3199.8564453125
3199.923095703125
3199.94775390625
3199.95458984375
3199.954345703125
3199.964599609375
3199.9736328125
3199.84716796875
3199.89013671875
3199.925537109375
3199.920654296875
3199.8759765625
3199.818359375
3199.804931640625
3199.814453125
3199.852783203125
3199.812255859375
3199.787353515625
3199.78857421875
3199.817626953125
3199.87841796875
3199.898681640625
3199.889892578125
3199.87158203125
3199.84814453125
3199.8310546875
3199.802978515625
3199.793212890625
3199.79736328125
3199.80224609375
3199.80908203125
3199.8271484375
3199.86328125
3199.9365234375
3199.955078125
3199.960693359375
3199.966064453125
3199.965576171875
3199.965576171875
3199.85546875
3199.899169921875
3199.920654296875
3199.90771484375
3199.868896484375
3199.814208984375
3199.80126953125
3199.81982421875
3199.85986328125
3199.82421875
3199.79052734375
3199.790771484375
3199.808349609375
3199.869140625
3199.892822265625
3199.87841796875
3199.848876953125
3199.8232421875
3199.802001953125
3199.782470703125
3199.7822265625
3199.79248046875
3199.8125
3199.8330078125
3199.8671875
3199.923583984375
3199.974365234375
3199.98828125
3199.994873046875
3199.996337890625
3199.99169921875
3199.986083984375
3199.856201171875
3199.865234375
3199.8681640625
3199.871826171875
3199.837646484375
3199.78564453125
3199.7802734375
3199.8193359375
3199.864501953125
3199.818115234375
3199.802734375
3199.802978515625
3199.833251953125
3199.892333984375
3199.91455078125
3199.904541015625
3199.853759765625
3199.80712890625
3199.7734375
3199.762939453125
3199.767578125
3199.792236328125
3199.824462890625
3199.8515625
3199.896240234375
3199.939453125
3199.967529296875
3199.991943359375
3199.999755859375
3200.000244140625
3199.996826171875
3199.995361328125
3199.85498046875
3199.867431640625
3199.87890625
3199.89453125
3199.876708984375
3199.83447265625
3199.824462890625
3199.856689453125
3199.908203125
3199.868896484375
3199.829345703125
3199.8291015625
3199.84716796875
3199.890869140625
3199.906005859375
3199.897216796875
3199.859375
3199.81591796875
3199.77001953125
3199.761962890625
3199.77001953125
3199.80517578125
3199.844970703125
3199.877197265625
3199.92724609375
3199.954345703125
3199.9775390625
3199.986572265625
3199.995849609375
3200.000244140625
3199.9970703125
3199.996826171875
3199.8544921875
3199.86962890625
3199.87451171875
3199.883056640625
3199.864990234375
3199.8310546875
3199.822265625
3199.860107421875
3199.907470703125
3199.8623046875
3199.832763671875
3199.833740234375
3199.841796875
3199.881103515625
3199.89892578125
3199.899658203125
3199.87109375
3199.811279296875
3199.791259765625
3199.78662109375
3199.791015625
3199.8349609375
3199.866943359375
3199.896240234375
3199.9453125
3199.969482421875
3199.9853515625
3199.99169921875
3199.989990234375
3199.987060546875
3199.974365234375
3199.97314453125
3199.8486328125
3199.90478515625
3199.9169921875
3199.91259765625
3199.89111328125
3199.8408203125
3199.832763671875
3199.8544921875
3199.88818359375
3199.82861328125
3199.822021484375
3199.823974609375
3199.842041015625
3199.871826171875
3199.87646484375
3199.878173828125
3199.852294921875
3199.80908203125
3199.800048828125
3199.80224609375
3199.83544921875
3199.881591796875
3199.91162109375
3199.955322265625
3199.9775390625
3199.99267578125
3200.000244140625
3200.003662109375
3200.000732421875
3199.9931640625
3199.984619140625
3199.983154296875
3199.846923828125
3199.89404296875
3199.900146484375
3199.89501953125
3199.866943359375
3199.81298828125
3199.803466796875
3199.829345703125
3199.867431640625
3199.822021484375
3199.809326171875
3199.81103515625
3199.822998046875
3199.85302734375
3199.87255859375
3199.87646484375
3199.8447265625
3199.80224609375
3199.796630859375
3199.797607421875
3199.826904296875
3199.899658203125
3199.95703125
3199.99072265625
3200.021728515625
3200.03369140625
3200.031005859375
3200.022216796875
3200.014892578125
3200.009033203125
3199.99169921875
3199.98486328125
3199.8564453125
3199.874755859375
3199.877685546875
3199.88916015625
3199.867919921875
3199.81689453125
3199.809814453125
3199.841064453125
3199.89501953125
3199.8408203125
3199.838623046875
3199.817626953125
3199.8212890625
3199.86669921875
3199.88818359375
3199.8876953125
3199.83837890625
3199.79443359375
3199.797607421875
3199.80029296875
3199.831298828125
3199.917724609375
3199.969970703125
3200.015869140625
3200.0478515625
3200.053955078125
3200.04296875
3200.02685546875
3200.03076171875
3200.024658203125
3199.99609375
3199.966552734375
3199.85986328125
3199.901123046875
3199.880126953125
3199.87646484375
3199.849609375
3199.794921875
3199.786865234375
3199.860595703125
3199.926513671875
3199.875244140625
3199.8662109375
3199.842529296875
3199.83349609375
3199.86962890625
3199.88916015625
3199.894775390625
3199.830078125
3199.8076171875
3199.8125
3199.825927734375
3199.87060546875
3199.9580078125
3200.00390625
3200.056884765625
3200.06640625
3200.0693359375
3200.061279296875
3200.044921875
3200.0419921875
3200.0302734375
3199.999267578125
3199.96630859375
3199.85986328125
3199.887939453125
3199.859130859375
3199.874755859375
3199.86181640625
3199.827880859375
3199.813232421875
3199.860595703125
3199.923828125
3199.877197265625
3199.849853515625
3199.848876953125
3199.85986328125
3199.892578125
3199.899658203125
3199.888427734375
3199.850830078125
3199.839111328125
3199.8251953125
3199.827392578125
3199.8642578125
3199.94970703125
3200.00732421875
3200.0537109375
3200.070556640625
3200.075927734375
3200.06982421875
3200.052978515625
3200.055908203125
3200.049072265625
3200.005859375
3199.967041015625
3199.856201171875
3199.892822265625
3199.880126953125
3199.892822265625
3199.867919921875
3199.820068359375
3199.809814453125
3199.886474609375
3199.94580078125
3199.924072265625
3199.879150390625
3199.856201171875
3199.84423828125
3199.867431640625
3199.876953125
3199.8779296875
3199.839599609375
3199.832275390625
3199.82421875
3199.82568359375
3199.858642578125
3199.944580078125
3200.01220703125
3200.0498046875
3200.091552734375
3200.104248046875
3200.10009765625
3200.09228515625
3200.091064453125
3200.083251953125
3200.037109375
3200.00732421875
3199.850341796875
3199.902099609375
3199.881103515625
3199.899169921875
3199.8828125
3199.84521484375
3199.82568359375
3199.878662109375
3199.924560546875
3199.878662109375
3199.871826171875
3199.8662109375
3199.87255859375
3199.8994140625
3199.89306640625
3199.89208984375
3199.844970703125
3199.83154296875
3199.82421875
3199.826416015625
3199.84765625
3199.9228515625
3200.025634765625
3200.082763671875
3200.11279296875
3200.1181640625
3200.115234375
3200.1083984375
3200.104736328125
3200.08984375
3200.046142578125
3200.0166015625
3199.851318359375
3199.88134765625
3199.85302734375
3199.878173828125
3199.89501953125
3199.8671875
3199.8271484375
3199.875732421875
3199.908447265625
3199.86328125
3199.871826171875
3199.87841796875
3199.8955078125
3199.924560546875
3199.9267578125
3199.926025390625
3199.856689453125
3199.823974609375
3199.825927734375
3199.828125
3199.862060546875
3199.9501953125
3200.032958984375
3200.098388671875
3200.1328125
3200.134521484375
3200.126220703125
3200.098876953125
3200.090576171875
3200.068115234375
3200.037109375
3200.018798828125
3199.859130859375
3199.869384765625
3199.85595703125
3199.86767578125
3199.8642578125
3199.839111328125
3199.820068359375
3199.844482421875
3199.873046875
3199.837646484375
3199.833251953125
3199.832763671875
3199.85400390625
3199.88720703125
3199.905029296875
3199.908935546875
3199.859375
3199.8330078125
3199.841552734375
3199.849365234375
3199.87890625
3199.96533203125
3200.037353515625
3200.080078125
3200.115234375
3200.13037109375
3200.12744140625
3200.095947265625
3200.084716796875
3200.063232421875
3200.030029296875
3200.0048828125
3199.849609375
3199.889404296875
3199.889892578125
3199.8837890625
3199.846923828125
3199.80322265625
3199.78466796875
3199.846435546875
3199.915771484375
3199.888427734375
3199.85498046875
3199.836181640625
3199.837158203125
3199.87060546875
3199.8798828125
3199.8916015625
3199.865966796875
3199.84716796875
3199.83740234375
3199.840576171875
3199.8671875
3199.97607421875
3200.026611328125
3200.068603515625
3200.110107421875
3200.118408203125
3200.113525390625
3200.089111328125
3200.084716796875
3200.074462890625
3200.0546875
3200.02197265625
3199.841552734375
3199.87109375
3199.869384765625
3199.886962890625
3199.86376953125
3199.806884765625
3199.786865234375
3199.8427734375
3199.891357421875
3199.83251953125
3199.83740234375
3199.833740234375
3199.841064453125
3199.874755859375
3199.884521484375
3199.89794921875
3199.8603515625
3199.83984375
3199.83251953125
3199.839599609375
3199.85107421875
3199.940673828125
3200.017822265625
3200.091064453125
3200.124755859375
3200.126708984375
3200.1103515625
3200.083251953125
3200.090576171875
3200.102294921875
3200.089111328125
3200.046875
3199.86767578125
3199.86279296875
3199.837646484375
3199.842041015625
3199.831298828125
3199.7958984375
3199.762451171875
3199.852783203125
3199.9150390625
3199.8779296875
3199.87060546875
3199.844482421875
3199.848876953125
3199.886962890625
3199.8984375
3199.906494140625
3199.865234375
3199.840576171875
3199.848388671875
3199.85107421875
3199.87109375
3199.93896484375
3200.025390625
3200.109619140625
3200.130859375
3200.126220703125
3200.10009765625
3200.094482421875
3200.109375
3200.111572265625
3200.08740234375
3200.063720703125
3199.855712890625
3199.865966796875
3199.8564453125
3199.870849609375
3199.850830078125
3199.802978515625
3199.770751953125
3199.819091796875
3199.889892578125
3199.871826171875
3199.871826171875
3199.853271484375
3199.859619140625
3199.90380859375
3199.91748046875
3199.9189453125
3199.868896484375
3199.867431640625
3199.886962890625
3199.8984375
3199.922607421875
3199.9873046875
3200.071044921875
3200.1318359375
3200.139404296875
3200.13720703125
3200.10302734375
3200.10205078125
3200.116943359375
3200.115478515625
3200.071533203125
3200.0146484375
3199.853759765625
3199.889892578125
3199.88330078125
3199.867431640625
3199.8427734375
3199.7958984375
3199.76904296875
3199.82666015625
3199.881103515625
3199.865234375
3199.868408203125
3199.85791015625
3199.863525390625
3199.90283203125
3199.903076171875
3199.897216796875
3199.8662109375
3199.884765625
3199.935791015625
3199.951416015625
3199.97998046875
3200.050537109375
3200.097412109375
3200.110595703125
3200.119140625
3200.1123046875
3200.067626953125
3200.055908203125
3200.0595703125
3200.0283203125
3199.986328125
3199.978759765625
3199.861328125
3199.92578125
3199.935302734375
3199.9111328125
3199.8818359375
3199.84326171875
3199.83544921875
3199.933349609375
3199.97265625
3199.904052734375
3199.901123046875
3199.904541015625
3199.911376953125
3199.933349609375
3199.91162109375
3199.91650390625
3199.920166015625
3199.956298828125
3200.009033203125
3200.010498046875
3200.00439453125
3200.012939453125
3200.0341796875
3200.0341796875
3200.0380859375
3200.03125
3199.9912109375
3199.9873046875
3199.99755859375
3199.98291015625
3199.973876953125
3200.023681640625
3199.86181640625
3199.8701171875
3199.867431640625
3199.874267578125
3199.884033203125
3199.884765625
3199.8828125
3199.880615234375
3199.863037109375
3199.8212890625
3199.747802734375
3199.711181640625
3199.6796875
3199.666748046875
3199.667724609375
3199.657958984375
3199.641845703125
3199.630126953125
3199.625732421875
3199.614990234375
3199.612060546875
3199.588623046875
3199.5712890625
3199.5322265625
3199.507080078125
3199.451416015625
3199.420166015625
3199.3974609375
3199.373779296875
3199.35009765625
3199.314208984375
3199.271240234375
3199.2490234375
3199.20947265625
3199.188232421875
3199.164306640625
3199.13671875
3199.12744140625
3199.09423828125
3199.0673828125
3199.017333984375
3198.973388671875
3198.9248046875
3198.85009765625
3198.80078125
3198.71484375
3198.66015625
3198.573486328125
3198.481689453125
3198.4248046875
3198.293701171875
3198.20654296875
3198.0166015625
3197.90185546875
3197.673583984375
3197.503173828125
3197.27392578125
3197.046142578125
3196.745361328125
3196.47119140625
3196.197509765625
3195.733154296875
3195.39599609375
3195.018310546875
3194.430908203125
3193.9462890625
3193.4052734375
3192.705078125
3191.98095703125
3191.184326171875
3190.1943359375
3189.10107421875
3187.877685546875
3186.45556640625
3184.88525390625
3183.099609375
3180.95751953125
3178.490966796875
3175.533203125
3172.088623046875
3168.07177734375
3163.41796875
3157.99560546875
3151.728759765625
3143.7890625
3134.369873046875
3123.4775390625
3111.071044921875
3096.4384765625
3078.3876953125
3056.73046875
3031.6748046875
3199.82080078125
3199.818115234375
3199.81005859375
3199.81787109375
3199.8330078125
3199.843017578125
3199.85888671875
3199.857421875
3199.848876953125
3199.8193359375
3199.743896484375
3199.699462890625
3199.664794921875
3199.650634765625
3199.6484375
3199.64208984375
3199.634765625
3199.622314453125
3199.604248046875
3199.599365234375
3199.599609375
3199.591552734375
3199.565185546875
3199.536865234375
3199.5078125
3199.44873046875
3199.40087890625
3199.36376953125
3199.322021484375
3199.292236328125
3199.265625
3199.2041015625
3199.168701171875
3199.1103515625
3199.089111328125
3199.058837890625
3199.010986328125
3198.99462890625
3198.955810546875
3198.90771484375
3198.83642578125
3198.778076171875
3198.724853515625
3198.64013671875
3198.596923828125
3198.50146484375
3198.43017578125
3198.31396484375
3198.215576171875
3198.128662109375
3198.009033203125
3197.8857421875
3197.74658203125
3197.591796875
3197.403076171875
3197.169921875
3196.93701171875
3196.688720703125
3196.444580078125
3196.12451171875
3195.82373046875
3195.426025390625
3194.982177734375
3194.5009765625
3193.970458984375
3193.343994140625
3192.722900390625
3192.038330078125
3191.248046875
3190.342529296875
3189.33349609375
3188.224853515625
3186.95458984375
3185.41259765625
3183.711669921875
3181.76708984375
3179.458984375
3176.76416015625
3173.74169921875
3170.04638671875
3165.8095703125
3160.89794921875
3155.317138671875
3148.8623046875
3140.62890625
3130.97607421875
3120.0224609375
3107.507568359375
3092.65625
3074.283935546875
3052.58251953125
3027.8408203125
3199.818603515625
3199.829833984375
3199.83203125
3199.838134765625
3199.850341796875
3199.85205078125
3199.852294921875
3199.849609375
3199.832275390625
3199.812744140625
3199.76220703125
3199.717529296875
3199.6875
3199.673095703125
3199.6708984375
3199.660400390625
3199.64892578125
3199.630126953125
3199.618896484375
3199.606201171875
3199.5966796875
3199.58056640625
3199.562744140625
3199.525634765625
3199.493408203125
3199.460693359375
3199.423828125
3199.373046875
3199.330322265625
3199.306640625
3199.282958984375
3199.220947265625
3199.167724609375
3199.11328125
3199.0849609375
3199.06201171875
3199.0419921875
3199.01806640625
3198.991455078125
3198.968994140625
3198.9228515625
3198.834716796875
3198.786376953125
3198.70654296875
3198.656005859375
3198.565673828125
3198.4599609375
3198.376953125
3198.280029296875
3198.137451171875
3198.054443359375
3197.91552734375
3197.8046875
3197.592529296875
3197.419189453125
3197.192626953125
3196.98779296875
3196.7158203125
3196.4912109375
3196.127197265625
3195.788330078125
3195.382080078125
3194.995361328125
3194.5
3194.011962890625
3193.3779296875
3192.740234375
3192.005859375
3191.234375
3190.308349609375
3189.292724609375
3188.1396484375
3186.85009765625
3185.2841796875
3183.5810546875
3181.54736328125
3179.251220703125
3176.49951171875
3173.37255859375
3169.641357421875
3165.434326171875
3160.47119140625
3154.852783203125
3148.333984375
3139.82958984375
3130.081298828125
3119.0673828125
3106.449462890625
3091.599609375
3072.8740234375
3050.864013671875
3025.706298828125
3199.850830078125
3199.860595703125
3199.8603515625
3199.865234375
3199.873291015625
3199.888427734375
3199.904052734375
3199.901123046875
3199.88427734375
3199.87353515625
3199.840576171875
3199.77587890625
3199.726318359375
3199.6982421875
3199.685791015625
3199.666015625
3199.63037109375
3199.6103515625
3199.596435546875
3199.585693359375
3199.58447265625
3199.570556640625
3199.548583984375
3199.5244140625
3199.491943359375
3199.468994140625
3199.408935546875
3199.37060546875
3199.342041015625
3199.326904296875
3199.30419921875
3199.259765625
3199.21533203125
3199.154052734375
3199.1201171875
3199.093505859375
3199.068603515625
3199.0439453125
3199.015625
3198.985107421875
3198.951904296875
3198.87353515625
3198.8203125
3198.740966796875
3198.68017578125
3198.575927734375
3198.510498046875
3198.38916015625
3198.32421875
3198.19091796875
3198.088134765625
3197.9208984375
3197.81591796875
3197.605712890625
3197.4755859375
3197.21484375
3196.982421875
3196.728515625
3196.448486328125
3196.117919921875
3195.81640625
3195.375244140625
3194.966064453125
3194.49072265625
3193.979248046875
3193.380859375
3192.79150390625
3192.028564453125
3191.254150390625
3190.27783203125
3189.294189453125
3188.084228515625
3186.800048828125
3185.2880859375
3183.55859375
3181.494140625
3179.14697265625
3176.37841796875
3173.23974609375
3169.4794921875
3165.199462890625
3160.25390625
3154.626220703125
3148.029541015625
3139.327880859375
3129.34375
3118.2451171875
3105.5703125
3090.502197265625
3071.31689453125
3048.61669921875
3023.107666015625
3199.9140625
3199.9189453125
3199.917724609375
3199.925537109375
3199.940185546875
3199.94921875
3199.95703125
3199.948486328125
3199.911376953125
3199.899658203125
3199.87646484375
3199.827880859375
3199.768310546875
3199.725830078125
3199.705810546875
3199.690673828125
3199.6572265625
3199.634765625
3199.6220703125
3199.599853515625
3199.595703125
3199.58154296875
3199.564453125
3199.5400390625
3199.51806640625
3199.491943359375
3199.4453125
3199.410888671875
3199.37255859375
3199.353759765625
3199.342041015625
3199.31005859375
3199.25634765625
3199.192138671875
3199.155029296875
3199.116455078125
3199.090576171875
3199.07373046875
3199.05029296875
3199.0302734375
3198.999267578125
3198.922119140625
3198.877685546875
3198.78466796875
3198.7333984375
3198.6376953125
3198.5732421875
3198.454833984375
3198.388427734375
3198.258544921875
3198.175537109375
3198.005126953125
3197.900390625
3197.68603515625
3197.543701171875
3197.278564453125
3197.118896484375
3196.8251953125
3196.544189453125
3196.221923828125
3195.897216796875
3195.470703125
3195.106201171875
3194.639892578125
3194.15234375
3193.49072265625
3192.8671875
3192.160400390625
3191.392822265625
3190.449462890625
3189.4365234375
3188.2431640625
3186.96484375
3185.47314453125
3183.7978515625
3181.740478515625
3179.422119140625
3176.616943359375
3173.43701171875
3169.689453125
3165.407470703125
3160.3896484375
3154.841064453125
3148.1904296875
3139.2783203125
3129.070556640625
3117.88232421875
3105.08203125
3089.765625
3070.08984375
3046.872802734375
3020.40625
3199.954345703125
3199.950927734375
3199.9326171875
3199.9375
3199.9423828125
3199.9462890625
3199.94580078125
3199.934814453125
3199.89794921875
3199.8818359375
3199.857177734375
3199.7890625
3199.74658203125
3199.71435546875
3199.711181640625
3199.708740234375
3199.702392578125
3199.68310546875
3199.659912109375
3199.6376953125
3199.627197265625
3199.605224609375
3199.572265625
3199.5498046875
3199.530517578125
3199.509765625
3199.4697265625
3199.42919921875
3199.3984375
3199.371826171875
3199.349609375
3199.327392578125
3199.28955078125
3199.231689453125
3199.193115234375
3199.158447265625
3199.14013671875
3199.116455078125
3199.0986328125
3199.056640625
3199.016357421875
3198.94482421875
3198.9052734375
3198.818359375
3198.76220703125
3198.6591796875
3198.59912109375
3198.501708984375
3198.40869140625
3198.31884765625
3198.1982421875
3198.04833984375
3197.947265625
3197.728271484375
3197.596435546875
3197.357177734375
3197.201416015625
3196.870849609375
3196.606201171875
3196.32568359375
3195.95361328125
3195.62841796875
3195.2421875
3194.74169921875
3194.250732421875
3193.70068359375
3193.10107421875
3192.354736328125
3191.5849609375
3190.688232421875
3189.63720703125
3188.53125
3187.246337890625
3185.795654296875
3184.10693359375
3182.13427734375
3179.817626953125
3177.0322265625
3173.832275390625
3170.115234375
3165.8017578125
3160.792724609375
3155.21875
3148.581298828125
3139.4130859375
3128.996826171875
3117.66845703125
3104.707763671875
3089.19921875
3068.72900390625
3044.67138671875
3018.209228515625
3199.971435546875
3199.96875
3199.959228515625
3199.956787109375
3199.960693359375
3199.96044921875
3199.95556640625
3199.926025390625
3199.876708984375
3199.865478515625
3199.85107421875
3199.801025390625
3199.753662109375
3199.706787109375
3199.69482421875
3199.695556640625
3199.6904296875
3199.677001953125
3199.662353515625
3199.6376953125
3199.632568359375
3199.630126953125
3199.611572265625
3199.57568359375
3199.557861328125
3199.536865234375
3199.4970703125
3199.463623046875
3199.43408203125
3199.3984375
3199.392822265625
3199.3740234375
3199.333251953125
3199.275634765625
3199.23095703125
3199.180419921875
3199.161376953125
3199.140380859375
3199.1103515625
3199.067138671875
3199.033203125
3198.988037109375
3198.92431640625
3198.87451171875
3198.78857421875
3198.703125
3198.652099609375
3198.55810546875
3198.485595703125
3198.360595703125
3198.255615234375
3198.105712890625
3197.9814453125
3197.77880859375
3197.6611328125
3197.430908203125
3197.265869140625
3196.962890625
3196.7392578125
3196.439208984375
3196.1240234375
3195.749755859375
3195.4306640625
3194.879150390625
3194.37890625
3193.893310546875
3193.263427734375
3192.540283203125
3191.88232421875
3190.902587890625
3189.956298828125
3188.8408203125
3187.5986328125
3186.0673828125
3184.43896484375
3182.51025390625
3180.2138671875
3177.5595703125
3174.318603515625
3170.545654296875
3166.244384765625
3161.27001953125
3155.6875
3148.9970703125
3139.596435546875
3128.993896484375
3117.515869140625
3104.369384765625
3088.575439453125
3067.508056640625
3042.505859375
3014.133544921875
3199.974365234375
3199.970458984375
3199.958984375
3199.9658203125
3199.96826171875
3199.96630859375
3199.9609375
3199.935791015625
3199.8916015625
3199.85546875
3199.83447265625
3199.808349609375
3199.75732421875
3199.7060546875
3199.692138671875
3199.689697265625
3199.68603515625
3199.68212890625
3199.66943359375
3199.638671875
3199.634521484375
3199.633056640625
3199.62451171875
3199.611328125
3199.59912109375
3199.587646484375
3199.57421875
3199.53369140625
3199.48291015625
3199.431396484375
3199.41552734375
3199.3994140625
3199.380615234375
3199.321044921875
3199.284912109375
3199.258056640625
3199.216552734375
3199.1826171875
3199.161376953125
3199.129150390625
3199.09130859375
3199.054931640625
3198.977294921875
3198.934326171875
3198.857421875
3198.800048828125
3198.713623046875
3198.634033203125
3198.576416015625
3198.450439453125
3198.356201171875
3198.1884765625
3198.061767578125
3197.90966796875
3197.72998046875
3197.49658203125
3197.355712890625
3197.065185546875
3196.84619140625
3196.5517578125
3196.2861328125
3195.86865234375
3195.544921875
3195.0361328125
3194.629150390625
3194.048095703125
3193.502197265625
3192.83642578125
3192.172607421875
3191.1748046875
3190.203369140625
3189.1015625
3188.00146484375
3186.52734375
3184.903076171875
3182.9453125
3180.771240234375
3178.04931640625
3174.904296875
3171.124755859375
3166.783447265625
3161.81884765625
3156.237548828125
3149.56396484375
3139.86328125
3129.115478515625
3117.370849609375
3104.130859375
3087.8798828125
3066.15869140625
3040.455322265625
3011.710205078125
3199.958984375
3199.947021484375
3199.93359375
3199.941162109375
3199.945068359375
3199.942626953125
3199.938720703125
3199.9287109375
3199.88232421875
3199.850341796875
3199.8359375
3199.8173828125
3199.79150390625
3199.7353515625
3199.718994140625
3199.70849609375
3199.703857421875
3199.7060546875
3199.6982421875
3199.679443359375
3199.677734375
3199.671630859375
3199.670654296875
3199.669677734375
3199.66259765625
3199.65625
3199.648681640625
3199.634765625
3199.593505859375
3199.554443359375
3199.54345703125
3199.524658203125
3199.506591796875
3199.45751953125
3199.3798828125
3199.3193359375
3199.25537109375
3199.22412109375
3199.196533203125
3199.170654296875
3199.144287109375
3199.1083984375
3199.053466796875
3198.989501953125
3198.930419921875
3198.876220703125
3198.782470703125
3198.72265625
3198.626953125
3198.51611328125
3198.438720703125
3198.2763671875
3198.157958984375
3197.962646484375
3197.849609375
3197.635498046875
3197.473876953125
3197.170654296875
3196.942626953125
3196.640869140625
3196.39794921875
3195.969482421875
3195.72265625
3195.289306640625
3194.7900390625
3194.244873046875
3193.772705078125
3193.08154296875
3192.35498046875
3191.48486328125
3190.62744140625
3189.627685546875
3188.484130859375
3186.95654296875
3185.282958984375
3183.450927734375
3181.260986328125
3178.613525390625
3175.5302734375
3171.86328125
3167.54052734375
3162.594482421875
3157.00537109375
3150.313720703125
3140.291259765625
3129.380126953125
3117.294189453125
3103.987548828125
3087.236083984375
3064.806884765625
3037.44970703125
3008.50439453125
3199.969970703125
3199.948486328125
3199.9365234375
3199.912841796875
3199.912353515625
3199.908203125
3199.91064453125
3199.9111328125
3199.897705078125
3199.86376953125
3199.8271484375
3199.824462890625
3199.826904296875
3199.794189453125
3199.763427734375
3199.74462890625
3199.742431640625
3199.747802734375
3199.7451171875
3199.734130859375
3199.734375
3199.729736328125
3199.732177734375
3199.729736328125
3199.724609375
3199.7255859375
3199.723388671875
3199.718017578125
3199.694580078125
3199.65966796875
3199.6416015625
3199.614501953125
3199.59423828125
3199.5341796875
3199.461181640625
3199.37060546875
3199.296875
3199.264892578125
3199.230712890625
3199.205810546875
3199.17626953125
3199.1416015625
3199.105712890625
3199.06640625
3199.008056640625
3198.920654296875
3198.85595703125
3198.8076171875
3198.713623046875
3198.595458984375
3198.516357421875
3198.358154296875
3198.260986328125
3198.08935546875
3197.940673828125
3197.715576171875
3197.57470703125
3197.28271484375
3197.06640625
3196.77197265625
3196.48876953125
3196.16748046875
3195.874755859375
3195.487548828125
3194.933837890625
3194.50927734375
3193.9267578125
3193.358642578125
3192.517822265625
3191.923095703125
3190.855224609375
3189.963623046875
3188.689453125
3187.44677734375
3185.758544921875
3184.191650390625
3181.7880859375
3179.33984375
3176.011962890625
3172.599853515625
3168.111083984375
3163.40234375
3157.6630859375
3151.131591796875
3140.705078125
3129.749267578125
3117.33740234375
3103.943115234375
3086.630859375
3063.69677734375
3035.206298828125
3002.9794921875
3199.989013671875
3199.97314453125
3199.950439453125
3199.9306640625
3199.92822265625
3199.9306640625
3199.933837890625
3199.9326171875
3199.9228515625
3199.875
3199.85888671875
3199.859375
3199.851318359375
3199.8232421875
3199.79248046875
3199.78564453125
3199.78271484375
3199.78759765625
3199.79541015625
3199.784912109375
3199.785400390625
3199.783203125
3199.78564453125
3199.789306640625
3199.78955078125
3199.7939453125
3199.791259765625
3199.7822265625
3199.759765625
3199.72802734375
3199.68408203125
3199.64208984375
3199.623779296875
3199.585693359375
3199.50146484375
3199.40283203125
3199.3310546875
3199.281982421875
3199.251708984375
3199.238037109375
3199.212646484375
3199.175537109375
3199.150634765625
3199.09765625
3199.060302734375
3198.99462890625
3198.906982421875
3198.849365234375
3198.7548828125
3198.667236328125
3198.589111328125
3198.43310546875
3198.279541015625
3198.1865234375
3197.99365234375
3197.85986328125
3197.599609375
3197.4482421875
3197.1474609375
3196.96484375
3196.60009765625
3196.3857421875
3195.953369140625
3195.68603515625
3195.1396484375
3194.79638671875
3194.09228515625
3193.654052734375
3192.769287109375
3192.218994140625
3191.105224609375
3190.3876953125
3188.93603515625
3187.99267578125
3186.1025390625
3184.7294921875
3182.12451171875
3179.980224609375
3176.48681640625
3173.3447265625
3168.749267578125
3164.22509765625
3158.43212890625
3152.023193359375
3141.33251953125
3130.129638671875
3117.59326171875
3103.782470703125
3086.28076171875
3062.126953125
3033.525390625
2999.818115234375
3199.995361328125
3199.97900390625
3199.955810546875
3199.95166015625
3199.9453125
3199.94140625
3199.94189453125
3199.935546875
3199.90625
3199.89111328125
3199.892578125
3199.894775390625
3199.873046875
3199.841064453125
3199.7978515625
3199.791259765625
3199.7919921875
3199.799560546875
3199.80517578125
3199.79736328125
3199.78857421875
3199.794677734375
3199.80615234375
3199.802734375
3199.810302734375
3199.8095703125
3199.8017578125
3199.791748046875
3199.771240234375
3199.741455078125
3199.683837890625
3199.644287109375
3199.62109375
3199.56982421875
3199.503662109375
3199.43408203125
3199.34716796875
3199.30029296875
3199.266845703125
3199.24755859375
3199.23095703125
3199.201171875
3199.1875
3199.158447265625
3199.10546875
3199.056640625
3198.96923828125
3198.912109375
3198.849365234375
3198.73291015625
3198.658447265625
3198.539306640625
3198.3671875
3198.270263671875
3198.07080078125
3197.946533203125
3197.707275390625
3197.55859375
3197.241943359375
3197.070068359375
3196.73193359375
3196.533203125
3196.12548828125
3195.86669921875
3195.329345703125
3194.990478515625
3194.30517578125
3193.88427734375
3193.03564453125
3192.4990234375
3191.414794921875
3190.7197265625
3189.314697265625
3188.393798828125
3186.52734375
3185.1640625
3182.700927734375
3180.489501953125
3177.191650390625
3173.99658203125
3169.5029296875
3165.03857421875
3159.359130859375
3152.79736328125
3142.182861328125
3130.40478515625
3117.91552734375
3103.5107421875
3085.894775390625
3060.409912109375
3030.62548828125
2997.39599609375
3199.97314453125
3199.966796875
3199.964111328125
3199.96875
3199.96826171875
3199.962158203125
3199.958251953125
3199.9423828125
3199.9306640625
3199.9345703125
3199.930419921875
3199.92041015625
3199.901611328125
3199.85791015625
3199.845458984375
3199.8193359375
3199.8134765625
3199.8193359375
3199.811279296875
3199.81640625
3199.8134765625
3199.81103515625
3199.8212890625
3199.833984375
3199.830078125
3199.821044921875
3199.815185546875
3199.803466796875
3199.766845703125
3199.72314453125
3199.679931640625
3199.639404296875
3199.59423828125
3199.546630859375
3199.49462890625
3199.451171875
3199.390380859375
3199.355224609375
3199.30908203125
3199.295166015625
3199.279296875
3199.251220703125
3199.23828125
3199.203857421875
3199.144775390625
3199.110595703125
3199.038818359375
3198.984375
3198.8935546875
3198.83740234375
3198.718505859375
3198.62744140625
3198.453857421875
3198.35302734375
3198.15283203125
3198.0341796875
3197.806396484375
3197.671142578125
3197.392578125
3197.2255859375
3196.88671875
3196.681640625
3196.27392578125
3196.0205078125
3195.51025390625
3195.192138671875
3194.551025390625
3194.141357421875
3193.308837890625
3192.787353515625
3191.720947265625
3191.0419921875
3189.69970703125
3188.685302734375
3187.05810546875
3185.513671875
3183.330322265625
3180.95654296875
3177.94580078125
3174.534912109375
3170.3291015625
3165.695556640625
3160.3056640625
3153.531982421875
3142.97705078125
3130.909912109375
3118.1376953125
3103.49560546875
3085.32373046875
3059.271484375
3027.27734375
2992.182373046875
3199.98388671875
3199.97509765625
3199.9638671875
3199.96484375
3199.9609375
3199.962646484375
3199.966064453125
3199.967529296875
3199.977783203125
3199.976806640625
3199.951904296875
3199.93310546875
3199.932861328125
3199.925537109375
3199.90478515625
3199.85009765625
3199.821533203125
3199.807373046875
3199.798583984375
3199.80859375
3199.8056640625
3199.811279296875
3199.82373046875
3199.8271484375
3199.825439453125
3199.814208984375
3199.81591796875
3199.805419921875
3199.784912109375
3199.741455078125
3199.685791015625
3199.640869140625
3199.57861328125
3199.54931640625
3199.5068359375
3199.493408203125
3199.463134765625
3199.416015625
3199.363037109375
3199.345703125
3199.3212890625
3199.29541015625
3199.274658203125
3199.249267578125
3199.201416015625
3199.16162109375
3199.096435546875
3199.052978515625
3198.9716796875
3198.91064453125
3198.7783203125
3198.693115234375
3198.525390625
3198.426513671875
3198.23193359375
3198.111572265625
3197.8828125
3197.75341796875
3197.494140625
3197.3349609375
3197.00732421875
3196.80615234375
3196.3984375
3196.150146484375
3195.650146484375
3195.34228515625
3194.70849609375
3194.30322265625
3193.556396484375
3192.8798828125
3192.07861328125
3191.193603515625
3190.117431640625
3188.94921875
3187.527099609375
3185.87255859375
3183.87744140625
3181.4609375
3178.5068359375
3175.21630859375
3171.062744140625
3166.51220703125
3161.169921875
3154.40087890625
3143.6259765625
3131.48486328125
3118.30908203125
3103.520751953125
3084.62451171875
3058.201171875
3024.714599609375
2985.884765625
3199.975830078125
3199.96142578125
3199.954833984375
3199.958251953125
3199.95556640625
3199.9580078125
3199.9658203125
3199.9755859375
3199.984619140625
3199.9853515625
3199.968505859375
3199.95947265625
3199.95654296875
3199.96142578125
3199.931396484375
3199.872802734375
3199.825439453125
3199.8046875
3199.79833984375
3199.800537109375
3199.816162109375
3199.818603515625
3199.81005859375
3199.819580078125
3199.822998046875
3199.826171875
3199.833740234375
3199.8291015625
3199.814208984375
3199.788330078125
3199.730224609375
3199.66064453125
3199.622314453125
3199.58203125
3199.55859375
3199.550048828125
3199.528564453125
3199.494873046875
3199.47119140625
3199.447021484375
3199.436279296875
3199.41650390625
3199.36083984375
3199.334716796875
3199.277587890625
3199.21435546875
3199.146728515625
3199.1083984375
3199.027587890625
3198.97119140625
3198.846923828125
3198.768798828125
3198.611572265625
3198.51806640625
3198.326416015625
3198.219970703125
3198.008056640625
3197.88037109375
3197.619873046875
3197.45654296875
3197.131591796875
3196.937255859375
3196.542724609375
3196.300537109375
3195.8251953125
3195.414306640625
3195.012451171875
3194.357177734375
3193.781005859375
3193.08349609375
3192.353515625
3191.48828125
3190.349365234375
3189.27880859375
3187.899169921875
3186.353515625
3184.259033203125
3182.07568359375
3178.973876953125
3176.0107421875
3171.707763671875
3167.506103515625
3162.014404296875
3155.551025390625
3144.248046875
3132.2763671875
3118.470703125
3103.715087890625
3083.85595703125
3056.936279296875
3022.507568359375
2981.577880859375
3199.9541015625
3199.950439453125
3199.94677734375
3199.944580078125
3199.9482421875
3199.958251953125
3199.966796875
3199.9736328125
3199.990478515625
3199.998779296875
3200.001220703125
3199.995361328125
3199.9853515625
3199.966064453125
3199.9091796875
3199.865478515625
3199.79833984375
3199.771728515625
3199.775634765625
3199.78564453125
3199.795654296875
3199.80078125
3199.82373046875
3199.849609375
3199.8603515625
3199.87744140625
3199.892578125
3199.88818359375
3199.875244140625
3199.852294921875
3199.817626953125
3199.751953125
3199.717529296875
3199.666015625
3199.644775390625
3199.637451171875
3199.60693359375
3199.587158203125
3199.5517578125
3199.5283203125
3199.4990234375
3199.476806640625
3199.428955078125
3199.4072265625
3199.35791015625
3199.31591796875
3199.26220703125
3199.2275390625
3199.133544921875
3199.0732421875
3198.94287109375
3198.84130859375
3198.664794921875
3198.571044921875
3198.378662109375
3198.2587890625
3198.04052734375
3197.911865234375
3197.655517578125
3197.500732421875
3197.18896484375
3197.000244140625
3196.627685546875
3196.369384765625
3196.02587890625
3195.537353515625
3195.115234375
3194.68359375
3193.89208984375
3193.415771484375
3192.480712890625
3191.86279296875
3190.573974609375
3189.7392578125
3188.1357421875
3186.912109375
3184.631103515625
3182.69580078125
3179.53076171875
3176.7236328125
3172.3935546875
3168.353759765625
3162.88720703125
3156.572509765625
3145.1162109375
3132.998291015625
3118.864990234375
3103.737060546875
3083.447509765625
3055.448486328125
3020.142822265625
2977.9814453125
3199.94921875
3199.947509765625
3199.953125
3199.95068359375
3199.95166015625
3199.960693359375
3199.963134765625
3199.963134765625
3199.983642578125
3200.01123046875
3200.01513671875
3200.009033203125
3199.980224609375
3199.927490234375
3199.901123046875
3199.843505859375
3199.784912109375
3199.77392578125
3199.771484375
3199.77099609375
3199.79296875
3199.828857421875
3199.869873046875
3199.892578125
3199.927490234375
3199.945556640625
3199.94580078125
3199.938232421875
3199.92626953125
3199.917236328125
3199.89697265625
3199.870849609375
3199.830810546875
3199.768798828125
3199.753173828125
3199.7392578125
3199.71142578125
3199.667236328125
3199.61865234375
3199.582763671875
3199.552978515625
3199.527587890625
3199.48486328125
3199.468994140625
3199.41455078125
3199.3818359375
3199.3359375
3199.291748046875
3199.2138671875
3199.154052734375
3199.02783203125
3198.94189453125
3198.77978515625
3198.676513671875
3198.484375
3198.372314453125
3198.150390625
3198.025634765625
3197.763671875
3197.6123046875
3197.32763671875
3197.11669921875
3196.8076171875
3196.582275390625
3196.107666015625
3195.823486328125
3195.26904296875
3194.90185546875
3194.1337890625
3193.64794921875
3192.707275390625
3192.11474609375
3190.904296875
3190.103515625
3188.4462890625
3187.306884765625
3184.979736328125
3183.336669921875
3180.126953125
3177.466552734375
3173.1865234375
3169.25439453125
3163.839599609375
3157.62109375
3146.074951171875
3133.793212890625
3119.388916015625
3103.875732421875
3083.027099609375
3054.16015625
3017.5625
2974.202880859375
3199.96923828125
3199.973876953125
3199.988525390625
3199.992431640625
3199.993408203125
3199.989990234375
3199.99072265625
3200.000732421875
3200.0224609375
3200.034423828125
3200.031982421875
3200.021484375
3199.966552734375
3199.936279296875
3199.88525390625
3199.84326171875
3199.796630859375
3199.7900390625
3199.7900390625
3199.792724609375
3199.813720703125
3199.82666015625
3199.875
3199.9189453125
3199.977294921875
3199.999267578125
3199.999755859375
3199.99267578125
3199.982177734375
3199.97998046875
3199.969970703125
3199.9404296875
3199.892333984375
3199.8388671875
3199.79443359375
3199.7734375
3199.7392578125
3199.719970703125
3199.686767578125
3199.6376953125
3199.585693359375
3199.551513671875
3199.5263671875
3199.505615234375
3199.46484375
3199.44287109375
3199.4072265625
3199.3828125
3199.3134765625
3199.25390625
3199.123046875
3199.030029296875
3198.85107421875
3198.74658203125
3198.547119140625
3198.4326171875
3198.227294921875
3198.095458984375
3197.8828125
3197.71240234375
3197.42138671875
3197.258544921875
3196.923095703125
3196.70751953125
3196.264404296875
3195.990478515625
3195.444580078125
3195.0830078125
3194.33837890625
3193.8759765625
3192.95068359375
3192.378662109375
3191.214599609375
3190.444580078125
3188.852294921875
3187.740478515625
3185.430908203125
3183.8037109375
3180.60791015625
3178.101806640625
3173.873046875
3170.089599609375
3164.734130859375
3158.62744140625
3146.98291015625
3134.583984375
3119.823486328125
3103.96435546875
3082.623046875
3052.905517578125
3014.918212890625
2970.11865234375
3200.0078125
3200.01171875
3200.0146484375
3200.012939453125
3200.01025390625
3200.008544921875
3200.015625
3200.019775390625
3200.048583984375
3200.060302734375
3200.062744140625
3200.060791015625
3200.032958984375
3199.94921875
3199.90380859375
3199.8720703125
3199.84326171875
3199.829833984375
3199.81787109375
3199.81298828125
3199.8251953125
3199.8623046875
3199.89794921875
3199.954833984375
3200.02294921875
3200.043212890625
3200.046875
3200.041259765625
3200.04248046875
3200.042236328125
3200.029296875
3199.981201171875
3199.92578125
3199.882568359375
3199.837890625
3199.81396484375
3199.799560546875
3199.778564453125
3199.7236328125
3199.668701171875
3199.62548828125
3199.58203125
3199.559326171875
3199.54296875
3199.512451171875
3199.48291015625
3199.42431640625
3199.392333984375
3199.319091796875
3199.2607421875
3199.149169921875
3199.067626953125
3198.893798828125
3198.792724609375
3198.611572265625
3198.498291015625
3198.2978515625
3198.179931640625
3197.939208984375
3197.7978515625
3197.51416015625
3197.34228515625
3197.001708984375
3196.79345703125
3196.371337890625
3196.104736328125
3195.55078125
3195.20556640625
3194.50048828125
3194.05517578125
3193.15185546875
3192.578857421875
3191.4228515625
3190.673095703125
3189.12109375
3188.04443359375
3185.806640625
3184.221435546875
3181.076416015625
3178.7099609375
3174.502685546875
3170.8671875
3165.60986328125
3159.609130859375
3147.980224609375
3135.388427734375
3120.3017578125
3103.976806640625
3082.222900390625
3051.671142578125
3012.26318359375
2965.2802734375
3200.017333984375
3200.025390625
3200.024169921875
3200.017333984375
3200.01806640625
3200.024169921875
3200.0322265625
3200.047119140625
3200.10400390625
3200.117431640625
3200.115966796875
3200.108154296875
3200.0517578125
3199.9677734375
3199.923583984375
3199.901123046875
3199.865478515625
3199.851318359375
3199.847900390625
3199.845458984375
3199.85986328125
3199.88671875
3199.92431640625
3199.994140625
3200.028076171875
3200.034423828125
3200.04541015625
3200.051025390625
3200.051025390625
3200.052490234375
3200.04931640625
3200.02685546875
3199.98388671875
3199.927001953125
3199.88916015625
3199.860595703125
3199.84375
3199.8115234375
3199.751220703125
3199.703857421875
3199.667724609375
3199.632080078125
3199.606689453125
3199.5732421875
3199.533447265625
3199.4921875
3199.4189453125
3199.375732421875
3199.31103515625
3199.267333984375
3199.169677734375
3199.095458984375
3198.938720703125
3198.83935546875
3198.6318359375
3198.52783203125
3198.328125
3198.2158203125
3197.989013671875
3197.8544921875
3197.580322265625
3197.4150390625
3197.073486328125
3196.858154296875
3196.423095703125
3196.15380859375
3195.611572265625
3195.267822265625
3194.5712890625
3194.1337890625
3193.255126953125
3192.704345703125
3191.58544921875
3190.85498046875
3189.354736328125
3188.3076171875
3186.1376953125
3184.600830078125
3181.539306640625
3179.216552734375
3175.14501953125
3171.5712890625
3166.47802734375
3160.528564453125
3149.032470703125
3136.222412109375
3120.88427734375
3104.028564453125
3081.8955078125
3050.5234375
3009.73095703125
2960.039306640625
3200.01171875
3200.01025390625
3200.00634765625
3200.003662109375
3200.019775390625
3200.038330078125
3200.059814453125
3200.115478515625
3200.139404296875
3200.142333984375
3200.133544921875
3200.1142578125
3200.048095703125
3199.97998046875
3199.937744140625
3199.899169921875
3199.894775390625
3199.87841796875
3199.875732421875
3199.87158203125
3199.88525390625
3199.918212890625
3199.955810546875
3200.0048828125
3200.02978515625
3200.045654296875
3200.04736328125
3200.047607421875
3200.05419921875
3200.06396484375
3200.057861328125
3200.034912109375
3200.009765625
3199.9658203125
3199.935791015625
3199.919921875
3199.890869140625
3199.820068359375
3199.764404296875
3199.69775390625
3199.661865234375
3199.642578125
3199.6015625
3199.578369140625
3199.5283203125
3199.49267578125
3199.42138671875
3199.371337890625
3199.2880859375
3199.2421875
3199.156494140625
3199.092041015625
3198.955322265625
3198.85595703125
3198.65087890625
3198.5498046875
3198.361083984375
3198.245361328125
3198.02197265625
3197.886474609375
3197.60888671875
3197.44091796875
3197.103271484375
3196.900634765625
3196.488525390625
3196.229736328125
3195.705810546875
3195.378662109375
3194.712646484375
3194.284912109375
3193.425537109375
3192.88720703125
3191.782958984375
3191.06494140625
3189.5947265625
3188.571533203125
3186.447509765625
3184.943603515625
3182.03271484375
3179.6318359375
3175.7548828125
3172.177490234375
3167.30615234375
3161.361083984375
3150.102294921875
3137.033447265625
3121.486083984375
3104.06640625
3081.6357421875
3049.488037109375
3007.427490234375
2954.29736328125
3199.980224609375
3199.986083984375
3200.021484375
3200.049560546875
3200.044189453125
3200.041259765625
3200.05517578125
3200.11083984375
3200.144287109375
3200.14892578125
3200.14599609375
3200.1181640625
3200.052490234375
3199.982666015625
3199.947265625
3199.93505859375
3199.931884765625
3199.92919921875
3199.92578125
3199.9208984375
3199.94873046875
3199.986083984375
3200.006591796875
3200.03076171875
3200.035400390625
3200.05615234375
3200.076171875
3200.0888671875
3200.086669921875
3200.08642578125
3200.07763671875
3200.0595703125
3200.02294921875
3199.99560546875
3199.97509765625
3199.940185546875
3199.900146484375
3199.825439453125
3199.782470703125
3199.718017578125
3199.6904296875
3199.65966796875
3199.62255859375
3199.601318359375
3199.553955078125
3199.509521484375
3199.43701171875
3199.387451171875
3199.297607421875
3199.25048828125
3199.16943359375
3199.102294921875
3198.954345703125
3198.866943359375
3198.6962890625
3198.599365234375
3198.40380859375
3198.2890625
3198.062744140625
3197.92919921875
3197.658935546875
3197.495361328125
3197.1650390625
3196.964111328125
3196.55615234375
3196.3046875
3195.792236328125
3195.463623046875
3194.794677734375
3194.37890625
3193.5576171875
3193.034912109375
3191.967529296875
3191.270263671875
3189.83203125
3188.83544921875
3186.823486328125
3185.196044921875
3182.48974609375
3180.02734375
3176.38232421875
3172.771728515625
3168.11181640625
3162.186279296875
3151.20068359375
3137.865966796875
3122.1103515625
3104.08154296875
3081.361572265625
3048.525390625
3005.23583984375
2947.9580078125
3199.98046875
3199.98388671875
3200.005126953125
3200.041748046875
3200.0458984375
3200.0419921875
3200.066650390625
3200.123046875
3200.154052734375
3200.1591796875
3200.15673828125
3200.118896484375
3200.05712890625
3199.9912109375
3199.96826171875
3199.97265625
3199.984130859375
3199.990966796875
3199.98486328125
3199.975830078125
3199.9833984375
3200.00634765625
3200.036376953125
3200.057373046875
3200.07470703125
3200.0908203125
3200.1083984375
3200.108642578125
3200.10791015625
3200.0986328125
3200.090576171875
3200.07373046875
3200.022705078125
3200.001220703125
3199.9794921875
3199.91943359375
3199.8759765625
3199.80810546875
3199.76318359375
3199.727783203125
3199.69482421875
3199.646240234375
3199.60302734375
3199.566650390625
3199.5498046875
3199.499267578125
3199.438720703125
3199.35693359375
3199.305908203125
3199.232666015625
3199.18212890625
3199.085693359375
3199.007568359375
3198.845703125
3198.76025390625
3198.583984375
3198.48095703125
3198.269287109375
3198.1474609375
3197.889404296875
3197.7373046875
3197.442626953125
3197.265380859375
3196.911865234375
3196.68701171875
3196.291748046875
3195.95458984375
3195.418212890625
3195.004638671875
3194.389892578125
3193.763916015625
3193.0009765625
3192.21826171875
3191.25634765625
3190.193603515625
3188.812255859375
3187.2607421875
3185.27490234375
3183.0810546875
3180.244140625
3177.072265625
3173.20068359375
3169.01513671875
3162.84521484375
3152.37744140625
3138.642578125
3122.758056640625
3104.00830078125
3081.133544921875
3047.57568359375
3003.43896484375
2941.207275390625
3200.02783203125
3200.01611328125
3200.02392578125
3200.04638671875
3200.058349609375
3200.0576171875
3200.081298828125
3200.142822265625
3200.171142578125
3200.177001953125
3200.176025390625
3200.15869140625
3200.103515625
3200.04345703125
3200.022705078125
3200.025390625
3200.0166015625
3200.01953125
3200.014892578125
3200.001220703125
3200.008056640625
3200.017578125
3200.048095703125
3200.087890625
3200.115966796875
3200.118896484375
3200.12744140625
3200.130859375
3200.1259765625
3200.1181640625
3200.0986328125
3200.075927734375
3200.023681640625
3199.9755859375
3199.95849609375
3199.911865234375
3199.8662109375
3199.81982421875
3199.763916015625
3199.727294921875
3199.67138671875
3199.627685546875
3199.595703125
3199.5625
3199.52685546875
3199.458740234375
3199.40869140625
3199.329345703125
3199.278564453125
3199.20458984375
3199.16259765625
3199.075439453125
3199.010986328125
3198.870361328125
3198.7822265625
3198.59912109375
3198.49462890625
3198.28271484375
3198.159423828125
3197.906494140625
3197.76025390625
3197.46630859375
3197.287353515625
3196.9384765625
3196.724365234375
3196.310546875
3196.0078125
3195.50439453125
3195.07177734375
3194.46875
3193.879150390625
3193.12451171875
3192.376953125
3191.4169921875
3190.380615234375
3189.027099609375
3187.52001953125
3185.5888671875
3183.38671875
3180.64306640625
3177.53125
3173.812255859375
3169.669189453125
3163.7353515625
3153.37744140625
3139.572998046875
3123.376220703125
3103.98779296875
3080.8056640625
3046.773193359375
3001.76611328125
2934.452392578125
3200.05810546875
3200.0576171875
3200.05615234375
3200.066162109375
3200.08935546875
3200.110595703125
3200.11279296875
3200.15185546875
3200.176513671875
3200.18701171875
3200.189697265625
3200.185302734375
3200.147216796875
3200.101318359375
3200.08935546875
3200.084716796875
3200.0693359375
3200.07275390625
3200.06689453125
3200.0673828125
3200.06640625
3200.0771484375
3200.096435546875
3200.1318359375
3200.15283203125
3200.157470703125
3200.1552734375
3200.14697265625
3200.143798828125
3200.136962890625
3200.120849609375
3200.087890625
3200.046875
3200
3199.97412109375
3199.933349609375
3199.890625
3199.83349609375
3199.7763671875
3199.71044921875
3199.666259765625
3199.622314453125
3199.60009765625
3199.55322265625
3199.511962890625
3199.479248046875
3199.41845703125
3199.344482421875
3199.30615234375
3199.242431640625
3199.197509765625
3199.096435546875
3199.0302734375
3198.891357421875
3198.7958984375
3198.60205078125
3198.490234375
3198.2822265625
3198.164794921875
3197.9228515625
3197.775390625
3197.48583984375
3197.314453125
3196.968017578125
3196.7607421875
3196.336181640625
3196.0703125
3195.528076171875
3195.181884765625
3194.4853515625
3194.047119140625
3193.15380859375
3192.58203125
3191.425048828125
3190.652587890625
3189.038818359375
3187.905517578125
3185.587158203125
3183.937255859375
3180.666259765625
3178.33056640625
3173.866943359375
3170.752685546875
3163.904296875
3154.94091796875
3139.7275390625
3124.748046875
3103.081298828125
3081.970947265625
3044.69189453125
3001.0234375
2927.158203125
3200.005126953125
3200.041015625
3200.100830078125
3200.137939453125
3200.149658203125
3200.148193359375
3200.1494140625
3200.176513671875
3200.21630859375
3200.2294921875
3200.230712890625
3200.230224609375
3200.21435546875
3200.17919921875
3200.14453125
3200.11572265625
3200.121826171875
3200.126953125
3200.12451171875
3200.119140625
3200.12060546875
3200.135498046875
3200.167236328125
3200.191650390625
3200.196533203125
3200.188232421875
3200.167236328125
3200.158447265625
3200.153076171875
3200.14404296875
3200.12646484375
3200.084228515625
3200.0498046875
3199.9990234375
3199.966796875
3199.93505859375
3199.872314453125
3199.8203125
3199.781494140625
3199.7373046875
3199.681884765625
3199.626708984375
3199.592529296875
3199.56298828125
3199.540283203125
3199.48828125
3199.437744140625
3199.36962890625
3199.328369140625
3199.260986328125
3199.212158203125
3199.106201171875
3199.036865234375
3198.892578125
3198.806884765625
3198.62841796875
3198.520263671875
3198.310791015625
3198.1904296875
3197.950927734375
3197.810302734375
3197.525146484375
3197.353515625
3197.012939453125
3196.81103515625
3196.40283203125
3196.138427734375
3195.59033203125
3195.241943359375
3194.551025390625
3194.115966796875
3193.235107421875
3192.673583984375
3191.546142578125
3190.7880859375
3189.207763671875
3188.094482421875
3185.821044921875
3184.20703125
3181.01416015625
3178.736572265625
3174.413818359375
3171.35302734375
3164.779296875
3155.8564453125
3139.35009765625
3126.646484375
3101.8427734375
3083.32568359375
3042.28857421875
3002.714599609375
2917.3193359375
3200.021240234375
3200.09130859375
3200.171875
3200.1962890625
3200.220458984375
3200.232177734375
3200.231689453125
3200.269775390625
3200.295654296875
3200.295654296875
3200.288330078125
3200.266357421875
3200.252197265625
3200.199462890625
3200.177734375
3200.136474609375
3200.130859375
3200.12841796875
3200.122802734375
3200.126953125
3200.13134765625
3200.143310546875
3200.159912109375
3200.162841796875
3200.16650390625
3200.157958984375
3200.124267578125
3200.1064453125
3200.097412109375
3200.09130859375
3200.07421875
3200.031494140625
3199.98388671875
3199.941650390625
3199.9033203125
3199.865234375
3199.783447265625
3199.735107421875
3199.70751953125
3199.66552734375
3199.611328125
3199.569091796875
3199.52490234375
3199.508544921875
3199.489013671875
3199.447265625
3199.40380859375
3199.322021484375
3199.27392578125
3199.201904296875
3199.15087890625
3199.050537109375
3198.982421875
3198.84619140625
3198.759521484375
3198.593994140625
3198.4970703125
3198.30810546875
3198.193603515625
3197.97216796875
3197.82958984375
3197.561279296875
3197.392578125
3197.0673828125
3196.860107421875
3196.46923828125
3196.209716796875
3195.69921875
3195.35595703125
3194.700439453125
3194.2685546875
3193.43994140625
3192.87939453125
3191.810546875
3191.05859375
3189.56103515625
3188.454833984375
3186.28955078125
3184.68603515625
3181.662109375
3179.3994140625
3175.405517578125
3172.17041015625
3166.18505859375
3157.064453125
3141.052001953125
3126.7099609375
3102.97998046875
3082.207763671875
3044.2177734375
3000.614990234375
2912.279541015625
3200.14794921875
3200.205078125
3200.22265625
3200.17333984375
3200.168701171875
3200.162353515625
3200.16943359375
3200.20166015625
3200.192138671875
3200.191650390625
3200.180419921875
3200.1611328125
3200.107177734375
3200.056640625
3200.02978515625
3199.97509765625
3199.97509765625
3200.001220703125
3199.98095703125
3199.96875
3199.95849609375
3199.96142578125
3199.971435546875
3199.971435546875
3199.967529296875
3199.962646484375
3199.953125
3199.927978515625
3199.923583984375
3199.911376953125
3199.889404296875
3199.845703125
3199.7900390625
3199.76318359375
3199.74560546875
3199.71142578125
3199.681884765625
3199.653076171875
3199.6318359375
3199.61181640625
3199.566162109375
3199.547119140625
3199.54052734375
3199.537353515625
3199.511962890625
3199.4638671875
3199.410400390625
3199.36962890625
3199.332763671875
3199.2958984375
3199.259521484375
3199.220947265625
3199.17626953125
3199.123779296875
3199.056640625
3198.974853515625
3198.899169921875
3198.789306640625
3198.699462890625
3198.578125
3198.461669921875
3198.3056640625
3198.1689453125
3197.966064453125
3197.80224609375
3197.5712890625
3197.372314453125
3197.062255859375
3196.79345703125
3196.375
3196.0322265625
3195.518310546875
3195.0732421875
3194.38671875
3193.7744140625
3192.786865234375
3191.86865234375
3190.415283203125
3189.0595703125
3187.0048828125
3185.08837890625
3182.218505859375
3179.883056640625
3174.09912109375
3168.07275390625
3155.105224609375
3138.861083984375
3119.28173828125
3097.094970703125
3066.96142578125
3022.35498046875
2928.601318359375
3002.7109375
2969.198486328125
2930.01708984375
2884.813232421875
2839.0537109375
2791.52880859375
2741.170654296875
2688.422119140625
2641.16357421875
2600.453125
2546.08154296875
2479.358154296875
2434.612548828125
2413.888427734375
2376.73388671875
2312.55078125
2258.90673828125
2237.579345703125
2229.8505859375
2212.296142578125
2159.94189453125
2125.36962890625
2117.3154296875
2115.1015625
2107.5537109375
2076.0068359375
2051.38427734375
2044.01708984375
2038.111328125
2018.3443603515625
1993.59423828125
1977.91357421875
1961.6065673828125
1942.349365234375
1917.71435546875
1894.431884765625
1876.8392333984375
1856.0599365234375
1832.5443115234375
1817.0360107421875
2999.738037109375
2967.427978515625
2929.061767578125
2885.8984375
2846.61181640625
2804.080810546875
2751.96435546875
2703.1103515625
2669.58544921875
2634.018798828125
2575.4755859375
2514.158935546875
2480.6220703125
2462.384033203125
2426.337158203125
2364.697998046875
2314.45849609375
2292.881103515625
2284.0341796875
2267.6708984375
2220.114013671875
2180.796142578125
2167.7080078125
2162.812255859375
2153.530517578125
2123.200439453125
2096.67041015625
2087.938232421875
2079.72265625
2058.67724609375
2039.91845703125
2024.591552734375
2007.794677734375
1990.12353515625
1971.3172607421875
1952.2109375
1934.4693603515625
1915.5491943359375
1895.4317626953125
1874.5775146484375
2996.814453125
2964.1611328125
2927.430419921875
2883.87744140625
2839.195068359375
2796.908935546875
2754.16943359375
2704.786376953125
2660.88427734375
2624.466796875
2575.390869140625
2519.28857421875
2485.770751953125
2463.02392578125
2417.08642578125
2360.824951171875
2328.324951171875
2315.961181640625
2296.923095703125
2250.77001953125
2211.563232421875
2195.709228515625
2189.522216796875
2177.180419921875
2140.58349609375
2113.634033203125
2104.375732421875
2098.77099609375
2084.328857421875
2051.53271484375
2034.9837646484375
2027.577880859375
2010.2230224609375
1987.5635986328125
1971.561279296875
1952.3206787109375
1933.544921875
1915.74755859375
1896.3818359375
1877.8853759765625
2994.429931640625
2960.91455078125
2920.472412109375
2879.34912109375
2841.243408203125
2791.278564453125
2740.9736328125
2705.656982421875
2670.421875
2618.821533203125
2560.691650390625
2520.44140625
2499.3759765625
2467.437744140625
2411.959716796875
2359.966796875
2334.355224609375
2324.3408203125
2307.701416015625
2261.45263671875
2218.878173828125
2201.202392578125
2195.4375
2186.573974609375
2156.664306640625
2122.81591796875
2109.929443359375
2103.963623046875
2090.1845703125
2059.065185546875
2045.1942138671875
2032.3951416015625
2013.3118896484375
1993.709228515625
1975.896728515625
1958.1868896484375
1939.516845703125
1920.111328125
1901.6466064453125
1883.74560546875
2989.833984375
2957.515625
2919.253173828125
2870.423583984375
2828.2861328125
2792.945556640625
2741.7890625
2688.3134765625
2657.386962890625
2623.50244140625
2563.998046875
2511.12255859375
2487.6435546875
2465.653564453125
2417.62548828125
2364.493896484375
2335.489501953125
2324.895751953125
2309.729736328125
2267.239990234375
2226.060302734375
2209.067626953125
2202.772216796875
2190.978515625
2155.43115234375
2127.7109375
2118.28271484375
2110.09423828125
2085.15380859375
2059.60791015625
2050.028076171875
2032.2847900390625
2012.28662109375
1993.3946533203125
1974.638916015625
1957.4312744140625
1938.8316650390625
1918.7064208984375
1900.813232421875
1883.6480712890625
2987.50048828125
2950.030029296875
2909.551025390625
2871.8603515625
2825.84912109375
2774.013916015625
2733.306640625
2693.419189453125
2651.853759765625
2608.1171875
2555.021240234375
2512.09765625
2490.604736328125
2461.8857421875
2410.759033203125
2364.4931640625
2343.419921875
2333.364501953125
2311.58447265625
2264.005859375
2232.660400390625
2221.25146484375
2213.713134765625
2193.397705078125
2154.266357421875
2133.91796875
2126.43701171875
2115.55859375
2084.0068359375
2061.10302734375
2051.73388671875
2032.033935546875
2013.5751953125
1994.744384765625
1973.291259765625
1956.5638427734375
1939.567626953125
1918.585693359375
1900.09423828125
1883.3447265625
2983.72021484375
2949.56201171875
2900.93408203125
2853.942626953125
2824.58935546875
2777.509033203125
2714.64111328125
2676.800048828125
2653.527099609375
2605.466552734375
2543.2509765625
2505.182373046875
2488.5908203125
2460.520263671875
2408.36279296875
2364.6845703125
2345.942626953125
2336.490966796875
2315.292236328125
2268.22216796875
2237.80126953125
2226.635498046875
2218.69189453125
2196.93701171875
2157.72900390625
2138.137939453125
2130.45166015625
2116.398681640625
2082.338623046875
2064.930419921875
2053.52783203125
2029.947998046875
2011.44873046875
1995.357421875
1973.068603515625
1953.43017578125
1937.5904541015625
1917.773681640625
1898.282958984375
1881.753173828125
2976.92529296875
2940.414794921875
2899.80224609375
2849.69970703125
2805.286376953125
2768.6552734375
2714.992919921875
2665.0966796875
2639.67724609375
2600.69482421875
2540.2744140625
2498.364990234375
2481.903076171875
2458.961669921875
2410.030029296875
2366.602294921875
2347.311767578125
2338.129150390625
2318.523681640625
2273.0634765625
2243.0576171875
2232.01416015625
2223.06103515625
2197.667724609375
2160.200927734375
2143.49658203125
2134.928955078125
2113.51806640625
2081.881103515625
2069.646484375
2052.179443359375
2028.5638427734375
2011.040283203125
1992.84423828125
1971.3218994140625
1952.44921875
1935.2774658203125
1915.093017578125
1896.265625
1879.861083984375
2975.71044921875
2933.35693359375
2882.508544921875
2846.760498046875
2806.96484375
2752.3310546875
2701.593505859375
2663.69189453125
2632.193115234375
2588.145263671875
2533.21875
2497.949462890625
2482.18701171875
2453.6494140625
2405.931396484375
2369.117919921875
2354.414306640625
2343.96826171875
2315.90478515625
2272.6953125
2250.720947265625
2242.028076171875
2227.47900390625
2189.85107421875
2162.779296875
2152.6982421875
2139.66943359375
2105.901123046875
2081.23974609375
2071.65576171875
2052.164306640625
2026.3094482421875
2009.5399169921875
1990.2227783203125
1969.96923828125
1950.9180908203125
1932.0361328125
1912.5052490234375
1894.5906982421875
1877.687744140625
2969.58642578125
2934.11181640625
2876.3681640625
2822.032470703125
2796.71240234375
2758.33447265625
2692.28564453125
2641.45458984375
2619.996826171875
2589.108154296875
2530.62841796875
2491.746826171875
2476.546630859375
2451.927001953125
2406.570068359375
2374.01171875
2361.446533203125
2347.864013671875
2311.84912109375
2276.19482421875
2260.96923828125
2250.653076171875
2224.400634765625
2187.28076171875
2169.171142578125
2159.82421875
2138.7470703125
2102.017333984375
2083.0751953125
2073.709228515625
2050.775146484375
2024.2413330078125
2009.6602783203125
1988.9415283203125
1967.4134521484375
1950.0465087890625
1930.7691650390625
1909.5889892578125
1892.708740234375
1876.519287109375
2959.52978515625
2923.27490234375
2878.281005859375
2816.968017578125
2769.55078125
2745.35546875
2697.7353515625
2632.760009765625
2600.484130859375
2579.55859375
2530.364013671875
2490.58056640625
2474.365478515625
2446.756103515625
2405.84228515625
2380.52880859375
2369.06494140625
2347.0908203125
2308.06591796875
2281.12646484375
2269.843994140625
2254.968994140625
2219.2705078125
2187.66650390625
2173.947509765625
2163.318115234375
2135.693359375
2100.05810546875
2084.317626953125
2074.164794921875
2047.763916015625
2023.2872314453125
2008.5169677734375
1987.3634033203125
1964.7459716796875
1947.0927734375
1929.5836181640625
1908.364013671875
1889.922119140625
1874.1585693359375
2956.54150390625
2907.480224609375
2865.13134765625
2818.10107421875
2765.11962890625
2725.99609375
2686.37548828125
2627.210205078125
2592.042236328125
2573.905029296875
2530.664306640625
2487.7880859375
2469.5380859375
2445.01513671875
2409.570068359375
2387.172607421875
2371.907470703125
2342.501708984375
2308.875
2290.670654296875
2277.69189453125
2250.371337890625
2214.697998046875
2191.6533203125
2181.386962890625
2165.029541015625
2127.871337890625
2099.554931640625
2088.381103515625
2074.005859375
2043.650146484375
2022.44091796875
2007.79296875
1986.125
1963.2979736328125
1944.5382080078125
1926.29052734375
1906.036865234375
1888.420654296875
1872.3638916015625
2954.410888671875
2904.105712890625
2844.8125
2803.33056640625
2768.0205078125
2721.35400390625
2666.05859375
2616.195556640625
2592.841552734375
2572.01708984375
2524.75439453125
2480.92919921875
2462.868896484375
2449.719970703125
2416.5322265625
2387.64501953125
2371.66845703125
2343.580078125
2312.33349609375
2295.0126953125
2279.1552734375
2249.2314453125
2215.04638671875
2195.30078125
2184.73291015625
2162.28466796875
2124.434814453125
2103.1318359375
2091.62939453125
2070.16650390625
2043.0537109375
2022.1927490234375
2004.8001708984375
1984.029296875
1962.8218994140625
1943.14111328125
1924.337646484375
1904.3587646484375
1887.0477294921875
1871.260986328125
2945.849365234375
2902.191162109375
2839.621826171875
2780.53857421875
2753.655029296875
2720.705078125
2659.508056640625
2606.420166015625
2585.12744140625
2567.86328125
2524.54150390625
2480.77294921875
2460.815673828125
2450.596923828125
2428.526123046875
2386.793212890625
2361.45947265625
2349.830322265625
2327.32861328125
2289.644287109375
2269.95947265625
2257.04931640625
2225.534423828125
2192.3291015625
2178.90576171875
2160.901611328125
2131.135009765625
2105.072265625
2088.18212890625
2068.4375
2043.2213134765625
2022.337890625
2003.536376953125
1981.7740478515625
1961.4403076171875
1942.5267333984375
1923.1295166015625
1902.8687744140625
1885.3486328125
1869.658447265625
2934.454345703125
2891.970458984375
2838.99951171875
2771.971435546875
2727.294189453125
2706.474365234375
2663.882568359375
2602.642333984375
2570.2939453125
2556.814453125
2525.696533203125
2483.4130859375
2461.74609375
2451.162109375
2429.333740234375
2387.453369140625
2361.836181640625
2350.81787109375
2331.755859375
2291.164794921875
2266.492431640625
2255.0322265625
2229.425537109375
2194.235107421875
2177.367919921875
2159.16943359375
2132.985107421875
2104.1484375
2085.903076171875
2069.428955078125
2042.6522216796875
2019.674560546875
2002.689208984375
1981.371337890625
1959.852294921875
1940.9112548828125
1921.43310546875
1901.1387939453125
1884.300537109375
1869.169189453125
2925.49951171875
2878.201904296875
2832.49462890625
2768.85400390625
2712.972412109375
2689.2685546875
2660.329833984375
2603.61865234375
2561.541015625
2547.662841796875
2528.420654296875
2488.23291015625
2461.680908203125
2449.902099609375
2427.974853515625
2389.13134765625
2365.881591796875
2354.232666015625
2329.50537109375
2289.525390625
2268.968994140625
2257.126953125
2227.35498046875
2193.471435546875
2177.9189453125
2157.62060546875
2132.734619140625
2104.074462890625
2083.69189453125
2068.655517578125
2042.1492919921875
2017.448974609375
2001.2974853515625
1980.543701171875
1957.9510498046875
1939.1273193359375
1919.8642578125
1899.3133544921875
1882.54736328125
1868.3280029296875
2917.50927734375
2864.551513671875
2823.07421875
2766.806396484375
2702.49853515625
2671.333984375
2651.96826171875
2607.692138671875
2558.6806640625
2540.0595703125
2527.125
2493.7509765625
2463.9306640625
2450.599853515625
2423.333740234375
2391.0625
2376.07666015625
2357.271728515625
2320.027587890625
2289.749267578125
2276.6513671875
2259.95361328125
2220.287353515625
2195.640380859375
2180.211669921875
2154.102783203125
2132.776123046875
2106.628662109375
2081.2900390625
2066.16455078125
2043.46435546875
2017.0780029296875
1999.19189453125
1979.8389892578125
1957.1298828125
1937.6219482421875
1918.9483642578125
1898.1751708984375
1881.1497802734375
1868.07958984375
2910.156494140625
2851.439697265625
2810.97607421875
2764.1201171875
2696.788330078125
2655.982177734375
2640.548583984375
2610.58544921875
2559.693359375
2537.4599609375
2523.476806640625
2494.02294921875
2472.893798828125
2448.729248046875
2417.8193359375
2399.7998046875
2381.97119140625
2348.005615234375
2316.359619140625
2301.08349609375
2283.853515625
2248.48681640625
2216.826416015625
2203.2939453125
2182.576171875
2149.343017578125
2131.366455078125
2109.20947265625
2081.18994140625
2063.172119140625
2043.3193359375
2017.8507080078125
1997.7708740234375
1978.6292724609375
1956.78759765625
1936.15283203125
1917.49853515625
1897.3173828125
1880.692626953125
1868.7728271484375
2902.627197265625
2839.877197265625
2798.278076171875
2758.467041015625
2692.374755859375
2645.003173828125
2630.414794921875
2609.988037109375
2562.161376953125
2535.762939453125
2519.747802734375
2499.652099609375
2476.6806640625
2444.012939453125
2420.1953125
2406.637451171875
2377.059814453125
2345.840576171875
2324.847412109375
2300.578125
2277.882080078125
2250.065185546875
2221.42578125
2203.9638671875
2179.98681640625
2150.009521484375
2130.158447265625
2109.044189453125
2082.943359375
2061.844482421875
2041.035400390625
2018.0697021484375
1997.6123046875
1977.1656494140625
1956.1092529296875
1935.7821044921875
1916.4412841796875
1896.4039306640625
1880.57177734375
1870.4097900390625
2895.058837890625
2828.921630859375
2785.49560546875
2752.02978515625
2689.46826171875
2636.426025390625
2620.433349609375
2606.5966796875
2568.94482421875
2532.878173828125
2516.711181640625
2504.521240234375
2477.409423828125
2442.361083984375
2426.668212890625
2403.401123046875
2371.37451171875
2355.83837890625
2328.760009765625
2292.476806640625
2275.189208984375
2258.130859375
2222.161865234375
2199.1279296875
2180.57080078125
2153.340576171875
2129.5390625
2107.147216796875
2083.041748046875
2062.227294921875
2040.7550048828125
2017.3704833984375
1996.539306640625
1976.8494873046875
1956.041259765625
1934.9163818359375
1915.333984375
1895.9783935546875
1880.662109375
1873.6646728515625
2886.98095703125
2818.691650390625
2774.296875
2744.0712890625
2685.01025390625
2630.224853515625
2613.506591796875
2603.130615234375
2573.731201171875
2534.139404296875
2514.6748046875
2503.648681640625
2481.634033203125
2444.62060546875
2423.282470703125
2407.03857421875
2376.021240234375
2348.210693359375
2327.446044921875
2301.864990234375
2275.62939453125
2249.0537109375
2225.11279296875
2204.594970703125
2176.65185546875
2149.989990234375
2131.978759765625
2108.3828125
2080.92626953125
2060.99853515625
2041.390869140625
2017.4794921875
1995.5545654296875
1975.9873046875
1955.8133544921875
1934.615478515625
1914.732666015625
1895.445556640625
1881.130615234375
1877.8548583984375
2879.065185546875
2808.906005859375
2762.531982421875
2736.247314453125
2683.1845703125
2625.26953125
2606.72998046875
2598.782958984375
2578.136962890625
2537.46240234375
2513.22900390625
2501.825439453125
2486.20068359375
2450.490478515625
2417.330810546875
2401.439697265625
2386.78515625
2353.2587890625
2317.322265625
2299.702880859375
2284.967041015625
2250.401611328125
2218.8330078125
2205
2180.300537109375
2149.72900390625
2130.240966796875
2108.660888671875
2081.81640625
2060.66943359375
2040.645751953125
2017.3580322265625
1995.6043701171875
1975.722900390625
1955.349609375
1934.2200927734375
1914.4425048828125
1895.4200439453125
1882.0355224609375
1883.1417236328125
2869.95654296875
2799.25537109375
2753.48095703125
2728.808837890625
2679.114501953125
2621.129638671875
2602.622314453125
2596.093994140625
2581.32763671875
2541.4462890625
2512.662109375
2499.630126953125
2487.039306640625
2456.18310546875
2417.321044921875
2397.505126953125
2385.5810546875
2359.064453125
2318.13037109375
2294.948486328125
2282.919189453125
2256.220703125
2218.12841796875
2202.167724609375
2180.446533203125
2151.125
2130.496826171875
2108.31201171875
2081.462158203125
2060.8046875
2041.06787109375
2017.8531494140625
1995.4456787109375
1975.8726806640625
1955.68994140625
1934.3966064453125
1914.5596923828125
1895.812255859375
1883.7471923828125
1890.6087646484375
2861.28076171875
2788.907470703125
2744.28564453125
2721.574951171875
2676.75927734375
2618.526611328125
2599.23046875
2593.532470703125
2582.40234375
2547.16845703125
2513.31689453125
2497.968017578125
2486.882080078125
2461.37646484375
2419.5439453125
2395.311279296875
2384.142333984375
2363.69384765625
2321.0576171875
2293.22900390625
2281.4814453125
2258.76220703125
2219.79541015625
2202.642333984375
2180.204833984375
2152.369384765625
2129.98876953125
2108.797119140625
2082.27099609375
2061.663330078125
2040.49658203125
2018.657470703125
1995.9344482421875
1976.874755859375
1956.1357421875
1935.98486328125
1915.7064208984375
1898.19775390625
1889.2548828125
1901.228759765625
2854.453857421875
2779.683349609375
2736.654296875
2714.890869140625
2672.899169921875
2618.033447265625
2599.408935546875
2593.60888671875
2583.434326171875
2550.98876953125
2514.91162109375
2498.35205078125
2487.642578125
2463.688232421875
2420.653076171875
2395.139404296875
2384.14794921875
2365.03515625
2322.074951171875
2293.70947265625
2282.106689453125
2260.23046875
2221.0673828125
2204.06298828125
2182.264892578125
2155.65576171875
2131.62548828125
2113.357421875
2085.408935546875
2066.6357421875
2044.5987548828125
2025.9774169921875
2001.2662353515625
1985.029541015625
1963.3397216796875
1946.7196044921875
1924.8167724609375
1911.52685546875
1905.29248046875
1923.1376953125
2846.0166015625
2776.13134765625
2733.29931640625
2710.7958984375
2669.35791015625
2619.6728515625
2603.095458984375
2596.940673828125
2587.255615234375
2556.669677734375
2519.642578125
2502.45849609375
2492.015869140625
2468.85400390625
2426.157470703125
2400.16064453125
2389.28759765625
2371.403076171875
2329.449462890625
2300.45654296875
2289.337158203125
2268.78515625
2231.11376953125
2214.968017578125
2193.89697265625
2170.12451171875
2146.3203125
2131.62548828125
2106.125244140625
2090.3193359375
2069.4208984375
2056.6767578125
2033.8564453125
2023.7359619140625
2003.17578125
1995.296630859375
1975.71875
1976.6531982421875
1977.4937744140625
1988.6290283203125
2841.5087890625
2777.35888671875
2735.498046875
2707.9541015625
2679.131591796875
2637.4931640625
2618.542236328125
2610.65185546875
2602.341064453125
2574.525634765625
2539.099609375
2524.51025390625
2514.987548828125
2486.52978515625
2451.385498046875
2438.137939453125
2424.349365234375
2398.444580078125
2373.6943359375
2355.773193359375
2341.8984375
2322.75537109375
2302.100830078125
2288.31298828125
2276.237060546875
2259.830078125
2247.17529296875
2237.8955078125
2226.660400390625
2217.364990234375
2210.76904296875
2205.442138671875
2199.129150390625
2196.059326171875
2193.437744140625
2196.03076171875
2192.006103515625
2219.639404296875
2261.211669921875
2225.32666015625
2865.121337890625
2816.683837890625
2802.208251953125
2774.38623046875
2751.236572265625
2743.003173828125
2744.241943359375
2744.9990234375
2742.86962890625
2731.662353515625
2723.738037109375
2723.212890625
2721.403564453125
2711.31494140625
2701.458251953125
2699.89453125
2700.600341796875
2696.09716796875
2690.6865234375
2690.159423828125
2692.807861328125
2696.590576171875
2699.1787109375
2703.688720703125
2710.5712890625
2718.25244140625
2726.58447265625
2736.001708984375
2746.74072265625
2761.312744140625
2773.75732421875
2792.761962890625
2804.802978515625
2825.988037109375
2839.232177734375
2863.32958984375
2879.815673828125
2915.78564453125
3009.696533203125
2921.982666015625
)
;

boundaryField
{
    inlet
    {
        type            fixedValue;
        value           uniform 3200;
    }
    outlet
    {
        type            zeroGradient;
    }
    fluid_to_graphite
    {
        type            fixedValue;
        value           uniform 893.836;
    }
    wedgeBack
    {
        type            wedge;
    }
    wedgeFront
    {
        type            wedge;
    }
    defaultFaces
    {
        type            empty;
    }
}


                                                                               
