                                                                               
                             
                                                                   
                                                            
                                          
                             
                                                                               
FoamFile
{
    format      ascii;
    class       labelList;
    note        "nPoints:6200  nCells:5304  nFaces:16750  nInternalFaces:15074";
    location    "constant/fluid/polyMesh";
    object      neighbour;
}
                                                                               


15074
(
1
4
16
84
2
5
17
85
3
6
18
86
7
19
87
204
5
8
20
6
9
21
7
10
22
11
23
205
9
12
24
10
13
25
11
14
26
15
27
206
13
28
327
14
29
326
15
30
325
31
207
324
17
20
32
124
18
21
33
125
19
22
34
126
23
35
127
244
21
24
36
22
25
37
23
26
38
27
39
245
25
28
40
26
29
41
27
30
42
31
43
246
29
44
367
30
45
366
31
46
365
47
247
364
33
36
164
408
34
37
165
409
35
38
166
410
39
167
284
411
37
40
412
38
41
413
39
42
414
43
285
415
41
44
416
42
45
417
43
46
418
47
286
419
45
407
420
46
406
421
47
405
422
287
404
423
49
52
88
50
53
89
51
54
90
55
91
168
53
56
92
54
57
93
55
58
94
59
95
172
57
60
96
58
61
97
59
62
98
63
99
176
61
64
100
62
65
101
63
66
102
67
103
180
65
68
104
66
69
105
67
70
106
71
107
184
69
72
108
70
73
109
71
74
110
75
111
188
73
76
112
74
77
113
75
78
114
79
115
192
77
80
116
78
81
117
79
82
118
83
119
196
81
84
120
82
85
121
83
86
122
87
123
200
85
124
86
125
87
126
127
204
89
92
128
90
93
129
91
94
130
95
131
208
93
96
132
94
97
133
95
98
134
99
135
212
97
100
136
98
101
137
99
102
138
103
139
216
101
104
140
102
105
141
103
106
142
107
143
220
105
108
144
106
109
145
107
110
146
111
147
224
109
112
148
110
113
149
111
114
150
115
151
228
113
116
152
114
117
153
115
118
154
119
155
232
117
120
156
118
121
157
119
122
158
123
159
236
121
124
160
122
125
161
123
126
162
127
163
240
125
164
126
165
127
166
167
244
129
132
568
130
133
569
131
134
570
135
248
571
133
136
572
134
137
573
135
138
574
139
252
575
137
140
576
138
141
577
139
142
578
143
256
579
141
144
580
142
145
581
143
146
582
147
260
583
145
148
584
146
149
585
147
150
586
151
264
587
149
152
588
150
153
589
151
154
590
155
268
591
153
156
592
154
157
593
155
158
594
159
272
595
157
160
596
158
161
597
159
162
598
163
276
599
161
164
600
162
165
601
163
166
602
167
280
603
165
604
166
605
167
606
284
607
169
172
208
170
173
209
171
174
210
175
211
288
173
176
212
174
177
213
175
178
214
179
215
292
177
180
216
178
181
217
179
182
218
183
219
296
181
184
220
182
185
221
183
186
222
187
223
300
185
188
224
186
189
225
187
190
226
191
227
304
189
192
228
190
193
229
191
194
230
195
231
308
193
196
232
194
197
233
195
198
234
199
235
312
197
200
236
198
201
237
199
202
238
203
239
316
201
204
240
202
205
241
203
206
242
207
243
320
205
244
206
245
207
246
247
324
209
212
248
210
213
249
211
214
250
215
251
328
213
216
252
214
217
253
215
218
254
219
255
332
217
220
256
218
221
257
219
222
258
223
259
336
221
224
260
222
225
261
223
226
262
227
263
340
225
228
264
226
229
265
227
230
266
231
267
344
229
232
268
230
233
269
231
234
270
235
271
348
233
236
272
234
237
273
235
238
274
239
275
352
237
240
276
238
241
277
239
242
278
243
279
356
241
244
280
242
245
281
243
246
282
247
283
360
245
284
246
285
247
286
287
364
249
252
968
250
253
969
251
254
970
255
368
971
253
256
972
254
257
973
255
258
974
259
372
975
257
260
976
258
261
977
259
262
978
263
376
979
261
264
980
262
265
981
263
266
982
267
380
983
265
268
984
266
269
985
267
270
986
271
384
987
269
272
988
270
273
989
271
274
990
275
388
991
273
276
992
274
277
993
275
278
994
279
392
995
277
280
996
278
281
997
279
282
998
283
396
999
281
284
1000
282
285
1001
283
286
1002
287
400
1003
285
1004
286
1005
287
1006
404
1007
289
292
328
290
293
329
291
294
330
295
331
293
296
332
294
297
333
295
298
334
299
335
297
300
336
298
301
337
299
302
338
303
339
301
304
340
302
305
341
303
306
342
307
343
305
308
344
306
309
345
307
310
346
311
347
309
312
348
310
313
349
311
314
350
315
351
313
316
352
314
317
353
315
318
354
319
355
317
320
356
318
321
357
319
322
358
323
359
321
324
360
322
325
361
323
326
362
327
363
325
364
326
365
327
366
367
329
332
368
330
333
369
331
334
370
335
371
333
336
372
334
337
373
335
338
374
339
375
337
340
376
338
341
377
339
342
378
343
379
341
344
380
342
345
381
343
346
382
347
383
345
348
384
346
349
385
347
350
386
351
387
349
352
388
350
353
389
351
354
390
355
391
353
356
392
354
357
393
355
358
394
359
395
357
360
396
358
361
397
359
362
398
363
399
361
364
400
362
365
401
363
366
402
367
403
365
404
366
405
367
406
407
369
372
1368
370
373
1369
371
374
1370
375
1371
373
376
1372
374
377
1373
375
378
1374
379
1375
377
380
1376
378
381
1377
379
382
1378
383
1379
381
384
1380
382
385
1381
383
386
1382
387
1383
385
388
1384
386
389
1385
387
390
1386
391
1387
389
392
1388
390
393
1389
391
394
1390
395
1391
393
396
1392
394
397
1393
395
398
1394
399
1395
397
400
1396
398
401
1397
399
402
1398
403
1399
401
404
1400
402
405
1401
403
406
1402
407
1403
405
1404
406
1405
407
1406
1407
409
412
424
604
410
413
425
605
411
414
426
606
415
427
607
1004
413
416
428
414
417
429
415
418
430
419
431
1005
417
420
432
418
421
433
419
422
434
423
435
1006
421
436
1407
422
437
1406
423
438
1405
439
1007
1404
425
428
440
644
426
429
441
645
427
430
442
646
431
443
647
1044
429
432
444
430
433
445
431
434
446
435
447
1045
433
436
448
434
437
449
435
438
450
439
451
1046
437
452
1447
438
453
1446
439
454
1445
455
1047
1444
441
444
456
684
442
445
457
685
443
446
458
686
447
459
687
1084
445
448
460
446
449
461
447
450
462
451
463
1085
449
452
464
450
453
465
451
454
466
455
467
1086
453
468
1487
454
469
1486
455
470
1485
471
1087
1484
457
460
472
724
458
461
473
725
459
462
474
726
463
475
727
1124
461
464
476
462
465
477
463
466
478
467
479
1125
465
468
480
466
469
481
467
470
482
471
483
1126
469
484
1527
470
485
1526
471
486
1525
487
1127
1524
473
476
488
764
474
477
489
765
475
478
490
766
479
491
767
1164
477
480
492
478
481
493
479
482
494
483
495
1165
481
484
496
482
485
497
483
486
498
487
499
1166
485
500
1567
486
501
1566
487
502
1565
503
1167
1564
489
492
504
804
490
493
505
805
491
494
506
806
495
507
807
1204
493
496
508
494
497
509
495
498
510
499
511
1205
497
500
512
498
501
513
499
502
514
503
515
1206
501
516
1607
502
517
1606
503
518
1605
519
1207
1604
505
508
520
844
506
509
521
845
507
510
522
846
511
523
847
1244
509
512
524
510
513
525
511
514
526
515
527
1245
513
516
528
514
517
529
515
518
530
519
531
1246
517
532
1647
518
533
1646
519
534
1645
535
1247
1644
521
524
536
884
522
525
537
885
523
526
538
886
527
539
887
1284
525
528
540
526
529
541
527
530
542
531
543
1285
529
532
544
530
533
545
531
534
546
535
547
1286
533
548
1687
534
549
1686
535
550
1685
551
1287
1684
537
540
552
924
538
541
553
925
539
542
554
926
543
555
927
1324
541
544
556
542
545
557
543
546
558
547
559
1325
545
548
560
546
549
561
547
550
562
551
563
1326
549
564
1727
550
565
1726
551
566
1725
567
1327
1724
553
556
964
1768
554
557
965
1769
555
558
966
1770
559
967
1364
1771
557
560
1772
558
561
1773
559
562
1774
563
1365
1775
561
564
1776
562
565
1777
563
566
1778
567
1366
1779
565
1767
1780
566
1766
1781
567
1765
1782
1367
1764
1783
569
572
608
570
573
609
571
574
610
575
611
968
573
576
612
574
577
613
575
578
614
579
615
972
577
580
616
578
581
617
579
582
618
583
619
976
581
584
620
582
585
621
583
586
622
587
623
980
585
588
624
586
589
625
587
590
626
591
627
984
589
592
628
590
593
629
591
594
630
595
631
988
593
596
632
594
597
633
595
598
634
599
635
992
597
600
636
598
601
637
599
602
638
603
639
996
601
604
640
602
605
641
603
606
642
607
643
1000
605
644
606
645
607
646
647
1004
609
612
648
610
613
649
611
614
650
615
651
1008
613
616
652
614
617
653
615
618
654
619
655
1012
617
620
656
618
621
657
619
622
658
623
659
1016
621
624
660
622
625
661
623
626
662
627
663
1020
625
628
664
626
629
665
627
630
666
631
667
1024
629
632
668
630
633
669
631
634
670
635
671
1028
633
636
672
634
637
673
635
638
674
639
675
1032
637
640
676
638
641
677
639
642
678
643
679
1036
641
644
680
642
645
681
643
646
682
647
683
1040
645
684
646
685
647
686
687
1044
649
652
688
650
653
689
651
654
690
655
691
1048
653
656
692
654
657
693
655
658
694
659
695
1052
657
660
696
658
661
697
659
662
698
663
699
1056
661
664
700
662
665
701
663
666
702
667
703
1060
665
668
704
666
669
705
667
670
706
671
707
1064
669
672
708
670
673
709
671
674
710
675
711
1068
673
676
712
674
677
713
675
678
714
679
715
1072
677
680
716
678
681
717
679
682
718
683
719
1076
681
684
720
682
685
721
683
686
722
687
723
1080
685
724
686
725
687
726
727
1084
689
692
728
690
693
729
691
694
730
695
731
1088
693
696
732
694
697
733
695
698
734
699
735
1092
697
700
736
698
701
737
699
702
738
703
739
1096
701
704
740
702
705
741
703
706
742
707
743
1100
705
708
744
706
709
745
707
710
746
711
747
1104
709
712
748
710
713
749
711
714
750
715
751
1108
713
716
752
714
717
753
715
718
754
719
755
1112
717
720
756
718
721
757
719
722
758
723
759
1116
721
724
760
722
725
761
723
726
762
727
763
1120
725
764
726
765
727
766
767
1124
729
732
768
730
733
769
731
734
770
735
771
1128
733
736
772
734
737
773
735
738
774
739
775
1132
737
740
776
738
741
777
739
742
778
743
779
1136
741
744
780
742
745
781
743
746
782
747
783
1140
745
748
784
746
749
785
747
750
786
751
787
1144
749
752
788
750
753
789
751
754
790
755
791
1148
753
756
792
754
757
793
755
758
794
759
795
1152
757
760
796
758
761
797
759
762
798
763
799
1156
761
764
800
762
765
801
763
766
802
767
803
1160
765
804
766
805
767
806
807
1164
769
772
808
770
773
809
771
774
810
775
811
1168
773
776
812
774
777
813
775
778
814
779
815
1172
777
780
816
778
781
817
779
782
818
783
819
1176
781
784
820
782
785
821
783
786
822
787
823
1180
785
788
824
786
789
825
787
790
826
791
827
1184
789
792
828
790
793
829
791
794
830
795
831
1188
793
796
832
794
797
833
795
798
834
799
835
1192
797
800
836
798
801
837
799
802
838
803
839
1196
801
804
840
802
805
841
803
806
842
807
843
1200
805
844
806
845
807
846
847
1204
809
812
848
810
813
849
811
814
850
815
851
1208
813
816
852
814
817
853
815
818
854
819
855
1212
817
820
856
818
821
857
819
822
858
823
859
1216
821
824
860
822
825
861
823
826
862
827
863
1220
825
828
864
826
829
865
827
830
866
831
867
1224
829
832
868
830
833
869
831
834
870
835
871
1228
833
836
872
834
837
873
835
838
874
839
875
1232
837
840
876
838
841
877
839
842
878
843
879
1236
841
844
880
842
845
881
843
846
882
847
883
1240
845
884
846
885
847
886
887
1244
849
852
888
850
853
889
851
854
890
855
891
1248
853
856
892
854
857
893
855
858
894
859
895
1252
857
860
896
858
861
897
859
862
898
863
899
1256
861
864
900
862
865
901
863
866
902
867
903
1260
865
868
904
866
869
905
867
870
906
871
907
1264
869
872
908
870
873
909
871
874
910
875
911
1268
873
876
912
874
877
913
875
878
914
879
915
1272
877
880
916
878
881
917
879
882
918
883
919
1276
881
884
920
882
885
921
883
886
922
887
923
1280
885
924
886
925
887
926
927
1284
889
892
928
890
893
929
891
894
930
895
931
1288
893
896
932
894
897
933
895
898
934
899
935
1292
897
900
936
898
901
937
899
902
938
903
939
1296
901
904
940
902
905
941
903
906
942
907
943
1300
905
908
944
906
909
945
907
910
946
911
947
1304
909
912
948
910
913
949
911
914
950
915
951
1308
913
916
952
914
917
953
915
918
954
919
955
1312
917
920
956
918
921
957
919
922
958
923
959
1316
921
924
960
922
925
961
923
926
962
927
963
1320
925
964
926
965
927
966
967
1324
929
932
1832
930
933
1833
931
934
1834
935
1328
1835
933
936
1836
934
937
1837
935
938
1838
939
1332
1839
937
940
1840
938
941
1841
939
942
1842
943
1336
1843
941
944
1844
942
945
1845
943
946
1846
947
1340
1847
945
948
1848
946
949
1849
947
950
1850
951
1344
1851
949
952
1852
950
953
1853
951
954
1854
955
1348
1855
953
956
1856
954
957
1857
955
958
1858
959
1352
1859
957
960
1860
958
961
1861
959
962
1862
963
1356
1863
961
964
1864
962
965
1865
963
966
1866
967
1360
1867
965
1868
966
1869
967
1870
1364
1871
969
972
1008
970
973
1009
971
974
1010
975
1011
1368
973
976
1012
974
977
1013
975
978
1014
979
1015
1372
977
980
1016
978
981
1017
979
982
1018
983
1019
1376
981
984
1020
982
985
1021
983
986
1022
987
1023
1380
985
988
1024
986
989
1025
987
990
1026
991
1027
1384
989
992
1028
990
993
1029
991
994
1030
995
1031
1388
993
996
1032
994
997
1033
995
998
1034
999
1035
1392
997
1000
1036
998
1001
1037
999
1002
1038
1003
1039
1396
1001
1004
1040
1002
1005
1041
1003
1006
1042
1007
1043
1400
1005
1044
1006
1045
1007
1046
1047
1404
1009
1012
1048
1010
1013
1049
1011
1014
1050
1015
1051
1408
1013
1016
1052
1014
1017
1053
1015
1018
1054
1019
1055
1412
1017
1020
1056
1018
1021
1057
1019
1022
1058
1023
1059
1416
1021
1024
1060
1022
1025
1061
1023
1026
1062
1027
1063
1420
1025
1028
1064
1026
1029
1065
1027
1030
1066
1031
1067
1424
1029
1032
1068
1030
1033
1069
1031
1034
1070
1035
1071
1428
1033
1036
1072
1034
1037
1073
1035
1038
1074
1039
1075
1432
1037
1040
1076
1038
1041
1077
1039
1042
1078
1043
1079
1436
1041
1044
1080
1042
1045
1081
1043
1046
1082
1047
1083
1440
1045
1084
1046
1085
1047
1086
1087
1444
1049
1052
1088
1050
1053
1089
1051
1054
1090
1055
1091
1448
1053
1056
1092
1054
1057
1093
1055
1058
1094
1059
1095
1452
1057
1060
1096
1058
1061
1097
1059
1062
1098
1063
1099
1456
1061
1064
1100
1062
1065
1101
1063
1066
1102
1067
1103
1460
1065
1068
1104
1066
1069
1105
1067
1070
1106
1071
1107
1464
1069
1072
1108
1070
1073
1109
1071
1074
1110
1075
1111
1468
1073
1076
1112
1074
1077
1113
1075
1078
1114
1079
1115
1472
1077
1080
1116
1078
1081
1117
1079
1082
1118
1083
1119
1476
1081
1084
1120
1082
1085
1121
1083
1086
1122
1087
1123
1480
1085
1124
1086
1125
1087
1126
1127
1484
1089
1092
1128
1090
1093
1129
1091
1094
1130
1095
1131
1488
1093
1096
1132
1094
1097
1133
1095
1098
1134
1099
1135
1492
1097
1100
1136
1098
1101
1137
1099
1102
1138
1103
1139
1496
1101
1104
1140
1102
1105
1141
1103
1106
1142
1107
1143
1500
1105
1108
1144
1106
1109
1145
1107
1110
1146
1111
1147
1504
1109
1112
1148
1110
1113
1149
1111
1114
1150
1115
1151
1508
1113
1116
1152
1114
1117
1153
1115
1118
1154
1119
1155
1512
1117
1120
1156
1118
1121
1157
1119
1122
1158
1123
1159
1516
1121
1124
1160
1122
1125
1161
1123
1126
1162
1127
1163
1520
1125
1164
1126
1165
1127
1166
1167
1524
1129
1132
1168
1130
1133
1169
1131
1134
1170
1135
1171
1528
1133
1136
1172
1134
1137
1173
1135
1138
1174
1139
1175
1532
1137
1140
1176
1138
1141
1177
1139
1142
1178
1143
1179
1536
1141
1144
1180
1142
1145
1181
1143
1146
1182
1147
1183
1540
1145
1148
1184
1146
1149
1185
1147
1150
1186
1151
1187
1544
1149
1152
1188
1150
1153
1189
1151
1154
1190
1155
1191
1548
1153
1156
1192
1154
1157
1193
1155
1158
1194
1159
1195
1552
1157
1160
1196
1158
1161
1197
1159
1162
1198
1163
1199
1556
1161
1164
1200
1162
1165
1201
1163
1166
1202
1167
1203
1560
1165
1204
1166
1205
1167
1206
1207
1564
1169
1172
1208
1170
1173
1209
1171
1174
1210
1175
1211
1568
1173
1176
1212
1174
1177
1213
1175
1178
1214
1179
1215
1572
1177
1180
1216
1178
1181
1217
1179
1182
1218
1183
1219
1576
1181
1184
1220
1182
1185
1221
1183
1186
1222
1187
1223
1580
1185
1188
1224
1186
1189
1225
1187
1190
1226
1191
1227
1584
1189
1192
1228
1190
1193
1229
1191
1194
1230
1195
1231
1588
1193
1196
1232
1194
1197
1233
1195
1198
1234
1199
1235
1592
1197
1200
1236
1198
1201
1237
1199
1202
1238
1203
1239
1596
1201
1204
1240
1202
1205
1241
1203
1206
1242
1207
1243
1600
1205
1244
1206
1245
1207
1246
1247
1604
1209
1212
1248
1210
1213
1249
1211
1214
1250
1215
1251
1608
1213
1216
1252
1214
1217
1253
1215
1218
1254
1219
1255
1612
1217
1220
1256
1218
1221
1257
1219
1222
1258
1223
1259
1616
1221
1224
1260
1222
1225
1261
1223
1226
1262
1227
1263
1620
1225
1228
1264
1226
1229
1265
1227
1230
1266
1231
1267
1624
1229
1232
1268
1230
1233
1269
1231
1234
1270
1235
1271
1628
1233
1236
1272
1234
1237
1273
1235
1238
1274
1239
1275
1632
1237
1240
1276
1238
1241
1277
1239
1242
1278
1243
1279
1636
1241
1244
1280
1242
1245
1281
1243
1246
1282
1247
1283
1640
1245
1284
1246
1285
1247
1286
1287
1644
1249
1252
1288
1250
1253
1289
1251
1254
1290
1255
1291
1648
1253
1256
1292
1254
1257
1293
1255
1258
1294
1259
1295
1652
1257
1260
1296
1258
1261
1297
1259
1262
1298
1263
1299
1656
1261
1264
1300
1262
1265
1301
1263
1266
1302
1267
1303
1660
1265
1268
1304
1266
1269
1305
1267
1270
1306
1271
1307
1664
1269
1272
1308
1270
1273
1309
1271
1274
1310
1275
1311
1668
1273
1276
1312
1274
1277
1313
1275
1278
1314
1279
1315
1672
1277
1280
1316
1278
1281
1317
1279
1282
1318
1283
1319
1676
1281
1284
1320
1282
1285
1321
1283
1286
1322
1287
1323
1680
1285
1324
1286
1325
1287
1326
1327
1684
1289
1292
1328
1290
1293
1329
1291
1294
1330
1295
1331
1688
1293
1296
1332
1294
1297
1333
1295
1298
1334
1299
1335
1692
1297
1300
1336
1298
1301
1337
1299
1302
1338
1303
1339
1696
1301
1304
1340
1302
1305
1341
1303
1306
1342
1307
1343
1700
1305
1308
1344
1306
1309
1345
1307
1310
1346
1311
1347
1704
1309
1312
1348
1310
1313
1349
1311
1314
1350
1315
1351
1708
1313
1316
1352
1314
1317
1353
1315
1318
1354
1319
1355
1712
1317
1320
1356
1318
1321
1357
1319
1322
1358
1323
1359
1716
1321
1324
1360
1322
1325
1361
1323
1326
1362
1327
1363
1720
1325
1364
1326
1365
1327
1366
1367
1724
1329
1332
1992
1330
1333
1993
1331
1334
1994
1335
1728
1995
1333
1336
1996
1334
1337
1997
1335
1338
1998
1339
1732
1999
1337
1340
2000
1338
1341
2001
1339
1342
2002
1343
1736
2003
1341
1344
2004
1342
1345
2005
1343
1346
2006
1347
1740
2007
1345
1348
2008
1346
1349
2009
1347
1350
2010
1351
1744
2011
1349
1352
2012
1350
1353
2013
1351
1354
2014
1355
1748
2015
1353
1356
2016
1354
1357
2017
1355
1358
2018
1359
1752
2019
1357
1360
2020
1358
1361
2021
1359
1362
2022
1363
1756
2023
1361
1364
2024
1362
1365
2025
1363
1366
2026
1367
1760
2027
1365
2028
1366
2029
1367
2030
1764
2031
1369
1372
1408
1370
1373
1409
1371
1374
1410
1375
1411
1373
1376
1412
1374
1377
1413
1375
1378
1414
1379
1415
1377
1380
1416
1378
1381
1417
1379
1382
1418
1383
1419
1381
1384
1420
1382
1385
1421
1383
1386
1422
1387
1423
1385
1388
1424
1386
1389
1425
1387
1390
1426
1391
1427
1389
1392
1428
1390
1393
1429
1391
1394
1430
1395
1431
1393
1396
1432
1394
1397
1433
1395
1398
1434
1399
1435
1397
1400
1436
1398
1401
1437
1399
1402
1438
1403
1439
1401
1404
1440
1402
1405
1441
1403
1406
1442
1407
1443
1405
1444
1406
1445
1407
1446
1447
1409
1412
1448
1410
1413
1449
1411
1414
1450
1415
1451
1413
1416
1452
1414
1417
1453
1415
1418
1454
1419
1455
1417
1420
1456
1418
1421
1457
1419
1422
1458
1423
1459
1421
1424
1460
1422
1425
1461
1423
1426
1462
1427
1463
1425
1428
1464
1426
1429
1465
1427
1430
1466
1431
1467
1429
1432
1468
1430
1433
1469
1431
1434
1470
1435
1471
1433
1436
1472
1434
1437
1473
1435
1438
1474
1439
1475
1437
1440
1476
1438
1441
1477
1439
1442
1478
1443
1479
1441
1444
1480
1442
1445
1481
1443
1446
1482
1447
1483
1445
1484
1446
1485
1447
1486
1487
1449
1452
1488
1450
1453
1489
1451
1454
1490
1455
1491
1453
1456
1492
1454
1457
1493
1455
1458
1494
1459
1495
1457
1460
1496
1458
1461
1497
1459
1462
1498
1463
1499
1461
1464
1500
1462
1465
1501
1463
1466
1502
1467
1503
1465
1468
1504
1466
1469
1505
1467
1470
1506
1471
1507
1469
1472
1508
1470
1473
1509
1471
1474
1510
1475
1511
1473
1476
1512
1474
1477
1513
1475
1478
1514
1479
1515
1477
1480
1516
1478
1481
1517
1479
1482
1518
1483
1519
1481
1484
1520
1482
1485
1521
1483
1486
1522
1487
1523
1485
1524
1486
1525
1487
1526
1527
1489
1492
1528
1490
1493
1529
1491
1494
1530
1495
1531
1493
1496
1532
1494
1497
1533
1495
1498
1534
1499
1535
1497
1500
1536
1498
1501
1537
1499
1502
1538
1503
1539
1501
1504
1540
1502
1505
1541
1503
1506
1542
1507
1543
1505
1508
1544
1506
1509
1545
1507
1510
1546
1511
1547
1509
1512
1548
1510
1513
1549
1511
1514
1550
1515
1551
1513
1516
1552
1514
1517
1553
1515
1518
1554
1519
1555
1517
1520
1556
1518
1521
1557
1519
1522
1558
1523
1559
1521
1524
1560
1522
1525
1561
1523
1526
1562
1527
1563
1525
1564
1526
1565
1527
1566
1567
1529
1532
1568
1530
1533
1569
1531
1534
1570
1535
1571
1533
1536
1572
1534
1537
1573
1535
1538
1574
1539
1575
1537
1540
1576
1538
1541
1577
1539
1542
1578
1543
1579
1541
1544
1580
1542
1545
1581
1543
1546
1582
1547
1583
1545
1548
1584
1546
1549
1585
1547
1550
1586
1551
1587
1549
1552
1588
1550
1553
1589
1551
1554
1590
1555
1591
1553
1556
1592
1554
1557
1593
1555
1558
1594
1559
1595
1557
1560
1596
1558
1561
1597
1559
1562
1598
1563
1599
1561
1564
1600
1562
1565
1601
1563
1566
1602
1567
1603
1565
1604
1566
1605
1567
1606
1607
1569
1572
1608
1570
1573
1609
1571
1574
1610
1575
1611
1573
1576
1612
1574
1577
1613
1575
1578
1614
1579
1615
1577
1580
1616
1578
1581
1617
1579
1582
1618
1583
1619
1581
1584
1620
1582
1585
1621
1583
1586
1622
1587
1623
1585
1588
1624
1586
1589
1625
1587
1590
1626
1591
1627
1589
1592
1628
1590
1593
1629
1591
1594
1630
1595
1631
1593
1596
1632
1594
1597
1633
1595
1598
1634
1599
1635
1597
1600
1636
1598
1601
1637
1599
1602
1638
1603
1639
1601
1604
1640
1602
1605
1641
1603
1606
1642
1607
1643
1605
1644
1606
1645
1607
1646
1647
1609
1612
1648
1610
1613
1649
1611
1614
1650
1615
1651
1613
1616
1652
1614
1617
1653
1615
1618
1654
1619
1655
1617
1620
1656
1618
1621
1657
1619
1622
1658
1623
1659
1621
1624
1660
1622
1625
1661
1623
1626
1662
1627
1663
1625
1628
1664
1626
1629
1665
1627
1630
1666
1631
1667
1629
1632
1668
1630
1633
1669
1631
1634
1670
1635
1671
1633
1636
1672
1634
1637
1673
1635
1638
1674
1639
1675
1637
1640
1676
1638
1641
1677
1639
1642
1678
1643
1679
1641
1644
1680
1642
1645
1681
1643
1646
1682
1647
1683
1645
1684
1646
1685
1647
1686
1687
1649
1652
1688
1650
1653
1689
1651
1654
1690
1655
1691
1653
1656
1692
1654
1657
1693
1655
1658
1694
1659
1695
1657
1660
1696
1658
1661
1697
1659
1662
1698
1663
1699
1661
1664
1700
1662
1665
1701
1663
1666
1702
1667
1703
1665
1668
1704
1666
1669
1705
1667
1670
1706
1671
1707
1669
1672
1708
1670
1673
1709
1671
1674
1710
1675
1711
1673
1676
1712
1674
1677
1713
1675
1678
1714
1679
1715
1677
1680
1716
1678
1681
1717
1679
1682
1718
1683
1719
1681
1684
1720
1682
1685
1721
1683
1686
1722
1687
1723
1685
1724
1686
1725
1687
1726
1727
1689
1692
1728
1690
1693
1729
1691
1694
1730
1695
1731
1693
1696
1732
1694
1697
1733
1695
1698
1734
1699
1735
1697
1700
1736
1698
1701
1737
1699
1702
1738
1703
1739
1701
1704
1740
1702
1705
1741
1703
1706
1742
1707
1743
1705
1708
1744
1706
1709
1745
1707
1710
1746
1711
1747
1709
1712
1748
1710
1713
1749
1711
1714
1750
1715
1751
1713
1716
1752
1714
1717
1753
1715
1718
1754
1719
1755
1717
1720
1756
1718
1721
1757
1719
1722
1758
1723
1759
1721
1724
1760
1722
1725
1761
1723
1726
1762
1727
1763
1725
1764
1726
1765
1727
1766
1767
1729
1732
2152
1730
1733
2153
1731
1734
2154
1735
2155
1733
1736
2156
1734
1737
2157
1735
1738
2158
1739
2159
1737
1740
2160
1738
1741
2161
1739
1742
2162
1743
2163
1741
1744
2164
1742
1745
2165
1743
1746
2166
1747
2167
1745
1748
2168
1746
1749
2169
1747
1750
2170
1751
2171
1749
1752
2172
1750
1753
2173
1751
1754
2174
1755
2175
1753
1756
2176
1754
1757
2177
1755
1758
2178
1759
2179
1757
1760
2180
1758
1761
2181
1759
1762
2182
1763
2183
1761
1764
2184
1762
1765
2185
1763
1766
2186
1767
2187
1765
2188
1766
2189
1767
2190
2191
1769
1772
1784
1868
1770
1773
1785
1869
1771
1774
1786
1870
1775
1787
1871
2028
1773
1776
1788
1774
1777
1789
1775
1778
1790
1779
1791
2029
1777
1780
1792
1778
1781
1793
1779
1782
1794
1783
1795
2030
1781
1796
2191
1782
1797
2190
1783
1798
2189
1799
2031
2188
1785
1788
1800
1908
1786
1789
1801
1909
1787
1790
1802
1910
1791
1803
1911
2068
1789
1792
1804
1790
1793
1805
1791
1794
1806
1795
1807
2069
1793
1796
1808
1794
1797
1809
1795
1798
1810
1799
1811
2070
1797
1812
2231
1798
1813
2230
1799
1814
2229
1815
2071
2228
1801
1804
1816
1948
1802
1805
1817
1949
1803
1806
1818
1950
1807
1819
1951
2108
1805
1808
1820
1806
1809
1821
1807
1810
1822
1811
1823
2109
1809
1812
1824
1810
1813
1825
1811
1814
1826
1815
1827
2110
1813
1828
2271
1814
1829
2270
1815
1830
2269
1831
2111
2268
1817
1820
1988
2312
1818
1821
1989
2313
1819
1822
1990
2314
1823
1991
2148
2315
1821
1824
2316
1822
1825
2317
1823
1826
2318
1827
2149
2319
1825
1828
2320
1826
1829
2321
1827
1830
2322
1831
2150
2323
1829
2311
2324
1830
2310
2325
1831
2309
2326
2151
2308
2327
1833
1836
1872
1834
1837
1873
1835
1838
1874
1839
1875
1992
1837
1840
1876
1838
1841
1877
1839
1842
1878
1843
1879
1996
1841
1844
1880
1842
1845
1881
1843
1846
1882
1847
1883
2000
1845
1848
1884
1846
1849
1885
1847
1850
1886
1851
1887
2004
1849
1852
1888
1850
1853
1889
1851
1854
1890
1855
1891
2008
1853
1856
1892
1854
1857
1893
1855
1858
1894
1859
1895
2012
1857
1860
1896
1858
1861
1897
1859
1862
1898
1863
1899
2016
1861
1864
1900
1862
1865
1901
1863
1866
1902
1867
1903
2020
1865
1868
1904
1866
1869
1905
1867
1870
1906
1871
1907
2024
1869
1908
1870
1909
1871
1910
1911
2028
1873
1876
1912
1874
1877
1913
1875
1878
1914
1879
1915
2032
1877
1880
1916
1878
1881
1917
1879
1882
1918
1883
1919
2036
1881
1884
1920
1882
1885
1921
1883
1886
1922
1887
1923
2040
1885
1888
1924
1886
1889
1925
1887
1890
1926
1891
1927
2044
1889
1892
1928
1890
1893
1929
1891
1894
1930
1895
1931
2048
1893
1896
1932
1894
1897
1933
1895
1898
1934
1899
1935
2052
1897
1900
1936
1898
1901
1937
1899
1902
1938
1903
1939
2056
1901
1904
1940
1902
1905
1941
1903
1906
1942
1907
1943
2060
1905
1908
1944
1906
1909
1945
1907
1910
1946
1911
1947
2064
1909
1948
1910
1949
1911
1950
1951
2068
1913
1916
1952
1914
1917
1953
1915
1918
1954
1919
1955
2072
1917
1920
1956
1918
1921
1957
1919
1922
1958
1923
1959
2076
1921
1924
1960
1922
1925
1961
1923
1926
1962
1927
1963
2080
1925
1928
1964
1926
1929
1965
1927
1930
1966
1931
1967
2084
1929
1932
1968
1930
1933
1969
1931
1934
1970
1935
1971
2088
1933
1936
1972
1934
1937
1973
1935
1938
1974
1939
1975
2092
1937
1940
1976
1938
1941
1977
1939
1942
1978
1943
1979
2096
1941
1944
1980
1942
1945
1981
1943
1946
1982
1947
1983
2100
1945
1948
1984
1946
1949
1985
1947
1950
1986
1951
1987
2104
1949
1988
1950
1989
1951
1990
1991
2108
1953
1956
2376
1954
1957
2377
1955
1958
2378
1959
2112
2379
1957
1960
2380
1958
1961
2381
1959
1962
2382
1963
2116
2383
1961
1964
2384
1962
1965
2385
1963
1966
2386
1967
2120
2387
1965
1968
2388
1966
1969
2389
1967
1970
2390
1971
2124
2391
1969
1972
2392
1970
1973
2393
1971
1974
2394
1975
2128
2395
1973
1976
2396
1974
1977
2397
1975
1978
2398
1979
2132
2399
1977
1980
2400
1978
1981
2401
1979
1982
2402
1983
2136
2403
1981
1984
2404
1982
1985
2405
1983
1986
2406
1987
2140
2407
1985
1988
2408
1986
1989
2409
1987
1990
2410
1991
2144
2411
1989
2412
1990
2413
1991
2414
2148
2415
1993
1996
2032
1994
1997
2033
1995
1998
2034
1999
2035
2152
1997
2000
2036
1998
2001
2037
1999
2002
2038
2003
2039
2156
2001
2004
2040
2002
2005
2041
2003
2006
2042
2007
2043
2160
2005
2008
2044
2006
2009
2045
2007
2010
2046
2011
2047
2164
2009
2012
2048
2010
2013
2049
2011
2014
2050
2015
2051
2168
2013
2016
2052
2014
2017
2053
2015
2018
2054
2019
2055
2172
2017
2020
2056
2018
2021
2057
2019
2022
2058
2023
2059
2176
2021
2024
2060
2022
2025
2061
2023
2026
2062
2027
2063
2180
2025
2028
2064
2026
2029
2065
2027
2030
2066
2031
2067
2184
2029
2068
2030
2069
2031
2070
2071
2188
2033
2036
2072
2034
2037
2073
2035
2038
2074
2039
2075
2192
2037
2040
2076
2038
2041
2077
2039
2042
2078
2043
2079
2196
2041
2044
2080
2042
2045
2081
2043
2046
2082
2047
2083
2200
2045
2048
2084
2046
2049
2085
2047
2050
2086
2051
2087
2204
2049
2052
2088
2050
2053
2089
2051
2054
2090
2055
2091
2208
2053
2056
2092
2054
2057
2093
2055
2058
2094
2059
2095
2212
2057
2060
2096
2058
2061
2097
2059
2062
2098
2063
2099
2216
2061
2064
2100
2062
2065
2101
2063
2066
2102
2067
2103
2220
2065
2068
2104
2066
2069
2105
2067
2070
2106
2071
2107
2224
2069
2108
2070
2109
2071
2110
2111
2228
2073
2076
2112
2074
2077
2113
2075
2078
2114
2079
2115
2232
2077
2080
2116
2078
2081
2117
2079
2082
2118
2083
2119
2236
2081
2084
2120
2082
2085
2121
2083
2086
2122
2087
2123
2240
2085
2088
2124
2086
2089
2125
2087
2090
2126
2091
2127
2244
2089
2092
2128
2090
2093
2129
2091
2094
2130
2095
2131
2248
2093
2096
2132
2094
2097
2133
2095
2098
2134
2099
2135
2252
2097
2100
2136
2098
2101
2137
2099
2102
2138
2103
2139
2256
2101
2104
2140
2102
2105
2141
2103
2106
2142
2107
2143
2260
2105
2108
2144
2106
2109
2145
2107
2110
2146
2111
2147
2264
2109
2148
2110
2149
2111
2150
2151
2268
2113
2116
2536
2114
2117
2537
2115
2118
2538
2119
2272
2539
2117
2120
2540
2118
2121
2541
2119
2122
2542
2123
2276
2543
2121
2124
2544
2122
2125
2545
2123
2126
2546
2127
2280
2547
2125
2128
2548
2126
2129
2549
2127
2130
2550
2131
2284
2551
2129
2132
2552
2130
2133
2553
2131
2134
2554
2135
2288
2555
2133
2136
2556
2134
2137
2557
2135
2138
2558
2139
2292
2559
2137
2140
2560
2138
2141
2561
2139
2142
2562
2143
2296
2563
2141
2144
2564
2142
2145
2565
2143
2146
2566
2147
2300
2567
2145
2148
2568
2146
2149
2569
2147
2150
2570
2151
2304
2571
2149
2572
2150
2573
2151
2574
2308
2575
2153
2156
2192
2154
2157
2193
2155
2158
2194
2159
2195
2157
2160
2196
2158
2161
2197
2159
2162
2198
2163
2199
2161
2164
2200
2162
2165
2201
2163
2166
2202
2167
2203
2165
2168
2204
2166
2169
2205
2167
2170
2206
2171
2207
2169
2172
2208
2170
2173
2209
2171
2174
2210
2175
2211
2173
2176
2212
2174
2177
2213
2175
2178
2214
2179
2215
2177
2180
2216
2178
2181
2217
2179
2182
2218
2183
2219
2181
2184
2220
2182
2185
2221
2183
2186
2222
2187
2223
2185
2188
2224
2186
2189
2225
2187
2190
2226
2191
2227
2189
2228
2190
2229
2191
2230
2231
2193
2196
2232
2194
2197
2233
2195
2198
2234
2199
2235
2197
2200
2236
2198
2201
2237
2199
2202
2238
2203
2239
2201
2204
2240
2202
2205
2241
2203
2206
2242
2207
2243
2205
2208
2244
2206
2209
2245
2207
2210
2246
2211
2247
2209
2212
2248
2210
2213
2249
2211
2214
2250
2215
2251
2213
2216
2252
2214
2217
2253
2215
2218
2254
2219
2255
2217
2220
2256
2218
2221
2257
2219
2222
2258
2223
2259
2221
2224
2260
2222
2225
2261
2223
2226
2262
2227
2263
2225
2228
2264
2226
2229
2265
2227
2230
2266
2231
2267
2229
2268
2230
2269
2231
2270
2271
2233
2236
2272
2234
2237
2273
2235
2238
2274
2239
2275
2237
2240
2276
2238
2241
2277
2239
2242
2278
2243
2279
2241
2244
2280
2242
2245
2281
2243
2246
2282
2247
2283
2245
2248
2284
2246
2249
2285
2247
2250
2286
2251
2287
2249
2252
2288
2250
2253
2289
2251
2254
2290
2255
2291
2253
2256
2292
2254
2257
2293
2255
2258
2294
2259
2295
2257
2260
2296
2258
2261
2297
2259
2262
2298
2263
2299
2261
2264
2300
2262
2265
2301
2263
2266
2302
2267
2303
2265
2268
2304
2266
2269
2305
2267
2270
2306
2271
2307
2269
2308
2270
2309
2271
2310
2311
2273
2276
2696
2274
2277
2697
2275
2278
2698
2279
2699
2277
2280
2700
2278
2281
2701
2279
2282
2702
2283
2703
2281
2284
2704
2282
2285
2705
2283
2286
2706
2287
2707
2285
2288
2708
2286
2289
2709
2287
2290
2710
2291
2711
2289
2292
2712
2290
2293
2713
2291
2294
2714
2295
2715
2293
2296
2716
2294
2297
2717
2295
2298
2718
2299
2719
2297
2300
2720
2298
2301
2721
2299
2302
2722
2303
2723
2301
2304
2724
2302
2305
2725
2303
2306
2726
2307
2727
2305
2308
2728
2306
2309
2729
2307
2310
2730
2311
2731
2309
2732
2310
2733
2311
2734
2735
2313
2316
2328
2412
2314
2317
2329
2413
2315
2318
2330
2414
2319
2331
2415
2572
2317
2320
2332
2318
2321
2333
2319
2322
2334
2323
2335
2573
2321
2324
2336
2322
2325
2337
2323
2326
2338
2327
2339
2574
2325
2340
2735
2326
2341
2734
2327
2342
2733
2343
2575
2732
2329
2332
2344
2452
2330
2333
2345
2453
2331
2334
2346
2454
2335
2347
2455
2612
2333
2336
2348
2334
2337
2349
2335
2338
2350
2339
2351
2613
2337
2340
2352
2338
2341
2353
2339
2342
2354
2343
2355
2614
2341
2356
2775
2342
2357
2774
2343
2358
2773
2359
2615
2772
2345
2348
2360
2492
2346
2349
2361
2493
2347
2350
2362
2494
2351
2363
2495
2652
2349
2352
2364
2350
2353
2365
2351
2354
2366
2355
2367
2653
2353
2356
2368
2354
2357
2369
2355
2358
2370
2359
2371
2654
2357
2372
2815
2358
2373
2814
2359
2374
2813
2375
2655
2812
2361
2364
2532
2856
2362
2365
2533
2857
2363
2366
2534
2858
2367
2535
2692
2859
2365
2368
2860
2366
2369
2861
2367
2370
2862
2371
2693
2863
2369
2372
2864
2370
2373
2865
2371
2374
2866
2375
2694
2867
2373
2855
2868
2374
2854
2869
2375
2853
2870
2695
2852
2871
2377
2380
2416
2378
2381
2417
2379
2382
2418
2383
2419
2536
2381
2384
2420
2382
2385
2421
2383
2386
2422
2387
2423
2540
2385
2388
2424
2386
2389
2425
2387
2390
2426
2391
2427
2544
2389
2392
2428
2390
2393
2429
2391
2394
2430
2395
2431
2548
2393
2396
2432
2394
2397
2433
2395
2398
2434
2399
2435
2552
2397
2400
2436
2398
2401
2437
2399
2402
2438
2403
2439
2556
2401
2404
2440
2402
2405
2441
2403
2406
2442
2407
2443
2560
2405
2408
2444
2406
2409
2445
2407
2410
2446
2411
2447
2564
2409
2412
2448
2410
2413
2449
2411
2414
2450
2415
2451
2568
2413
2452
2414
2453
2415
2454
2455
2572
2417
2420
2456
2418
2421
2457
2419
2422
2458
2423
2459
2576
2421
2424
2460
2422
2425
2461
2423
2426
2462
2427
2463
2580
2425
2428
2464
2426
2429
2465
2427
2430
2466
2431
2467
2584
2429
2432
2468
2430
2433
2469
2431
2434
2470
2435
2471
2588
2433
2436
2472
2434
2437
2473
2435
2438
2474
2439
2475
2592
2437
2440
2476
2438
2441
2477
2439
2442
2478
2443
2479
2596
2441
2444
2480
2442
2445
2481
2443
2446
2482
2447
2483
2600
2445
2448
2484
2446
2449
2485
2447
2450
2486
2451
2487
2604
2449
2452
2488
2450
2453
2489
2451
2454
2490
2455
2491
2608
2453
2492
2454
2493
2455
2494
2495
2612
2457
2460
2496
2458
2461
2497
2459
2462
2498
2463
2499
2616
2461
2464
2500
2462
2465
2501
2463
2466
2502
2467
2503
2620
2465
2468
2504
2466
2469
2505
2467
2470
2506
2471
2507
2624
2469
2472
2508
2470
2473
2509
2471
2474
2510
2475
2511
2628
2473
2476
2512
2474
2477
2513
2475
2478
2514
2479
2515
2632
2477
2480
2516
2478
2481
2517
2479
2482
2518
2483
2519
2636
2481
2484
2520
2482
2485
2521
2483
2486
2522
2487
2523
2640
2485
2488
2524
2486
2489
2525
2487
2490
2526
2491
2527
2644
2489
2492
2528
2490
2493
2529
2491
2494
2530
2495
2531
2648
2493
2532
2494
2533
2495
2534
2535
2652
2497
2500
2920
2498
2501
2921
2499
2502
2922
2503
2656
2923
2501
2504
2924
2502
2505
2925
2503
2506
2926
2507
2660
2927
2505
2508
2928
2506
2509
2929
2507
2510
2930
2511
2664
2931
2509
2512
2932
2510
2513
2933
2511
2514
2934
2515
2668
2935
2513
2516
2936
2514
2517
2937
2515
2518
2938
2519
2672
2939
2517
2520
2940
2518
2521
2941
2519
2522
2942
2523
2676
2943
2521
2524
2944
2522
2525
2945
2523
2526
2946
2527
2680
2947
2525
2528
2948
2526
2529
2949
2527
2530
2950
2531
2684
2951
2529
2532
2952
2530
2533
2953
2531
2534
2954
2535
2688
2955
2533
2956
2534
2957
2535
2958
2692
2959
2537
2540
2576
2538
2541
2577
2539
2542
2578
2543
2579
2696
2541
2544
2580
2542
2545
2581
2543
2546
2582
2547
2583
2700
2545
2548
2584
2546
2549
2585
2547
2550
2586
2551
2587
2704
2549
2552
2588
2550
2553
2589
2551
2554
2590
2555
2591
2708
2553
2556
2592
2554
2557
2593
2555
2558
2594
2559
2595
2712
2557
2560
2596
2558
2561
2597
2559
2562
2598
2563
2599
2716
2561
2564
2600
2562
2565
2601
2563
2566
2602
2567
2603
2720
2565
2568
2604
2566
2569
2605
2567
2570
2606
2571
2607
2724
2569
2572
2608
2570
2573
2609
2571
2574
2610
2575
2611
2728
2573
2612
2574
2613
2575
2614
2615
2732
2577
2580
2616
2578
2581
2617
2579
2582
2618
2583
2619
2736
2581
2584
2620
2582
2585
2621
2583
2586
2622
2587
2623
2740
2585
2588
2624
2586
2589
2625
2587
2590
2626
2591
2627
2744
2589
2592
2628
2590
2593
2629
2591
2594
2630
2595
2631
2748
2593
2596
2632
2594
2597
2633
2595
2598
2634
2599
2635
2752
2597
2600
2636
2598
2601
2637
2599
2602
2638
2603
2639
2756
2601
2604
2640
2602
2605
2641
2603
2606
2642
2607
2643
2760
2605
2608
2644
2606
2609
2645
2607
2610
2646
2611
2647
2764
2609
2612
2648
2610
2613
2649
2611
2614
2650
2615
2651
2768
2613
2652
2614
2653
2615
2654
2655
2772
2617
2620
2656
2618
2621
2657
2619
2622
2658
2623
2659
2776
2621
2624
2660
2622
2625
2661
2623
2626
2662
2627
2663
2780
2625
2628
2664
2626
2629
2665
2627
2630
2666
2631
2667
2784
2629
2632
2668
2630
2633
2669
2631
2634
2670
2635
2671
2788
2633
2636
2672
2634
2637
2673
2635
2638
2674
2639
2675
2792
2637
2640
2676
2638
2641
2677
2639
2642
2678
2643
2679
2796
2641
2644
2680
2642
2645
2681
2643
2646
2682
2647
2683
2800
2645
2648
2684
2646
2649
2685
2647
2650
2686
2651
2687
2804
2649
2652
2688
2650
2653
2689
2651
2654
2690
2655
2691
2808
2653
2692
2654
2693
2655
2694
2695
2812
2657
2660
3080
2658
2661
3081
2659
2662
3082
2663
2816
3083
2661
2664
3084
2662
2665
3085
2663
2666
3086
2667
2820
3087
2665
2668
3088
2666
2669
3089
2667
2670
3090
2671
2824
3091
2669
2672
3092
2670
2673
3093
2671
2674
3094
2675
2828
3095
2673
2676
3096
2674
2677
3097
2675
2678
3098
2679
2832
3099
2677
2680
3100
2678
2681
3101
2679
2682
3102
2683
2836
3103
2681
2684
3104
2682
2685
3105
2683
2686
3106
2687
2840
3107
2685
2688
3108
2686
2689
3109
2687
2690
3110
2691
2844
3111
2689
2692
3112
2690
2693
3113
2691
2694
3114
2695
2848
3115
2693
3116
2694
3117
2695
3118
2852
3119
2697
2700
2736
2698
2701
2737
2699
2702
2738
2703
2739
2701
2704
2740
2702
2705
2741
2703
2706
2742
2707
2743
2705
2708
2744
2706
2709
2745
2707
2710
2746
2711
2747
2709
2712
2748
2710
2713
2749
2711
2714
2750
2715
2751
2713
2716
2752
2714
2717
2753
2715
2718
2754
2719
2755
2717
2720
2756
2718
2721
2757
2719
2722
2758
2723
2759
2721
2724
2760
2722
2725
2761
2723
2726
2762
2727
2763
2725
2728
2764
2726
2729
2765
2727
2730
2766
2731
2767
2729
2732
2768
2730
2733
2769
2731
2734
2770
2735
2771
2733
2772
2734
2773
2735
2774
2775
2737
2740
2776
2738
2741
2777
2739
2742
2778
2743
2779
2741
2744
2780
2742
2745
2781
2743
2746
2782
2747
2783
2745
2748
2784
2746
2749
2785
2747
2750
2786
2751
2787
2749
2752
2788
2750
2753
2789
2751
2754
2790
2755
2791
2753
2756
2792
2754
2757
2793
2755
2758
2794
2759
2795
2757
2760
2796
2758
2761
2797
2759
2762
2798
2763
2799
2761
2764
2800
2762
2765
2801
2763
2766
2802
2767
2803
2765
2768
2804
2766
2769
2805
2767
2770
2806
2771
2807
2769
2772
2808
2770
2773
2809
2771
2774
2810
2775
2811
2773
2812
2774
2813
2775
2814
2815
2777
2780
2816
2778
2781
2817
2779
2782
2818
2783
2819
2781
2784
2820
2782
2785
2821
2783
2786
2822
2787
2823
2785
2788
2824
2786
2789
2825
2787
2790
2826
2791
2827
2789
2792
2828
2790
2793
2829
2791
2794
2830
2795
2831
2793
2796
2832
2794
2797
2833
2795
2798
2834
2799
2835
2797
2800
2836
2798
2801
2837
2799
2802
2838
2803
2839
2801
2804
2840
2802
2805
2841
2803
2806
2842
2807
2843
2805
2808
2844
2806
2809
2845
2807
2810
2846
2811
2847
2809
2812
2848
2810
2813
2849
2811
2814
2850
2815
2851
2813
2852
2814
2853
2815
2854
2855
2817
2820
3240
2818
2821
3241
2819
2822
3242
2823
3243
2821
2824
3244
2822
2825
3245
2823
2826
3246
2827
3247
2825
2828
3248
2826
2829
3249
2827
2830
3250
2831
3251
2829
2832
3252
2830
2833
3253
2831
2834
3254
2835
3255
2833
2836
3256
2834
2837
3257
2835
2838
3258
2839
3259
2837
2840
3260
2838
2841
3261
2839
2842
3262
2843
3263
2841
2844
3264
2842
2845
3265
2843
2846
3266
2847
3267
2845
2848
3268
2846
2849
3269
2847
2850
3270
2851
3271
2849
2852
3272
2850
2853
3273
2851
2854
3274
2855
3275
2853
3276
2854
3277
2855
3278
3279
2857
2860
2872
2956
2858
2861
2873
2957
2859
2862
2874
2958
2863
2875
2959
3116
2861
2864
2876
2862
2865
2877
2863
2866
2878
2867
2879
3117
2865
2868
2880
2866
2869
2881
2867
2870
2882
2871
2883
3118
2869
2884
3279
2870
2885
3278
2871
2886
3277
2887
3119
3276
2873
2876
2888
2996
2874
2877
2889
2997
2875
2878
2890
2998
2879
2891
2999
3156
2877
2880
2892
2878
2881
2893
2879
2882
2894
2883
2895
3157
2881
2884
2896
2882
2885
2897
2883
2886
2898
2887
2899
3158
2885
2900
3319
2886
2901
3318
2887
2902
3317
2903
3159
3316
2889
2892
2904
3036
2890
2893
2905
3037
2891
2894
2906
3038
2895
2907
3039
3196
2893
2896
2908
2894
2897
2909
2895
2898
2910
2899
2911
3197
2897
2900
2912
2898
2901
2913
2899
2902
2914
2903
2915
3198
2901
2916
3359
2902
2917
3358
2903
2918
3357
2919
3199
3356
2905
2908
3076
3400
2906
2909
3077
3401
2907
2910
3078
3402
2911
3079
3236
3403
2909
2912
3404
2910
2913
3405
2911
2914
3406
2915
3237
3407
2913
2916
3408
2914
2917
3409
2915
2918
3410
2919
3238
3411
2917
3399
3412
2918
3398
3413
2919
3397
3414
3239
3396
3415
2921
2924
2960
2922
2925
2961
2923
2926
2962
2927
2963
3080
2925
2928
2964
2926
2929
2965
2927
2930
2966
2931
2967
3084
2929
2932
2968
2930
2933
2969
2931
2934
2970
2935
2971
3088
2933
2936
2972
2934
2937
2973
2935
2938
2974
2939
2975
3092
2937
2940
2976
2938
2941
2977
2939
2942
2978
2943
2979
3096
2941
2944
2980
2942
2945
2981
2943
2946
2982
2947
2983
3100
2945
2948
2984
2946
2949
2985
2947
2950
2986
2951
2987
3104
2949
2952
2988
2950
2953
2989
2951
2954
2990
2955
2991
3108
2953
2956
2992
2954
2957
2993
2955
2958
2994
2959
2995
3112
2957
2996
2958
2997
2959
2998
2999
3116
2961
2964
3000
2962
2965
3001
2963
2966
3002
2967
3003
3120
2965
2968
3004
2966
2969
3005
2967
2970
3006
2971
3007
3124
2969
2972
3008
2970
2973
3009
2971
2974
3010
2975
3011
3128
2973
2976
3012
2974
2977
3013
2975
2978
3014
2979
3015
3132
2977
2980
3016
2978
2981
3017
2979
2982
3018
2983
3019
3136
2981
2984
3020
2982
2985
3021
2983
2986
3022
2987
3023
3140
2985
2988
3024
2986
2989
3025
2987
2990
3026
2991
3027
3144
2989
2992
3028
2990
2993
3029
2991
2994
3030
2995
3031
3148
2993
2996
3032
2994
2997
3033
2995
2998
3034
2999
3035
3152
2997
3036
2998
3037
2999
3038
3039
3156
3001
3004
3040
3002
3005
3041
3003
3006
3042
3007
3043
3160
3005
3008
3044
3006
3009
3045
3007
3010
3046
3011
3047
3164
3009
3012
3048
3010
3013
3049
3011
3014
3050
3015
3051
3168
3013
3016
3052
3014
3017
3053
3015
3018
3054
3019
3055
3172
3017
3020
3056
3018
3021
3057
3019
3022
3058
3023
3059
3176
3021
3024
3060
3022
3025
3061
3023
3026
3062
3027
3063
3180
3025
3028
3064
3026
3029
3065
3027
3030
3066
3031
3067
3184
3029
3032
3068
3030
3033
3069
3031
3034
3070
3035
3071
3188
3033
3036
3072
3034
3037
3073
3035
3038
3074
3039
3075
3192
3037
3076
3038
3077
3039
3078
3079
3196
3041
3044
3560
3042
3045
3561
3043
3046
3562
3047
3200
3563
3045
3048
3564
3046
3049
3565
3047
3050
3566
3051
3204
3567
3049
3052
3568
3050
3053
3569
3051
3054
3570
3055
3208
3571
3053
3056
3572
3054
3057
3573
3055
3058
3574
3059
3212
3575
3057
3060
3576
3058
3061
3577
3059
3062
3578
3063
3216
3579
3061
3064
3580
3062
3065
3581
3063
3066
3582
3067
3220
3583
3065
3068
3584
3066
3069
3585
3067
3070
3586
3071
3224
3587
3069
3072
3588
3070
3073
3589
3071
3074
3590
3075
3228
3591
3073
3076
3592
3074
3077
3593
3075
3078
3594
3079
3232
3595
3077
3596
3078
3597
3079
3598
3236
3599
3081
3084
3120
3082
3085
3121
3083
3086
3122
3087
3123
3240
3085
3088
3124
3086
3089
3125
3087
3090
3126
3091
3127
3244
3089
3092
3128
3090
3093
3129
3091
3094
3130
3095
3131
3248
3093
3096
3132
3094
3097
3133
3095
3098
3134
3099
3135
3252
3097
3100
3136
3098
3101
3137
3099
3102
3138
3103
3139
3256
3101
3104
3140
3102
3105
3141
3103
3106
3142
3107
3143
3260
3105
3108
3144
3106
3109
3145
3107
3110
3146
3111
3147
3264
3109
3112
3148
3110
3113
3149
3111
3114
3150
3115
3151
3268
3113
3116
3152
3114
3117
3153
3115
3118
3154
3119
3155
3272
3117
3156
3118
3157
3119
3158
3159
3276
3121
3124
3160
3122
3125
3161
3123
3126
3162
3127
3163
3280
3125
3128
3164
3126
3129
3165
3127
3130
3166
3131
3167
3284
3129
3132
3168
3130
3133
3169
3131
3134
3170
3135
3171
3288
3133
3136
3172
3134
3137
3173
3135
3138
3174
3139
3175
3292
3137
3140
3176
3138
3141
3177
3139
3142
3178
3143
3179
3296
3141
3144
3180
3142
3145
3181
3143
3146
3182
3147
3183
3300
3145
3148
3184
3146
3149
3185
3147
3150
3186
3151
3187
3304
3149
3152
3188
3150
3153
3189
3151
3154
3190
3155
3191
3308
3153
3156
3192
3154
3157
3193
3155
3158
3194
3159
3195
3312
3157
3196
3158
3197
3159
3198
3199
3316
3161
3164
3200
3162
3165
3201
3163
3166
3202
3167
3203
3320
3165
3168
3204
3166
3169
3205
3167
3170
3206
3171
3207
3324
3169
3172
3208
3170
3173
3209
3171
3174
3210
3175
3211
3328
3173
3176
3212
3174
3177
3213
3175
3178
3214
3179
3215
3332
3177
3180
3216
3178
3181
3217
3179
3182
3218
3183
3219
3336
3181
3184
3220
3182
3185
3221
3183
3186
3222
3187
3223
3340
3185
3188
3224
3186
3189
3225
3187
3190
3226
3191
3227
3344
3189
3192
3228
3190
3193
3229
3191
3194
3230
3195
3231
3348
3193
3196
3232
3194
3197
3233
3195
3198
3234
3199
3235
3352
3197
3236
3198
3237
3199
3238
3239
3356
3201
3204
3960
3202
3205
3961
3203
3206
3962
3207
3360
3963
3205
3208
3964
3206
3209
3965
3207
3210
3966
3211
3364
3967
3209
3212
3968
3210
3213
3969
3211
3214
3970
3215
3368
3971
3213
3216
3972
3214
3217
3973
3215
3218
3974
3219
3372
3975
3217
3220
3976
3218
3221
3977
3219
3222
3978
3223
3376
3979
3221
3224
3980
3222
3225
3981
3223
3226
3982
3227
3380
3983
3225
3228
3984
3226
3229
3985
3227
3230
3986
3231
3384
3987
3229
3232
3988
3230
3233
3989
3231
3234
3990
3235
3388
3991
3233
3236
3992
3234
3237
3993
3235
3238
3994
3239
3392
3995
3237
3996
3238
3997
3239
3998
3396
3999
3241
3244
3280
3242
3245
3281
3243
3246
3282
3247
3283
3245
3248
3284
3246
3249
3285
3247
3250
3286
3251
3287
3249
3252
3288
3250
3253
3289
3251
3254
3290
3255
3291
3253
3256
3292
3254
3257
3293
3255
3258
3294
3259
3295
3257
3260
3296
3258
3261
3297
3259
3262
3298
3263
3299
3261
3264
3300
3262
3265
3301
3263
3266
3302
3267
3303
3265
3268
3304
3266
3269
3305
3267
3270
3306
3271
3307
3269
3272
3308
3270
3273
3309
3271
3274
3310
3275
3311
3273
3276
3312
3274
3277
3313
3275
3278
3314
3279
3315
3277
3316
3278
3317
3279
3318
3319
3281
3284
3320
3282
3285
3321
3283
3286
3322
3287
3323
3285
3288
3324
3286
3289
3325
3287
3290
3326
3291
3327
3289
3292
3328
3290
3293
3329
3291
3294
3330
3295
3331
3293
3296
3332
3294
3297
3333
3295
3298
3334
3299
3335
3297
3300
3336
3298
3301
3337
3299
3302
3338
3303
3339
3301
3304
3340
3302
3305
3341
3303
3306
3342
3307
3343
3305
3308
3344
3306
3309
3345
3307
3310
3346
3311
3347
3309
3312
3348
3310
3313
3349
3311
3314
3350
3315
3351
3313
3316
3352
3314
3317
3353
3315
3318
3354
3319
3355
3317
3356
3318
3357
3319
3358
3359
3321
3324
3360
3322
3325
3361
3323
3326
3362
3327
3363
3325
3328
3364
3326
3329
3365
3327
3330
3366
3331
3367
3329
3332
3368
3330
3333
3369
3331
3334
3370
3335
3371
3333
3336
3372
3334
3337
3373
3335
3338
3374
3339
3375
3337
3340
3376
3338
3341
3377
3339
3342
3378
3343
3379
3341
3344
3380
3342
3345
3381
3343
3346
3382
3347
3383
3345
3348
3384
3346
3349
3385
3347
3350
3386
3351
3387
3349
3352
3388
3350
3353
3389
3351
3354
3390
3355
3391
3353
3356
3392
3354
3357
3393
3355
3358
3394
3359
3395
3357
3396
3358
3397
3359
3398
3399
3361
3364
4360
3362
3365
4361
3363
3366
4362
3367
4363
3365
3368
4364
3366
3369
4365
3367
3370
4366
3371
4367
3369
3372
4368
3370
3373
4369
3371
3374
4370
3375
4371
3373
3376
4372
3374
3377
4373
3375
3378
4374
3379
4375
3377
3380
4376
3378
3381
4377
3379
3382
4378
3383
4379
3381
3384
4380
3382
3385
4381
3383
3386
4382
3387
4383
3385
3388
4384
3386
3389
4385
3387
3390
4386
3391
4387
3389
3392
4388
3390
3393
4389
3391
3394
4390
3395
4391
3393
3396
4392
3394
3397
4393
3395
3398
4394
3399
4395
3397
4396
3398
4397
3399
4398
4399
3401
3404
3416
3596
3402
3405
3417
3597
3403
3406
3418
3598
3407
3419
3599
3996
3405
3408
3420
3406
3409
3421
3407
3410
3422
3411
3423
3997
3409
3412
3424
3410
3413
3425
3411
3414
3426
3415
3427
3998
3413
3428
4399
3414
3429
4398
3415
3430
4397
3431
3999
4396
3417
3420
3432
3636
3418
3421
3433
3637
3419
3422
3434
3638
3423
3435
3639
4036
3421
3424
3436
3422
3425
3437
3423
3426
3438
3427
3439
4037
3425
3428
3440
3426
3429
3441
3427
3430
3442
3431
3443
4038
3429
3444
4439
3430
3445
4438
3431
3446
4437
3447
4039
4436
3433
3436
3448
3676
3434
3437
3449
3677
3435
3438
3450
3678
3439
3451
3679
4076
3437
3440
3452
3438
3441
3453
3439
3442
3454
3443
3455
4077
3441
3444
3456
3442
3445
3457
3443
3446
3458
3447
3459
4078
3445
3460
4479
3446
3461
4478
3447
3462
4477
3463
4079
4476
3449
3452
3464
3716
3450
3453
3465
3717
3451
3454
3466
3718
3455
3467
3719
4116
3453
3456
3468
3454
3457
3469
3455
3458
3470
3459
3471
4117
3457
3460
3472
3458
3461
3473
3459
3462
3474
3463
3475
4118
3461
3476
4519
3462
3477
4518
3463
3478
4517
3479
4119
4516
3465
3468
3480
3756
3466
3469
3481
3757
3467
3470
3482
3758
3471
3483
3759
4156
3469
3472
3484
3470
3473
3485
3471
3474
3486
3475
3487
4157
3473
3476
3488
3474
3477
3489
3475
3478
3490
3479
3491
4158
3477
3492
4559
3478
3493
4558
3479
3494
4557
3495
4159
4556
3481
3484
3496
3796
3482
3485
3497
3797
3483
3486
3498
3798
3487
3499
3799
4196
3485
3488
3500
3486
3489
3501
3487
3490
3502
3491
3503
4197
3489
3492
3504
3490
3493
3505
3491
3494
3506
3495
3507
4198
3493
3508
4599
3494
3509
4598
3495
3510
4597
3511
4199
4596
3497
3500
3512
3836
3498
3501
3513
3837
3499
3502
3514
3838
3503
3515
3839
4236
3501
3504
3516
3502
3505
3517
3503
3506
3518
3507
3519
4237
3505
3508
3520
3506
3509
3521
3507
3510
3522
3511
3523
4238
3509
3524
4639
3510
3525
4638
3511
3526
4637
3527
4239
4636
3513
3516
3528
3876
3514
3517
3529
3877
3515
3518
3530
3878
3519
3531
3879
4276
3517
3520
3532
3518
3521
3533
3519
3522
3534
3523
3535
4277
3521
3524
3536
3522
3525
3537
3523
3526
3538
3527
3539
4278
3525
3540
4679
3526
3541
4678
3527
3542
4677
3543
4279
4676
3529
3532
3544
3916
3530
3533
3545
3917
3531
3534
3546
3918
3535
3547
3919
4316
3533
3536
3548
3534
3537
3549
3535
3538
3550
3539
3551
4317
3537
3540
3552
3538
3541
3553
3539
3542
3554
3543
3555
4318
3541
3556
4719
3542
3557
4718
3543
3558
4717
3559
4319
4716
3545
3548
3956
4760
3546
3549
3957
4761
3547
3550
3958
4762
3551
3959
4356
4763
3549
3552
4764
3550
3553
4765
3551
3554
4766
3555
4357
4767
3553
3556
4768
3554
3557
4769
3555
3558
4770
3559
4358
4771
3557
4759
4772
3558
4758
4773
3559
4757
4774
4359
4756
4775
3561
3564
3600
3562
3565
3601
3563
3566
3602
3567
3603
3960
3565
3568
3604
3566
3569
3605
3567
3570
3606
3571
3607
3964
3569
3572
3608
3570
3573
3609
3571
3574
3610
3575
3611
3968
3573
3576
3612
3574
3577
3613
3575
3578
3614
3579
3615
3972
3577
3580
3616
3578
3581
3617
3579
3582
3618
3583
3619
3976
3581
3584
3620
3582
3585
3621
3583
3586
3622
3587
3623
3980
3585
3588
3624
3586
3589
3625
3587
3590
3626
3591
3627
3984
3589
3592
3628
3590
3593
3629
3591
3594
3630
3595
3631
3988
3593
3596
3632
3594
3597
3633
3595
3598
3634
3599
3635
3992
3597
3636
3598
3637
3599
3638
3639
3996
3601
3604
3640
3602
3605
3641
3603
3606
3642
3607
3643
4000
3605
3608
3644
3606
3609
3645
3607
3610
3646
3611
3647
4004
3609
3612
3648
3610
3613
3649
3611
3614
3650
3615
3651
4008
3613
3616
3652
3614
3617
3653
3615
3618
3654
3619
3655
4012
3617
3620
3656
3618
3621
3657
3619
3622
3658
3623
3659
4016
3621
3624
3660
3622
3625
3661
3623
3626
3662
3627
3663
4020
3625
3628
3664
3626
3629
3665
3627
3630
3666
3631
3667
4024
3629
3632
3668
3630
3633
3669
3631
3634
3670
3635
3671
4028
3633
3636
3672
3634
3637
3673
3635
3638
3674
3639
3675
4032
3637
3676
3638
3677
3639
3678
3679
4036
3641
3644
3680
3642
3645
3681
3643
3646
3682
3647
3683
4040
3645
3648
3684
3646
3649
3685
3647
3650
3686
3651
3687
4044
3649
3652
3688
3650
3653
3689
3651
3654
3690
3655
3691
4048
3653
3656
3692
3654
3657
3693
3655
3658
3694
3659
3695
4052
3657
3660
3696
3658
3661
3697
3659
3662
3698
3663
3699
4056
3661
3664
3700
3662
3665
3701
3663
3666
3702
3667
3703
4060
3665
3668
3704
3666
3669
3705
3667
3670
3706
3671
3707
4064
3669
3672
3708
3670
3673
3709
3671
3674
3710
3675
3711
4068
3673
3676
3712
3674
3677
3713
3675
3678
3714
3679
3715
4072
3677
3716
3678
3717
3679
3718
3719
4076
3681
3684
3720
3682
3685
3721
3683
3686
3722
3687
3723
4080
3685
3688
3724
3686
3689
3725
3687
3690
3726
3691
3727
4084
3689
3692
3728
3690
3693
3729
3691
3694
3730
3695
3731
4088
3693
3696
3732
3694
3697
3733
3695
3698
3734
3699
3735
4092
3697
3700
3736
3698
3701
3737
3699
3702
3738
3703
3739
4096
3701
3704
3740
3702
3705
3741
3703
3706
3742
3707
3743
4100
3705
3708
3744
3706
3709
3745
3707
3710
3746
3711
3747
4104
3709
3712
3748
3710
3713
3749
3711
3714
3750
3715
3751
4108
3713
3716
3752
3714
3717
3753
3715
3718
3754
3719
3755
4112
3717
3756
3718
3757
3719
3758
3759
4116
3721
3724
3760
3722
3725
3761
3723
3726
3762
3727
3763
4120
3725
3728
3764
3726
3729
3765
3727
3730
3766
3731
3767
4124
3729
3732
3768
3730
3733
3769
3731
3734
3770
3735
3771
4128
3733
3736
3772
3734
3737
3773
3735
3738
3774
3739
3775
4132
3737
3740
3776
3738
3741
3777
3739
3742
3778
3743
3779
4136
3741
3744
3780
3742
3745
3781
3743
3746
3782
3747
3783
4140
3745
3748
3784
3746
3749
3785
3747
3750
3786
3751
3787
4144
3749
3752
3788
3750
3753
3789
3751
3754
3790
3755
3791
4148
3753
3756
3792
3754
3757
3793
3755
3758
3794
3759
3795
4152
3757
3796
3758
3797
3759
3798
3799
4156
3761
3764
3800
3762
3765
3801
3763
3766
3802
3767
3803
4160
3765
3768
3804
3766
3769
3805
3767
3770
3806
3771
3807
4164
3769
3772
3808
3770
3773
3809
3771
3774
3810
3775
3811
4168
3773
3776
3812
3774
3777
3813
3775
3778
3814
3779
3815
4172
3777
3780
3816
3778
3781
3817
3779
3782
3818
3783
3819
4176
3781
3784
3820
3782
3785
3821
3783
3786
3822
3787
3823
4180
3785
3788
3824
3786
3789
3825
3787
3790
3826
3791
3827
4184
3789
3792
3828
3790
3793
3829
3791
3794
3830
3795
3831
4188
3793
3796
3832
3794
3797
3833
3795
3798
3834
3799
3835
4192
3797
3836
3798
3837
3799
3838
3839
4196
3801
3804
3840
3802
3805
3841
3803
3806
3842
3807
3843
4200
3805
3808
3844
3806
3809
3845
3807
3810
3846
3811
3847
4204
3809
3812
3848
3810
3813
3849
3811
3814
3850
3815
3851
4208
3813
3816
3852
3814
3817
3853
3815
3818
3854
3819
3855
4212
3817
3820
3856
3818
3821
3857
3819
3822
3858
3823
3859
4216
3821
3824
3860
3822
3825
3861
3823
3826
3862
3827
3863
4220
3825
3828
3864
3826
3829
3865
3827
3830
3866
3831
3867
4224
3829
3832
3868
3830
3833
3869
3831
3834
3870
3835
3871
4228
3833
3836
3872
3834
3837
3873
3835
3838
3874
3839
3875
4232
3837
3876
3838
3877
3839
3878
3879
4236
3841
3844
3880
3842
3845
3881
3843
3846
3882
3847
3883
4240
3845
3848
3884
3846
3849
3885
3847
3850
3886
3851
3887
4244
3849
3852
3888
3850
3853
3889
3851
3854
3890
3855
3891
4248
3853
3856
3892
3854
3857
3893
3855
3858
3894
3859
3895
4252
3857
3860
3896
3858
3861
3897
3859
3862
3898
3863
3899
4256
3861
3864
3900
3862
3865
3901
3863
3866
3902
3867
3903
4260
3865
3868
3904
3866
3869
3905
3867
3870
3906
3871
3907
4264
3869
3872
3908
3870
3873
3909
3871
3874
3910
3875
3911
4268
3873
3876
3912
3874
3877
3913
3875
3878
3914
3879
3915
4272
3877
3916
3878
3917
3879
3918
3919
4276
3881
3884
3920
3882
3885
3921
3883
3886
3922
3887
3923
4280
3885
3888
3924
3886
3889
3925
3887
3890
3926
3891
3927
4284
3889
3892
3928
3890
3893
3929
3891
3894
3930
3895
3931
4288
3893
3896
3932
3894
3897
3933
3895
3898
3934
3899
3935
4292
3897
3900
3936
3898
3901
3937
3899
3902
3938
3903
3939
4296
3901
3904
3940
3902
3905
3941
3903
3906
3942
3907
3943
4300
3905
3908
3944
3906
3909
3945
3907
3910
3946
3911
3947
4304
3909
3912
3948
3910
3913
3949
3911
3914
3950
3915
3951
4308
3913
3916
3952
3914
3917
3953
3915
3918
3954
3919
3955
4312
3917
3956
3918
3957
3919
3958
3959
4316
3921
3924
4792
3922
3925
4793
3923
3926
4794
3927
4320
4795
3925
3928
4796
3926
3929
4797
3927
3930
4798
3931
4324
4799
3929
3932
4800
3930
3933
4801
3931
3934
4802
3935
4328
4803
3933
3936
4804
3934
3937
4805
3935
3938
4806
3939
4332
4807
3937
3940
4808
3938
3941
4809
3939
3942
4810
3943
4336
4811
3941
3944
4812
3942
3945
4813
3943
3946
4814
3947
4340
4815
3945
3948
4816
3946
3949
4817
3947
3950
4818
3951
4344
4819
3949
3952
4820
3950
3953
4821
3951
3954
4822
3955
4348
4823
3953
3956
4824
3954
3957
4825
3955
3958
4826
3959
4352
4827
3957
4828
3958
4829
3959
4830
4356
4831
3961
3964
4000
3962
3965
4001
3963
3966
4002
3967
4003
4360
3965
3968
4004
3966
3969
4005
3967
3970
4006
3971
4007
4364
3969
3972
4008
3970
3973
4009
3971
3974
4010
3975
4011
4368
3973
3976
4012
3974
3977
4013
3975
3978
4014
3979
4015
4372
3977
3980
4016
3978
3981
4017
3979
3982
4018
3983
4019
4376
3981
3984
4020
3982
3985
4021
3983
3986
4022
3987
4023
4380
3985
3988
4024
3986
3989
4025
3987
3990
4026
3991
4027
4384
3989
3992
4028
3990
3993
4029
3991
3994
4030
3995
4031
4388
3993
3996
4032
3994
3997
4033
3995
3998
4034
3999
4035
4392
3997
4036
3998
4037
3999
4038
4039
4396
4001
4004
4040
4002
4005
4041
4003
4006
4042
4007
4043
4400
4005
4008
4044
4006
4009
4045
4007
4010
4046
4011
4047
4404
4009
4012
4048
4010
4013
4049
4011
4014
4050
4015
4051
4408
4013
4016
4052
4014
4017
4053
4015
4018
4054
4019
4055
4412
4017
4020
4056
4018
4021
4057
4019
4022
4058
4023
4059
4416
4021
4024
4060
4022
4025
4061
4023
4026
4062
4027
4063
4420
4025
4028
4064
4026
4029
4065
4027
4030
4066
4031
4067
4424
4029
4032
4068
4030
4033
4069
4031
4034
4070
4035
4071
4428
4033
4036
4072
4034
4037
4073
4035
4038
4074
4039
4075
4432
4037
4076
4038
4077
4039
4078
4079
4436
4041
4044
4080
4042
4045
4081
4043
4046
4082
4047
4083
4440
4045
4048
4084
4046
4049
4085
4047
4050
4086
4051
4087
4444
4049
4052
4088
4050
4053
4089
4051
4054
4090
4055
4091
4448
4053
4056
4092
4054
4057
4093
4055
4058
4094
4059
4095
4452
4057
4060
4096
4058
4061
4097
4059
4062
4098
4063
4099
4456
4061
4064
4100
4062
4065
4101
4063
4066
4102
4067
4103
4460
4065
4068
4104
4066
4069
4105
4067
4070
4106
4071
4107
4464
4069
4072
4108
4070
4073
4109
4071
4074
4110
4075
4111
4468
4073
4076
4112
4074
4077
4113
4075
4078
4114
4079
4115
4472
4077
4116
4078
4117
4079
4118
4119
4476
4081
4084
4120
4082
4085
4121
4083
4086
4122
4087
4123
4480
4085
4088
4124
4086
4089
4125
4087
4090
4126
4091
4127
4484
4089
4092
4128
4090
4093
4129
4091
4094
4130
4095
4131
4488
4093
4096
4132
4094
4097
4133
4095
4098
4134
4099
4135
4492
4097
4100
4136
4098
4101
4137
4099
4102
4138
4103
4139
4496
4101
4104
4140
4102
4105
4141
4103
4106
4142
4107
4143
4500
4105
4108
4144
4106
4109
4145
4107
4110
4146
4111
4147
4504
4109
4112
4148
4110
4113
4149
4111
4114
4150
4115
4151
4508
4113
4116
4152
4114
4117
4153
4115
4118
4154
4119
4155
4512
4117
4156
4118
4157
4119
4158
4159
4516
4121
4124
4160
4122
4125
4161
4123
4126
4162
4127
4163
4520
4125
4128
4164
4126
4129
4165
4127
4130
4166
4131
4167
4524
4129
4132
4168
4130
4133
4169
4131
4134
4170
4135
4171
4528
4133
4136
4172
4134
4137
4173
4135
4138
4174
4139
4175
4532
4137
4140
4176
4138
4141
4177
4139
4142
4178
4143
4179
4536
4141
4144
4180
4142
4145
4181
4143
4146
4182
4147
4183
4540
4145
4148
4184
4146
4149
4185
4147
4150
4186
4151
4187
4544
4149
4152
4188
4150
4153
4189
4151
4154
4190
4155
4191
4548
4153
4156
4192
4154
4157
4193
4155
4158
4194
4159
4195
4552
4157
4196
4158
4197
4159
4198
4199
4556
4161
4164
4200
4162
4165
4201
4163
4166
4202
4167
4203
4560
4165
4168
4204
4166
4169
4205
4167
4170
4206
4171
4207
4564
4169
4172
4208
4170
4173
4209
4171
4174
4210
4175
4211
4568
4173
4176
4212
4174
4177
4213
4175
4178
4214
4179
4215
4572
4177
4180
4216
4178
4181
4217
4179
4182
4218
4183
4219
4576
4181
4184
4220
4182
4185
4221
4183
4186
4222
4187
4223
4580
4185
4188
4224
4186
4189
4225
4187
4190
4226
4191
4227
4584
4189
4192
4228
4190
4193
4229
4191
4194
4230
4195
4231
4588
4193
4196
4232
4194
4197
4233
4195
4198
4234
4199
4235
4592
4197
4236
4198
4237
4199
4238
4239
4596
4201
4204
4240
4202
4205
4241
4203
4206
4242
4207
4243
4600
4205
4208
4244
4206
4209
4245
4207
4210
4246
4211
4247
4604
4209
4212
4248
4210
4213
4249
4211
4214
4250
4215
4251
4608
4213
4216
4252
4214
4217
4253
4215
4218
4254
4219
4255
4612
4217
4220
4256
4218
4221
4257
4219
4222
4258
4223
4259
4616
4221
4224
4260
4222
4225
4261
4223
4226
4262
4227
4263
4620
4225
4228
4264
4226
4229
4265
4227
4230
4266
4231
4267
4624
4229
4232
4268
4230
4233
4269
4231
4234
4270
4235
4271
4628
4233
4236
4272
4234
4237
4273
4235
4238
4274
4239
4275
4632
4237
4276
4238
4277
4239
4278
4279
4636
4241
4244
4280
4242
4245
4281
4243
4246
4282
4247
4283
4640
4245
4248
4284
4246
4249
4285
4247
4250
4286
4251
4287
4644
4249
4252
4288
4250
4253
4289
4251
4254
4290
4255
4291
4648
4253
4256
4292
4254
4257
4293
4255
4258
4294
4259
4295
4652
4257
4260
4296
4258
4261
4297
4259
4262
4298
4263
4299
4656
4261
4264
4300
4262
4265
4301
4263
4266
4302
4267
4303
4660
4265
4268
4304
4266
4269
4305
4267
4270
4306
4271
4307
4664
4269
4272
4308
4270
4273
4309
4271
4274
4310
4275
4311
4668
4273
4276
4312
4274
4277
4313
4275
4278
4314
4279
4315
4672
4277
4316
4278
4317
4279
4318
4319
4676
4281
4284
4320
4282
4285
4321
4283
4286
4322
4287
4323
4680
4285
4288
4324
4286
4289
4325
4287
4290
4326
4291
4327
4684
4289
4292
4328
4290
4293
4329
4291
4294
4330
4295
4331
4688
4293
4296
4332
4294
4297
4333
4295
4298
4334
4299
4335
4692
4297
4300
4336
4298
4301
4337
4299
4302
4338
4303
4339
4696
4301
4304
4340
4302
4305
4341
4303
4306
4342
4307
4343
4700
4305
4308
4344
4306
4309
4345
4307
4310
4346
4311
4347
4704
4309
4312
4348
4310
4313
4349
4311
4314
4350
4315
4351
4708
4313
4316
4352
4314
4317
4353
4315
4318
4354
4319
4355
4712
4317
4356
4318
4357
4319
4358
4359
4716
4321
4324
4872
4322
4325
4873
4323
4326
4874
4327
4720
4875
4325
4328
4876
4326
4329
4877
4327
4330
4878
4331
4724
4879
4329
4332
4880
4330
4333
4881
4331
4334
4882
4335
4728
4883
4333
4336
4884
4334
4337
4885
4335
4338
4886
4339
4732
4887
4337
4340
4888
4338
4341
4889
4339
4342
4890
4343
4736
4891
4341
4344
4892
4342
4345
4893
4343
4346
4894
4347
4740
4895
4345
4348
4896
4346
4349
4897
4347
4350
4898
4351
4744
4899
4349
4352
4900
4350
4353
4901
4351
4354
4902
4355
4748
4903
4353
4356
4904
4354
4357
4905
4355
4358
4906
4359
4752
4907
4357
4908
4358
4909
4359
4910
4756
4911
4361
4364
4400
4362
4365
4401
4363
4366
4402
4367
4403
4365
4368
4404
4366
4369
4405
4367
4370
4406
4371
4407
4369
4372
4408
4370
4373
4409
4371
4374
4410
4375
4411
4373
4376
4412
4374
4377
4413
4375
4378
4414
4379
4415
4377
4380
4416
4378
4381
4417
4379
4382
4418
4383
4419
4381
4384
4420
4382
4385
4421
4383
4386
4422
4387
4423
4385
4388
4424
4386
4389
4425
4387
4390
4426
4391
4427
4389
4392
4428
4390
4393
4429
4391
4394
4430
4395
4431
4393
4396
4432
4394
4397
4433
4395
4398
4434
4399
4435
4397
4436
4398
4437
4399
4438
4439
4401
4404
4440
4402
4405
4441
4403
4406
4442
4407
4443
4405
4408
4444
4406
4409
4445
4407
4410
4446
4411
4447
4409
4412
4448
4410
4413
4449
4411
4414
4450
4415
4451
4413
4416
4452
4414
4417
4453
4415
4418
4454
4419
4455
4417
4420
4456
4418
4421
4457
4419
4422
4458
4423
4459
4421
4424
4460
4422
4425
4461
4423
4426
4462
4427
4463
4425
4428
4464
4426
4429
4465
4427
4430
4466
4431
4467
4429
4432
4468
4430
4433
4469
4431
4434
4470
4435
4471
4433
4436
4472
4434
4437
4473
4435
4438
4474
4439
4475
4437
4476
4438
4477
4439
4478
4479
4441
4444
4480
4442
4445
4481
4443
4446
4482
4447
4483
4445
4448
4484
4446
4449
4485
4447
4450
4486
4451
4487
4449
4452
4488
4450
4453
4489
4451
4454
4490
4455
4491
4453
4456
4492
4454
4457
4493
4455
4458
4494
4459
4495
4457
4460
4496
4458
4461
4497
4459
4462
4498
4463
4499
4461
4464
4500
4462
4465
4501
4463
4466
4502
4467
4503
4465
4468
4504
4466
4469
4505
4467
4470
4506
4471
4507
4469
4472
4508
4470
4473
4509
4471
4474
4510
4475
4511
4473
4476
4512
4474
4477
4513
4475
4478
4514
4479
4515
4477
4516
4478
4517
4479
4518
4519
4481
4484
4520
4482
4485
4521
4483
4486
4522
4487
4523
4485
4488
4524
4486
4489
4525
4487
4490
4526
4491
4527
4489
4492
4528
4490
4493
4529
4491
4494
4530
4495
4531
4493
4496
4532
4494
4497
4533
4495
4498
4534
4499
4535
4497
4500
4536
4498
4501
4537
4499
4502
4538
4503
4539
4501
4504
4540
4502
4505
4541
4503
4506
4542
4507
4543
4505
4508
4544
4506
4509
4545
4507
4510
4546
4511
4547
4509
4512
4548
4510
4513
4549
4511
4514
4550
4515
4551
4513
4516
4552
4514
4517
4553
4515
4518
4554
4519
4555
4517
4556
4518
4557
4519
4558
4559
4521
4524
4560
4522
4525
4561
4523
4526
4562
4527
4563
4525
4528
4564
4526
4529
4565
4527
4530
4566
4531
4567
4529
4532
4568
4530
4533
4569
4531
4534
4570
4535
4571
4533
4536
4572
4534
4537
4573
4535
4538
4574
4539
4575
4537
4540
4576
4538
4541
4577
4539
4542
4578
4543
4579
4541
4544
4580
4542
4545
4581
4543
4546
4582
4547
4583
4545
4548
4584
4546
4549
4585
4547
4550
4586
4551
4587
4549
4552
4588
4550
4553
4589
4551
4554
4590
4555
4591
4553
4556
4592
4554
4557
4593
4555
4558
4594
4559
4595
4557
4596
4558
4597
4559
4598
4599
4561
4564
4600
4562
4565
4601
4563
4566
4602
4567
4603
4565
4568
4604
4566
4569
4605
4567
4570
4606
4571
4607
4569
4572
4608
4570
4573
4609
4571
4574
4610
4575
4611
4573
4576
4612
4574
4577
4613
4575
4578
4614
4579
4615
4577
4580
4616
4578
4581
4617
4579
4582
4618
4583
4619
4581
4584
4620
4582
4585
4621
4583
4586
4622
4587
4623
4585
4588
4624
4586
4589
4625
4587
4590
4626
4591
4627
4589
4592
4628
4590
4593
4629
4591
4594
4630
4595
4631
4593
4596
4632
4594
4597
4633
4595
4598
4634
4599
4635
4597
4636
4598
4637
4599
4638
4639
4601
4604
4640
4602
4605
4641
4603
4606
4642
4607
4643
4605
4608
4644
4606
4609
4645
4607
4610
4646
4611
4647
4609
4612
4648
4610
4613
4649
4611
4614
4650
4615
4651
4613
4616
4652
4614
4617
4653
4615
4618
4654
4619
4655
4617
4620
4656
4618
4621
4657
4619
4622
4658
4623
4659
4621
4624
4660
4622
4625
4661
4623
4626
4662
4627
4663
4625
4628
4664
4626
4629
4665
4627
4630
4666
4631
4667
4629
4632
4668
4630
4633
4669
4631
4634
4670
4635
4671
4633
4636
4672
4634
4637
4673
4635
4638
4674
4639
4675
4637
4676
4638
4677
4639
4678
4679
4641
4644
4680
4642
4645
4681
4643
4646
4682
4647
4683
4645
4648
4684
4646
4649
4685
4647
4650
4686
4651
4687
4649
4652
4688
4650
4653
4689
4651
4654
4690
4655
4691
4653
4656
4692
4654
4657
4693
4655
4658
4694
4659
4695
4657
4660
4696
4658
4661
4697
4659
4662
4698
4663
4699
4661
4664
4700
4662
4665
4701
4663
4666
4702
4667
4703
4665
4668
4704
4666
4669
4705
4667
4670
4706
4671
4707
4669
4672
4708
4670
4673
4709
4671
4674
4710
4675
4711
4673
4676
4712
4674
4677
4713
4675
4678
4714
4679
4715
4677
4716
4678
4717
4679
4718
4719
4681
4684
4720
4682
4685
4721
4683
4686
4722
4687
4723
4685
4688
4724
4686
4689
4725
4687
4690
4726
4691
4727
4689
4692
4728
4690
4693
4729
4691
4694
4730
4695
4731
4693
4696
4732
4694
4697
4733
4695
4698
4734
4699
4735
4697
4700
4736
4698
4701
4737
4699
4702
4738
4703
4739
4701
4704
4740
4702
4705
4741
4703
4706
4742
4707
4743
4705
4708
4744
4706
4709
4745
4707
4710
4746
4711
4747
4709
4712
4748
4710
4713
4749
4711
4714
4750
4715
4751
4713
4716
4752
4714
4717
4753
4715
4718
4754
4719
4755
4717
4756
4718
4757
4719
4758
4759
4721
4724
4952
4722
4725
4953
4723
4726
4954
4727
4955
4725
4728
4956
4726
4729
4957
4727
4730
4958
4731
4959
4729
4732
4960
4730
4733
4961
4731
4734
4962
4735
4963
4733
4736
4964
4734
4737
4965
4735
4738
4966
4739
4967
4737
4740
4968
4738
4741
4969
4739
4742
4970
4743
4971
4741
4744
4972
4742
4745
4973
4743
4746
4974
4747
4975
4745
4748
4976
4746
4749
4977
4747
4750
4978
4751
4979
4749
4752
4980
4750
4753
4981
4751
4754
4982
4755
4983
4753
4756
4984
4754
4757
4985
4755
4758
4986
4759
4987
4757
4988
4758
4989
4759
4990
4991
4761
4764
4776
4828
4762
4765
4777
4829
4763
4766
4778
4830
4767
4779
4831
4908
4765
4768
4780
4766
4769
4781
4767
4770
4782
4771
4783
4909
4769
4772
4784
4770
4773
4785
4771
4774
4786
4775
4787
4910
4773
4788
4991
4774
4789
4990
4775
4790
4989
4791
4911
4988
4777
4780
4868
5032
4778
4781
4869
5033
4779
4782
4870
5034
4783
4871
4948
5035
4781
4784
5036
4782
4785
5037
4783
4786
5038
4787
4949
5039
4785
4788
5040
4786
4789
5041
4787
4790
5042
4791
4950
5043
4789
5031
5044
4790
5030
5045
4791
5029
5046
4951
5028
5047
4793
4796
4832
4794
4797
4833
4795
4798
4834
4799
4835
4872
4797
4800
4836
4798
4801
4837
4799
4802
4838
4803
4839
4876
4801
4804
4840
4802
4805
4841
4803
4806
4842
4807
4843
4880
4805
4808
4844
4806
4809
4845
4807
4810
4846
4811
4847
4884
4809
4812
4848
4810
4813
4849
4811
4814
4850
4815
4851
4888
4813
4816
4852
4814
4817
4853
4815
4818
4854
4819
4855
4892
4817
4820
4856
4818
4821
4857
4819
4822
4858
4823
4859
4896
4821
4824
4860
4822
4825
4861
4823
4826
4862
4827
4863
4900
4825
4828
4864
4826
4829
4865
4827
4830
4866
4831
4867
4904
4829
4868
4830
4869
4831
4870
4871
4908
4833
4836
5048
4834
4837
5049
4835
4838
5050
4839
4912
5051
4837
4840
5052
4838
4841
5053
4839
4842
5054
4843
4916
5055
4841
4844
5056
4842
4845
5057
4843
4846
5058
4847
4920
5059
4845
4848
5060
4846
4849
5061
4847
4850
5062
4851
4924
5063
4849
4852
5064
4850
4853
5065
4851
4854
5066
4855
4928
5067
4853
4856
5068
4854
4857
5069
4855
4858
5070
4859
4932
5071
4857
4860
5072
4858
4861
5073
4859
4862
5074
4863
4936
5075
4861
4864
5076
4862
4865
5077
4863
4866
5078
4867
4940
5079
4865
4868
5080
4866
4869
5081
4867
4870
5082
4871
4944
5083
4869
5084
4870
5085
4871
5086
4948
5087
4873
4876
4912
4874
4877
4913
4875
4878
4914
4879
4915
4952
4877
4880
4916
4878
4881
4917
4879
4882
4918
4883
4919
4956
4881
4884
4920
4882
4885
4921
4883
4886
4922
4887
4923
4960
4885
4888
4924
4886
4889
4925
4887
4890
4926
4891
4927
4964
4889
4892
4928
4890
4893
4929
4891
4894
4930
4895
4931
4968
4893
4896
4932
4894
4897
4933
4895
4898
4934
4899
4935
4972
4897
4900
4936
4898
4901
4937
4899
4902
4938
4903
4939
4976
4901
4904
4940
4902
4905
4941
4903
4906
4942
4907
4943
4980
4905
4908
4944
4906
4909
4945
4907
4910
4946
4911
4947
4984
4909
4948
4910
4949
4911
4950
4951
4988
4913
4916
5088
4914
4917
5089
4915
4918
5090
4919
4992
5091
4917
4920
5092
4918
4921
5093
4919
4922
5094
4923
4996
5095
4921
4924
5096
4922
4925
5097
4923
4926
5098
4927
5000
5099
4925
4928
5100
4926
4929
5101
4927
4930
5102
4931
5004
5103
4929
4932
5104
4930
4933
5105
4931
4934
5106
4935
5008
5107
4933
4936
5108
4934
4937
5109
4935
4938
5110
4939
5012
5111
4937
4940
5112
4938
4941
5113
4939
4942
5114
4943
5016
5115
4941
4944
5116
4942
4945
5117
4943
4946
5118
4947
5020
5119
4945
4948
5120
4946
4949
5121
4947
4950
5122
4951
5024
5123
4949
5124
4950
5125
4951
5126
5028
5127
4953
4956
4992
4954
4957
4993
4955
4958
4994
4959
4995
4957
4960
4996
4958
4961
4997
4959
4962
4998
4963
4999
4961
4964
5000
4962
4965
5001
4963
4966
5002
4967
5003
4965
4968
5004
4966
4969
5005
4967
4970
5006
4971
5007
4969
4972
5008
4970
4973
5009
4971
4974
5010
4975
5011
4973
4976
5012
4974
4977
5013
4975
4978
5014
4979
5015
4977
4980
5016
4978
4981
5017
4979
4982
5018
4983
5019
4981
4984
5020
4982
4985
5021
4983
4986
5022
4987
5023
4985
4988
5024
4986
4989
5025
4987
4990
5026
4991
5027
4989
5028
4990
5029
4991
5030
5031
4993
4996
5128
4994
4997
5129
4995
4998
5130
4999
5131
4997
5000
5132
4998
5001
5133
4999
5002
5134
5003
5135
5001
5004
5136
5002
5005
5137
5003
5006
5138
5007
5139
5005
5008
5140
5006
5009
5141
5007
5010
5142
5011
5143
5009
5012
5144
5010
5013
5145
5011
5014
5146
5015
5147
5013
5016
5148
5014
5017
5149
5015
5018
5150
5019
5151
5017
5020
5152
5018
5021
5153
5019
5022
5154
5023
5155
5021
5024
5156
5022
5025
5157
5023
5026
5158
5027
5159
5025
5028
5160
5026
5029
5161
5027
5030
5162
5031
5163
5029
5164
5030
5165
5031
5166
5167
5033
5036
5084
5168
5034
5037
5085
5169
5035
5038
5086
5170
5039
5087
5124
5171
5037
5040
5172
5038
5041
5173
5039
5042
5174
5043
5125
5175
5041
5044
5176
5042
5045
5177
5043
5046
5178
5047
5126
5179
5045
5167
5180
5046
5166
5181
5047
5165
5182
5127
5164
5183
5049
5052
5184
5050
5053
5185
5051
5054
5186
5055
5088
5187
5053
5056
5188
5054
5057
5189
5055
5058
5190
5059
5092
5191
5057
5060
5192
5058
5061
5193
5059
5062
5194
5063
5096
5195
5061
5064
5196
5062
5065
5197
5063
5066
5198
5067
5100
5199
5065
5068
5200
5066
5069
5201
5067
5070
5202
5071
5104
5203
5069
5072
5204
5070
5073
5205
5071
5074
5206
5075
5108
5207
5073
5076
5208
5074
5077
5209
5075
5078
5210
5079
5112
5211
5077
5080
5212
5078
5081
5213
5079
5082
5214
5083
5116
5215
5081
5084
5216
5082
5085
5217
5083
5086
5218
5087
5120
5219
5085
5220
5086
5221
5087
5222
5124
5223
5089
5092
5224
5090
5093
5225
5091
5094
5226
5095
5128
5227
5093
5096
5228
5094
5097
5229
5095
5098
5230
5099
5132
5231
5097
5100
5232
5098
5101
5233
5099
5102
5234
5103
5136
5235
5101
5104
5236
5102
5105
5237
5103
5106
5238
5107
5140
5239
5105
5108
5240
5106
5109
5241
5107
5110
5242
5111
5144
5243
5109
5112
5244
5110
5113
5245
5111
5114
5246
5115
5148
5247
5113
5116
5248
5114
5117
5249
5115
5118
5250
5119
5152
5251
5117
5120
5252
5118
5121
5253
5119
5122
5254
5123
5156
5255
5121
5124
5256
5122
5125
5257
5123
5126
5258
5127
5160
5259
5125
5260
5126
5261
5127
5262
5164
5263
5129
5132
5264
5130
5133
5265
5131
5134
5266
5135
5267
5133
5136
5268
5134
5137
5269
5135
5138
5270
5139
5271
5137
5140
5272
5138
5141
5273
5139
5142
5274
5143
5275
5141
5144
5276
5142
5145
5277
5143
5146
5278
5147
5279
5145
5148
5280
5146
5149
5281
5147
5150
5282
5151
5283
5149
5152
5284
5150
5153
5285
5151
5154
5286
5155
5287
5153
5156
5288
5154
5157
5289
5155
5158
5290
5159
5291
5157
5160
5292
5158
5161
5293
5159
5162
5294
5163
5295
5161
5164
5296
5162
5165
5297
5163
5166
5298
5167
5299
5165
5300
5166
5301
5167
5302
5303
5169
5172
5220
5170
5173
5221
5171
5174
5222
5175
5223
5260
5173
5176
5174
5177
5175
5178
5179
5261
5177
5180
5178
5181
5179
5182
5183
5262
5181
5303
5182
5302
5183
5301
5263
5300
5185
5188
5186
5189
5187
5190
5191
5224
5189
5192
5190
5193
5191
5194
5195
5228
5193
5196
5194
5197
5195
5198
5199
5232
5197
5200
5198
5201
5199
5202
5203
5236
5201
5204
5202
5205
5203
5206
5207
5240
5205
5208
5206
5209
5207
5210
5211
5244
5209
5212
5210
5213
5211
5214
5215
5248
5213
5216
5214
5217
5215
5218
5219
5252
5217
5220
5218
5221
5219
5222
5223
5256
5221
5222
5223
5260
5225
5228
5226
5229
5227
5230
5231
5264
5229
5232
5230
5233
5231
5234
5235
5268
5233
5236
5234
5237
5235
5238
5239
5272
5237
5240
5238
5241
5239
5242
5243
5276
5241
5244
5242
5245
5243
5246
5247
5280
5245
5248
5246
5249
5247
5250
5251
5284
5249
5252
5250
5253
5251
5254
5255
5288
5253
5256
5254
5257
5255
5258
5259
5292
5257
5260
5258
5261
5259
5262
5263
5296
5261
5262
5263
5300
5265
5268
5266
5269
5267
5270
5271
5269
5272
5270
5273
5271
5274
5275
5273
5276
5274
5277
5275
5278
5279
5277
5280
5278
5281
5279
5282
5283
5281
5284
5282
5285
5283
5286
5287
5285
5288
5286
5289
5287
5290
5291
5289
5292
5290
5293
5291
5294
5295
5293
5296
5294
5297
5295
5298
5299
5297
5300
5298
5301
5299
5302
5303
5301
5302
5303
)


                                                                               
