FoamFile
{
    version     2.0;
    format      ascii;
    class       volScalarField;
    location    "0";
    object      p;
}

dimensions [1 -1 -2 0 0 0 0];
internalField nonuniform List<scalar>
200
(
1
1
1
1
1
1
1
1
1
1
1
1
1
1
1
1
1
1
1
1
1
1
1
1
1
1
1
1
1
1
1
1
1
1
1
1
1
1
1
1
1
1
1
1
1
1
1
1
1
1
1
1
1
1
1
1
1
1
1
1
1
1
1
1
1
1
1
1
1
1
1
1
1
1
1
1
1
1
1
1
1
1
1
1
1
1
1
1
1
1
1
1
1
1
1
1
1
1
1
1
0.10000000000000001
0.10000000000000001
0.10000000000000001
0.10000000000000001
0.10000000000000001
0.10000000000000001
0.10000000000000001
0.10000000000000001
0.10000000000000001
0.10000000000000001
0.10000000000000001
0.10000000000000001
0.10000000000000001
0.10000000000000001
0.10000000000000001
0.10000000000000001
0.10000000000000001
0.10000000000000001
0.10000000000000001
0.10000000000000001
0.10000000000000001
0.10000000000000001
0.10000000000000001
0.10000000000000001
0.10000000000000001
0.10000000000000001
0.10000000000000001
0.10000000000000001
0.10000000000000001
0.10000000000000001
0.10000000000000001
0.10000000000000001
0.10000000000000001
0.10000000000000001
0.10000000000000001
0.10000000000000001
0.10000000000000001
0.10000000000000001
0.10000000000000001
0.10000000000000001
0.10000000000000001
0.10000000000000001
0.10000000000000001
0.10000000000000001
0.10000000000000001
0.10000000000000001
0.10000000000000001
0.10000000000000001
0.10000000000000001
0.10000000000000001
0.10000000000000001
0.10000000000000001
0.10000000000000001
0.10000000000000001
0.10000000000000001
0.10000000000000001
0.10000000000000001
0.10000000000000001
0.10000000000000001
0.10000000000000001
0.10000000000000001
0.10000000000000001
0.10000000000000001
0.10000000000000001
0.10000000000000001
0.10000000000000001
0.10000000000000001
0.10000000000000001
0.10000000000000001
0.10000000000000001
0.10000000000000001
0.10000000000000001
0.10000000000000001
0.10000000000000001
0.10000000000000001
0.10000000000000001
0.10000000000000001
0.10000000000000001
0.10000000000000001
0.10000000000000001
0.10000000000000001
0.10000000000000001
0.10000000000000001
0.10000000000000001
0.10000000000000001
0.10000000000000001
0.10000000000000001
0.10000000000000001
0.10000000000000001
0.10000000000000001
0.10000000000000001
0.10000000000000001
0.10000000000000001
0.10000000000000001
0.10000000000000001
0.10000000000000001
0.10000000000000001
0.10000000000000001
0.10000000000000001
0.10000000000000001
)
;

boundaryField
{
    left
    {
        type zeroGradient;
    }
    right
    {
        type zeroGradient;
    }
    sides
    {
        type empty;
    }
}
