FoamFile
{
    version     2.0;
    format      ascii;
    class       volScalarField;
    location    "0";
    object      Tp;
}

dimensions [0 0 0 1 0 0 0];
internalField nonuniform List<scalar>
200
(
1
1
1
1
1
1
1
1
1
1
1
1
1
1
1
1
1
1
1
1
1
1
1
1
1
1
1
1
1
1
1
1
1
1
1
1
1
1
1
1
1
1
1
1
1
1
1
1
1
1
1
1
1
1
1
1
1
1
1
1
1
1
1
1
1
1
1
1
1
1
1
1
1
1
1
1
1
1
1
1
1
1
1
1
1
1
1
1
1
1
1
1
1
1
1
1
1
1
1
1
0.80000000000000004
0.80000000000000004
0.80000000000000004
0.80000000000000004
0.80000000000000004
0.80000000000000004
0.80000000000000004
0.80000000000000004
0.80000000000000004
0.80000000000000004
0.80000000000000004
0.80000000000000004
0.80000000000000004
0.80000000000000004
0.80000000000000004
0.80000000000000004
0.80000000000000004
0.80000000000000004
0.80000000000000004
0.80000000000000004
0.80000000000000004
0.80000000000000004
0.80000000000000004
0.80000000000000004
0.80000000000000004
0.80000000000000004
0.80000000000000004
0.80000000000000004
0.80000000000000004
0.80000000000000004
0.80000000000000004
0.80000000000000004
0.80000000000000004
0.80000000000000004
0.80000000000000004
0.80000000000000004
0.80000000000000004
0.80000000000000004
0.80000000000000004
0.80000000000000004
0.80000000000000004
0.80000000000000004
0.80000000000000004
0.80000000000000004
0.80000000000000004
0.80000000000000004
0.80000000000000004
0.80000000000000004
0.80000000000000004
0.80000000000000004
0.80000000000000004
0.80000000000000004
0.80000000000000004
0.80000000000000004
0.80000000000000004
0.80000000000000004
0.80000000000000004
0.80000000000000004
0.80000000000000004
0.80000000000000004
0.80000000000000004
0.80000000000000004
0.80000000000000004
0.80000000000000004
0.80000000000000004
0.80000000000000004
0.80000000000000004
0.80000000000000004
0.80000000000000004
0.80000000000000004
0.80000000000000004
0.80000000000000004
0.80000000000000004
0.80000000000000004
0.80000000000000004
0.80000000000000004
0.80000000000000004
0.80000000000000004
0.80000000000000004
0.80000000000000004
0.80000000000000004
0.80000000000000004
0.80000000000000004
0.80000000000000004
0.80000000000000004
0.80000000000000004
0.80000000000000004
0.80000000000000004
0.80000000000000004
0.80000000000000004
0.80000000000000004
0.80000000000000004
0.80000000000000004
0.80000000000000004
0.80000000000000004
0.80000000000000004
0.80000000000000004
0.80000000000000004
0.80000000000000004
0.80000000000000004
)
;

boundaryField
{
    left
    {
        type zeroGradient;
    }
    right
    {
        type zeroGradient;
    }
    sides
    {
        type empty;
    }
}
