# Probe 0 (0.15194510296300001 0.0218 0)
# Probe 1 (0.15194510296300001 0.041799999999999997 0)
# Time                   0                        1                       
1                        391.44403884065395       300.68099153354842      
1.0999999999999162       391.44403884065395       300.68099153354842      
1.2000000000000006       417.80098080735542       304.25341961006211      
1.2999999999999821       439.40447736030239       307.22946648591676      
1.4000000000000004       458.33850098282659       309.86632050841217      
1.5000000000000044       475.70943623036715       312.35068942831873      
1.599999999999989        492.0902370422076        314.7931914915157       
1.7000000000000202       507.75688069929367       317.25269378910025      
1.8000000000000318       522.8738928405761        319.7567091832031       
1.9000000000000541       537.53726729719051       322.31500480329737      
1.9999999999999818       551.81478279726912       324.92781585138255      
2.0999999999998722       565.7695767605112        327.5909764617366       
2.1999999999999527       579.43657563926513       330.29841368979527      
2.299999999999911        592.85575315797075       333.04357946900046      
2.4000000000000337       606.04288546108228       335.82059596595394      
2.4999999999999756       619.02062611217082       338.62407773478935      
2.6000000000000267       631.80011164132338       341.44910428209556      
2.7000000000000068       644.38300850808162       344.29200437117345      
2.8000000000000469       656.79160386355466       347.14974259003304      
2.8999999999999422       669.0369118633397        350.01939760024601      
3.0000000000001066       681.11929220459865       352.89817366097162      
3.0999999999999646       693.04257078502451       355.78471654700007      
3.1999999999998558       704.82849843140264       358.67808562086975      
3.3000000000000203       716.47790299470705       361.57665078386725      
3.4000000000000004       727.98633671683456       364.47861647408502      
3.4999999999999858       739.35184988766321       367.38252133101378      
3.5999999999998451       750.583572560579         370.289059198487        
3.6999999999999749       761.68238418787325       373.1987744553108       
3.7999999999999372       772.64352716325993       376.11018000304591      
3.8999999999999955       783.46939597828373       379.02155138002183      
4.0000000000000826       794.16215989387274       381.93155298813713      
4.1000000000001595       804.72495840510976       384.84000705962603      
4.2000000000000366       815.16279448626665       387.74849730749111      
4.2999999999998906       825.46966455513632       390.6566829020777       
4.3999999999999311       835.65831881586951       393.56279743570065      
