                                                                               
                                                                               
                                                                               
                                                                               
                                                                               
                                                                               
                                                                               
FoamFile
{
    version     2.0;
    format      ascii;
    class       dictionary;
    object      blockMeshDict;
}
                                                                               

convertToMeters 0.001;

vertices
(
            
    (0.0000 -31.8195 0.0000)
    (31.8195 -31.8195 0.0000)
    (31.8195 31.8195 0.0000)
    (0.0000 31.8195 0.0000)
    (0.0000 -90.0000 0.0000)
    (63.6390 -63.6390 0.0000)
    (63.6390 63.6390 0.0000)
    (0.0000 90.0000 0.0000)
             
    (0.0000 -31.8195 50.0000)
    (31.8195 -31.8195 50.0000)
    (31.8195 31.8195 50.0000)
    (0.0000 31.8195 50.0000)
    (0.0000 -90.0000 50.0000)
    (63.6390 -63.6390 50.0000)
    (63.6390 63.6390 50.0000)
    (0.0000 90.0000 50.0000)
                
    (0.0000 -10.6065 240.0000)
    (10.6065 -10.6065 240.0000)
    (10.6065 10.6065 240.0000)
    (0.0000 10.6065 240.0000)
    (0.0000 -30.0000 240.0000)
    (21.2130 -21.2130 240.0000)
    (21.2130 21.2130 240.0000)
    (0.0000 30.0000 240.0000)
              
    (0.0000 -10.6065 300.0000)
    (10.6065 -10.6065 300.0000)
    (10.6065 10.6065 300.0000)
    (0.0000 10.6065 300.0000)
    (0.0000 -30.0000 300.0000)
    (21.2130 -21.2130 300.0000)
    (21.2130 21.2130 300.0000)
    (0.0000 30.0000 300.0000)
              
    (0.0000 -21.0000 330.0000)
    (21.0000 -21.0000 330.0000)
    (21.0000 21.0000 330.0000)
    (0.0000 21.0000 330.0000)
    (0.0000 -42.0000 330.0000)
    (42.0000 -42.0000 330.0000)
    (42.0000 42.0000 330.0000)
    (0.0000 42.0000 330.0000)
             
    (0.0000 -21.0000 391.3015)
    (21.0000 -21.0000 391.3015)
    (21.0000 21.0000 373.9045)
    (0.0000 21.0000 373.9045)
    (0.0000 -42.0000 400.0000)
    (42.0000 -42.0000 400.0000)
    (42.0000 42.0000 365.2061)
    (0.0000 42.0000 365.2061)
               
    (0.0000 133.6432 545.9447)
    (21.0000 133.6432 545.9447)
    (21.0000 163.3417 516.2462)
    (0.0000 163.3417 516.2462)
    (0.0000 118.7939 560.7939)
    (42.0000 118.7939 560.7939)
    (42.0000 178.1909 501.3970)
    (0.0000 178.1909 501.3970)
              
    (0.0000 166.7485 553.8515)
    (3.1819 166.7485 553.8515)
    (3.1819 171.2485 549.3516)
    (0.0000 171.2485 549.3516)
    (0.0000 162.6346 557.9655)
    (6.3639 164.4986 556.1015)
    (6.3639 173.4985 547.1016)
    (0.0000 175.3625 545.2376)
              
    (0.0000 169.9520 556.3050)
    (2.6516 169.9520 556.3050)
    (2.6516 173.7019 552.5550)
    (0.0000 173.7019 552.5550)
    (0.0000 166.5236 559.7333)
    (5.3032 168.0770 558.1799)
    (5.3032 175.5769 550.6800)
    (0.0000 177.1302 549.1267)
             
    (0.0000 174.9017 561.2547)
    (2.6516 174.9017 561.2547)
    (2.6516 178.6517 557.5047)
    (0.0000 178.6517 557.5047)
    (0.0000 171.4734 564.6830)
    (5.3032 173.0267 563.1297)
    (5.3032 180.5267 555.6298)
    (0.0000 182.0800 554.0764)
);

blocks
(
    hex (0 1 2 3 8 9 10 11) (4 4 3) simpleGrading (1 1 1.0)
    hex (4 5 1 0 12 13 9 8) (4 10 3) simpleGrading (1 4.0 1.0)
    hex (5 6 2 1 13 14 10 9) (4 10 3) simpleGrading (1 4.0 1.0)
    hex (6 7 3 2 14 15 11 10) (4 10 3) simpleGrading (1 4.0 1.0)
    hex (8 9 10 11 16 17 18 19) (4 4 10) simpleGrading (1 1 1.0)
    hex (12 13 9 8 20 21 17 16) (4 10 10) simpleGrading (1 4.0 1.0)
    hex (13 14 10 9 21 22 18 17) (4 10 10) simpleGrading (1 4.0 1.0)
    hex (14 15 11 10 22 23 19 18) (4 10 10) simpleGrading (1 4.0 1.0)
    hex (16 17 18 19 24 25 26 27) (4 4 4) simpleGrading (1 1 1.0)
    hex (20 21 17 16 28 29 25 24) (4 10 4) simpleGrading (1 4.0 1.0)
    hex (21 22 18 17 29 30 26 25) (4 10 4) simpleGrading (1 4.0 1.0)
    hex (22 23 19 18 30 31 27 26) (4 10 4) simpleGrading (1 4.0 1.0)
    hex (24 25 26 27 32 33 34 35) (4 4 4) simpleGrading (1 1 1.0)
    hex (28 29 25 24 36 37 33 32) (4 10 4) simpleGrading (1 4.0 1.0)
    hex (29 30 26 25 37 38 34 33) (4 10 4) simpleGrading (1 4.0 1.0)
    hex (30 31 27 26 38 39 35 34) (4 10 4) simpleGrading (1 4.0 1.0)
    hex (32 33 34 35 40 41 42 43) (4 4 4) simpleGrading (1 1 1.0)
    hex (36 37 33 32 44 45 41 40) (4 10 4) simpleGrading (1 4.0 1.0)
    hex (37 38 34 33 45 46 42 41) (4 10 4) simpleGrading (1 4.0 1.0)
    hex (38 39 35 34 46 47 43 42) (4 10 4) simpleGrading (1 4.0 1.0)
    hex (40 41 42 43 48 49 50 51) (4 4 10) simpleGrading (1 1 2.0)
    hex (44 45 41 40 52 53 49 48) (4 10 10) simpleGrading (1 4.0 2.0)
    hex (45 46 42 41 53 54 50 49) (4 10 10) simpleGrading (1 4.0 2.0)
    hex (46 47 43 42 54 55 51 50) (4 10 10) simpleGrading (1 4.0 2.0)
    hex (48 49 50 51 56 57 58 59) (4 4 2) simpleGrading (1 1 1.0)
    hex (52 53 49 48 60 61 57 56) (4 10 2) simpleGrading (1 4.0 1.0)
    hex (53 54 50 49 61 62 58 57) (4 10 2) simpleGrading (1 4.0 1.0)
    hex (54 55 51 50 62 63 59 58) (4 10 2) simpleGrading (1 4.0 1.0)
    hex (56 57 58 59 64 65 66 67) (4 4 1) simpleGrading (1 1 1.0)
    hex (60 61 57 56 68 69 65 64) (4 10 1) simpleGrading (1 4.0 1.0)
    hex (61 62 58 57 69 70 66 65) (4 10 1) simpleGrading (1 4.0 1.0)
    hex (62 63 59 58 70 71 67 66) (4 10 1) simpleGrading (1 4.0 1.0)
    hex (64 65 66 67 72 73 74 75) (4 4 1) simpleGrading (1 1 1.0)
    hex (68 69 65 64 76 77 73 72) (4 10 1) simpleGrading (1 4.0 1.0)
    hex (69 70 66 65 77 78 74 73) (4 10 1) simpleGrading (1 4.0 1.0)
    hex (70 71 67 66 78 79 75 74) (4 10 1) simpleGrading (1 4.0 1.0)
);

edges
(
    arc 4 5 (34.4415 -83.1492 0.0000)
    arc 5 6 (90.0000 0.0000 0.0000)
    arc 6 7 (34.4415 83.1492 0.0000)
    arc 12 13 (34.4415 -83.1492 50.0000)
    arc 13 14 (90.0000 0.0000 50.0000)
    arc 14 15 (34.4415 83.1492 50.0000)
    arc 20 21 (11.4805 -27.7164 240.0000)
    arc 21 22 (30.0000 0.0000 240.0000)
    arc 22 23 (11.4805 27.7164 240.0000)
    arc 28 29 (11.4805 -27.7164 300.0000)
    arc 29 30 (30.0000 0.0000 300.0000)
    arc 30 31 (11.4805 27.7164 300.0000)
    arc 60 61 (3.4442 163.1190 557.4811)
    arc 61 62 (9.0000 168.9985 551.6016)
    arc 62 63 (3.4442 174.8781 545.7220)
    arc 68 69 (2.8701 166.9273 559.3296)
    arc 69 70 (7.5000 171.8269 554.4300)
    arc 70 71 (2.8701 176.7266 549.5304)
    arc 76 77 (2.8701 171.8771 564.2793)
    arc 77 78 (7.5000 176.7767 559.3797)
    arc 78 79 (2.8701 181.6763 554.4801)
);

boundary
(
    inlet { type patch; faces ((0 3 2 1) (4 0 1 5) (5 1 2 6) (6 2 3 7)); }
    outlet { type patch; faces ((72 73 74 75) (76 77 73 72) (77 78 74 73) (78 79 75 74)); }
    symmetry { type symmetry; faces ((4 12 8 0) (7 3 11 15) (0 8 11 3) (12 20 16 8) (15 11 19 23) (8 16 19 11) (20 28 24 16) (23 19 27 31) (16 24 27 19) (28 36 32 24) (31 27 35 39) (24 32 35 27) (36 44 40 32) (39 35 43 47) (32 40 43 35) (44 52 48 40) (47 43 51 55) (40 48 51 43) (52 60 56 48) (55 51 59 63) (48 56 59 51) (60 68 64 56) (63 59 67 71) (56 64 67 59) (68 76 72 64) (71 67 75 79) (64 72 75 67)); }
    focusWall { type wall; faces ((44 45 53 52)); }
    walls { type wall; faces ((4 5 13 12) (5 6 14 13) (6 7 15 14) (12 13 21 20) (13 14 22 21) (14 15 23 22) (20 21 29 28) (21 22 30 29) (22 23 31 30) (28 29 37 36) (29 30 38 37) (30 31 39 38) (36 37 45 44) (37 38 46 45) (38 39 47 46) (45 46 54 53) (46 47 55 54) (52 53 61 60) (53 54 62 61) (54 55 63 62) (60 61 69 68) (61 62 70 69) (62 63 71 70) (68 69 77 76) (69 70 78 77) (70 71 79 78)); }
);

mergePatchPairs ();
