                                                                               
                             
                                                                   
                                                            
                                          
                             
                                                                               
FoamFile
{
    format          ascii;
    class           volScalarField;
    location        1 / fluid;
    object          p;
}
                                                                               

dimensions      [ 1 -1 -2 0 0 0 0 ];

internalField   nonuniform List<scalar> 
4592
(
2.70286e+06
2.70274e+06
2.70264e+06
2.70253e+06
2.70244e+06
2.70235e+06
2.70226e+06
2.70217e+06
2.70209e+06
2.70201e+06
2.70193e+06
2.70186e+06
2.70179e+06
2.70172e+06
2.70165e+06
2.70159e+06
2.70153e+06
2.70147e+06
2.70141e+06
2.70135e+06
2.7013e+06
2.70125e+06
2.70119e+06
2.70114e+06
2.70109e+06
2.70104e+06
2.701e+06
2.70095e+06
2.7009e+06
2.70086e+06
2.70081e+06
2.70077e+06
2.70285e+06
2.70274e+06
2.70264e+06
2.70253e+06
2.70244e+06
2.70234e+06
2.70225e+06
2.70216e+06
2.70208e+06
2.70199e+06
2.70192e+06
2.70184e+06
2.70177e+06
2.7017e+06
2.70163e+06
2.70156e+06
2.7015e+06
2.70144e+06
2.70138e+06
2.70132e+06
2.70126e+06
2.7012e+06
2.70115e+06
2.70109e+06
2.70104e+06
2.70099e+06
2.70094e+06
2.70089e+06
2.70084e+06
2.70079e+06
2.70074e+06
2.70069e+06
2.70286e+06
2.70274e+06
2.70264e+06
2.70253e+06
2.70244e+06
2.70234e+06
2.70226e+06
2.70217e+06
2.70208e+06
2.702e+06
2.70193e+06
2.70185e+06
2.70178e+06
2.70171e+06
2.70164e+06
2.70158e+06
2.70152e+06
2.70145e+06
2.70139e+06
2.70134e+06
2.70128e+06
2.70122e+06
2.70117e+06
2.70112e+06
2.70106e+06
2.70101e+06
2.70096e+06
2.70091e+06
2.70086e+06
2.70081e+06
2.70077e+06
2.70072e+06
2.70286e+06
2.70274e+06
2.70264e+06
2.70253e+06
2.70244e+06
2.70234e+06
2.70226e+06
2.70217e+06
2.70209e+06
2.70201e+06
2.70193e+06
2.70185e+06
2.70178e+06
2.70171e+06
2.70165e+06
2.70158e+06
2.70152e+06
2.70146e+06
2.7014e+06
2.70134e+06
2.70129e+06
2.70123e+06
2.70118e+06
2.70113e+06
2.70107e+06
2.70102e+06
2.70097e+06
2.70092e+06
2.70088e+06
2.70083e+06
2.70078e+06
2.70073e+06
2.70286e+06
2.70274e+06
2.70265e+06
2.70254e+06
2.70245e+06
2.70235e+06
2.70227e+06
2.70218e+06
2.7021e+06
2.70202e+06
2.70194e+06
2.70187e+06
2.7018e+06
2.70173e+06
2.70166e+06
2.7016e+06
2.70154e+06
2.70148e+06
2.70142e+06
2.70137e+06
2.70131e+06
2.70126e+06
2.70121e+06
2.70116e+06
2.70111e+06
2.70106e+06
2.70101e+06
2.70096e+06
2.70091e+06
2.70087e+06
2.70082e+06
2.70077e+06
2.70287e+06
2.70275e+06
2.70265e+06
2.70254e+06
2.70245e+06
2.70235e+06
2.70227e+06
2.70218e+06
2.7021e+06
2.70202e+06
2.70195e+06
2.70188e+06
2.70181e+06
2.70174e+06
2.70168e+06
2.70162e+06
2.70156e+06
2.7015e+06
2.70144e+06
2.70139e+06
2.70133e+06
2.70128e+06
2.70123e+06
2.70118e+06
2.70113e+06
2.70109e+06
2.70104e+06
2.70099e+06
2.70095e+06
2.7009e+06
2.70086e+06
2.70081e+06
2.70288e+06
2.70275e+06
2.70266e+06
2.70254e+06
2.70246e+06
2.70236e+06
2.70228e+06
2.70219e+06
2.70211e+06
2.70203e+06
2.70196e+06
2.70189e+06
2.70182e+06
2.70176e+06
2.70169e+06
2.70163e+06
2.70158e+06
2.70152e+06
2.70147e+06
2.70141e+06
2.70136e+06
2.70131e+06
2.70126e+06
2.70122e+06
2.70117e+06
2.70112e+06
2.70108e+06
2.70103e+06
2.70099e+06
2.70095e+06
2.70091e+06
2.70086e+06
2.70288e+06
2.70275e+06
2.70266e+06
2.70255e+06
2.70246e+06
2.70236e+06
2.70228e+06
2.70219e+06
2.70212e+06
2.70204e+06
2.70197e+06
2.7019e+06
2.70183e+06
2.70177e+06
2.70171e+06
2.70165e+06
2.70159e+06
2.70154e+06
2.70149e+06
2.70144e+06
2.70139e+06
2.70134e+06
2.70129e+06
2.70125e+06
2.7012e+06
2.70116e+06
2.70112e+06
2.70107e+06
2.70103e+06
2.70099e+06
2.70095e+06
2.70091e+06
2.70289e+06
2.70275e+06
2.70267e+06
2.70255e+06
2.70247e+06
2.70237e+06
2.70229e+06
2.7022e+06
2.70213e+06
2.70205e+06
2.70198e+06
2.70191e+06
2.70185e+06
2.70178e+06
2.70173e+06
2.70167e+06
2.70161e+06
2.70156e+06
2.70151e+06
2.70146e+06
2.70141e+06
2.70137e+06
2.70132e+06
2.70128e+06
2.70124e+06
2.7012e+06
2.70116e+06
2.70112e+06
2.70108e+06
2.70104e+06
2.701e+06
2.70096e+06
2.70289e+06
2.70275e+06
2.70267e+06
2.70255e+06
2.70247e+06
2.70237e+06
2.70229e+06
2.7022e+06
2.70213e+06
2.70206e+06
2.70199e+06
2.70192e+06
2.70186e+06
2.7018e+06
2.70174e+06
2.70168e+06
2.70163e+06
2.70158e+06
2.70153e+06
2.70149e+06
2.70144e+06
2.7014e+06
2.70135e+06
2.70131e+06
2.70127e+06
2.70123e+06
2.70119e+06
2.70116e+06
2.70112e+06
2.70108e+06
2.70105e+06
2.70101e+06
2.7029e+06
2.70275e+06
2.70268e+06
2.70255e+06
2.70248e+06
2.70237e+06
2.7023e+06
2.70221e+06
2.70214e+06
2.70206e+06
2.702e+06
2.70193e+06
2.70187e+06
2.70181e+06
2.70175e+06
2.7017e+06
2.70165e+06
2.7016e+06
2.70155e+06
2.70151e+06
2.70146e+06
2.70142e+06
2.70138e+06
2.70134e+06
2.70131e+06
2.70127e+06
2.70123e+06
2.7012e+06
2.70116e+06
2.70113e+06
2.70109e+06
2.70106e+06
2.70291e+06
2.70275e+06
2.70268e+06
2.70255e+06
2.70248e+06
2.70237e+06
2.7023e+06
2.70221e+06
2.70214e+06
2.70207e+06
2.702e+06
2.70194e+06
2.70188e+06
2.70182e+06
2.70177e+06
2.70171e+06
2.70166e+06
2.70162e+06
2.70157e+06
2.70153e+06
2.70149e+06
2.70145e+06
2.70141e+06
2.70137e+06
2.70134e+06
2.7013e+06
2.70127e+06
2.70124e+06
2.7012e+06
2.70117e+06
2.70114e+06
2.70111e+06
2.70291e+06
2.70274e+06
2.70268e+06
2.70255e+06
2.70248e+06
2.70237e+06
2.7023e+06
2.70222e+06
2.70215e+06
2.70207e+06
2.70201e+06
2.70194e+06
2.70189e+06
2.70183e+06
2.70178e+06
2.70173e+06
2.70168e+06
2.70163e+06
2.70159e+06
2.70155e+06
2.70151e+06
2.70147e+06
2.70144e+06
2.7014e+06
2.70137e+06
2.70134e+06
2.7013e+06
2.70127e+06
2.70124e+06
2.70121e+06
2.70118e+06
2.70115e+06
2.70292e+06
2.70274e+06
2.70269e+06
2.70255e+06
2.70248e+06
2.70237e+06
2.70231e+06
2.70222e+06
2.70215e+06
2.70208e+06
2.70201e+06
2.70195e+06
2.70189e+06
2.70184e+06
2.70179e+06
2.70174e+06
2.70169e+06
2.70165e+06
2.70161e+06
2.70157e+06
2.70153e+06
2.70149e+06
2.70146e+06
2.70143e+06
2.7014e+06
2.70137e+06
2.70134e+06
2.70131e+06
2.70128e+06
2.70125e+06
2.70122e+06
2.7012e+06
2.70293e+06
2.70273e+06
2.70269e+06
2.70254e+06
2.70248e+06
2.70237e+06
2.70231e+06
2.70222e+06
2.70215e+06
2.70208e+06
2.70202e+06
2.70196e+06
2.7019e+06
2.70184e+06
2.70179e+06
2.70175e+06
2.7017e+06
2.70166e+06
2.70162e+06
2.70158e+06
2.70155e+06
2.70151e+06
2.70148e+06
2.70145e+06
2.70142e+06
2.7014e+06
2.70137e+06
2.70134e+06
2.70132e+06
2.70129e+06
2.70127e+06
2.70124e+06
2.70294e+06
2.70272e+06
2.70269e+06
2.70254e+06
2.70248e+06
2.70237e+06
2.70231e+06
2.70222e+06
2.70216e+06
2.70208e+06
2.70202e+06
2.70196e+06
2.70191e+06
2.70185e+06
2.7018e+06
2.70175e+06
2.70171e+06
2.70167e+06
2.70163e+06
2.7016e+06
2.70156e+06
2.70153e+06
2.7015e+06
2.70147e+06
2.70145e+06
2.70142e+06
2.7014e+06
2.70138e+06
2.70135e+06
2.70133e+06
2.70131e+06
2.70129e+06
2.70294e+06
2.70271e+06
2.70269e+06
2.70253e+06
2.70248e+06
2.70237e+06
2.70231e+06
2.70222e+06
2.70216e+06
2.70208e+06
2.70203e+06
2.70196e+06
2.70191e+06
2.70186e+06
2.70181e+06
2.70176e+06
2.70172e+06
2.70168e+06
2.70164e+06
2.70161e+06
2.70158e+06
2.70155e+06
2.70152e+06
2.70149e+06
2.70147e+06
2.70145e+06
2.70143e+06
2.70141e+06
2.70139e+06
2.70137e+06
2.70134e+06
2.70133e+06
2.70296e+06
2.7027e+06
2.7027e+06
2.70253e+06
2.70248e+06
2.70237e+06
2.70231e+06
2.70222e+06
2.70216e+06
2.70209e+06
2.70203e+06
2.70197e+06
2.70191e+06
2.70186e+06
2.70181e+06
2.70177e+06
2.70173e+06
2.70169e+06
2.70165e+06
2.70162e+06
2.70159e+06
2.70156e+06
2.70154e+06
2.70151e+06
2.70149e+06
2.70147e+06
2.70145e+06
2.70143e+06
2.70142e+06
2.7014e+06
2.70138e+06
2.70137e+06
2.70297e+06
2.70269e+06
2.7027e+06
2.70252e+06
2.70248e+06
2.70237e+06
2.70231e+06
2.70222e+06
2.70216e+06
2.70209e+06
2.70203e+06
2.70197e+06
2.70192e+06
2.70186e+06
2.70182e+06
2.70177e+06
2.70173e+06
2.70169e+06
2.70166e+06
2.70163e+06
2.7016e+06
2.70157e+06
2.70155e+06
2.70152e+06
2.70151e+06
2.70149e+06
2.70147e+06
2.70146e+06
2.70145e+06
2.70143e+06
2.70142e+06
2.70141e+06
2.70298e+06
2.70267e+06
2.7027e+06
2.70252e+06
2.70248e+06
2.70237e+06
2.70231e+06
2.70222e+06
2.70216e+06
2.70209e+06
2.70203e+06
2.70197e+06
2.70192e+06
2.70187e+06
2.70182e+06
2.70178e+06
2.70174e+06
2.7017e+06
2.70167e+06
2.70164e+06
2.70161e+06
2.70158e+06
2.70156e+06
2.70154e+06
2.70152e+06
2.70151e+06
2.7015e+06
2.70148e+06
2.70147e+06
2.70146e+06
2.70146e+06
2.70145e+06
2.70299e+06
2.70266e+06
2.7027e+06
2.70251e+06
2.70248e+06
2.70236e+06
2.70231e+06
2.70222e+06
2.70216e+06
2.70209e+06
2.70203e+06
2.70197e+06
2.70192e+06
2.70187e+06
2.70182e+06
2.70178e+06
2.70174e+06
2.7017e+06
2.70167e+06
2.70164e+06
2.70161e+06
2.70159e+06
2.70157e+06
2.70155e+06
2.70153e+06
2.70152e+06
2.70151e+06
2.7015e+06
2.70149e+06
2.70149e+06
2.70149e+06
2.70148e+06
2.70301e+06
2.70264e+06
2.7027e+06
2.70251e+06
2.70248e+06
2.70236e+06
2.70231e+06
2.70222e+06
2.70216e+06
2.70209e+06
2.70204e+06
2.70198e+06
2.70193e+06
2.70187e+06
2.70183e+06
2.70178e+06
2.70175e+06
2.70171e+06
2.70168e+06
2.70165e+06
2.70162e+06
2.7016e+06
2.70158e+06
2.70156e+06
2.70155e+06
2.70153e+06
2.70153e+06
2.70152e+06
2.70152e+06
2.70152e+06
2.70152e+06
2.70153e+06
2.70302e+06
2.70262e+06
2.70269e+06
2.7025e+06
2.70248e+06
2.70236e+06
2.7023e+06
2.70222e+06
2.70216e+06
2.70209e+06
2.70203e+06
2.70197e+06
2.70192e+06
2.70187e+06
2.70183e+06
2.70178e+06
2.70174e+06
2.7017e+06
2.70167e+06
2.70164e+06
2.70162e+06
2.70159e+06
2.70158e+06
2.70156e+06
2.70155e+06
2.70153e+06
2.70153e+06
2.70152e+06
2.70153e+06
2.70153e+06
2.70154e+06
2.70155e+06
2.70304e+06
2.70259e+06
2.7027e+06
2.7025e+06
2.70248e+06
2.70236e+06
2.70231e+06
2.70222e+06
2.70216e+06
2.70209e+06
2.70204e+06
2.70198e+06
2.70193e+06
2.70188e+06
2.70183e+06
2.70179e+06
2.70175e+06
2.70171e+06
2.70169e+06
2.70165e+06
2.70163e+06
2.7016e+06
2.70159e+06
2.70157e+06
2.70156e+06
2.70155e+06
2.70155e+06
2.70154e+06
2.70155e+06
2.70156e+06
2.70158e+06
2.70161e+06
2.70305e+06
2.70257e+06
2.70269e+06
2.70249e+06
2.70247e+06
2.70235e+06
2.7023e+06
2.70222e+06
2.70216e+06
2.70209e+06
2.70203e+06
2.70197e+06
2.70192e+06
2.70187e+06
2.70183e+06
2.70178e+06
2.70174e+06
2.7017e+06
2.70167e+06
2.70164e+06
2.70162e+06
2.70159e+06
2.70158e+06
2.70155e+06
2.70155e+06
2.70153e+06
2.70154e+06
2.70153e+06
2.70154e+06
2.70155e+06
2.70158e+06
2.70161e+06
2.70308e+06
2.70253e+06
2.70269e+06
2.70249e+06
2.70247e+06
2.70235e+06
2.7023e+06
2.70222e+06
2.70216e+06
2.70209e+06
2.70204e+06
2.70198e+06
2.70193e+06
2.70188e+06
2.70184e+06
2.70179e+06
2.70176e+06
2.70172e+06
2.70169e+06
2.70166e+06
2.70164e+06
2.70161e+06
2.7016e+06
2.70158e+06
2.70158e+06
2.70156e+06
2.70156e+06
2.70155e+06
2.70156e+06
2.70156e+06
2.70161e+06
2.70169e+06
2.70308e+06
2.70251e+06
2.70268e+06
2.70248e+06
2.70247e+06
2.70235e+06
2.7023e+06
2.70222e+06
2.70216e+06
2.70209e+06
2.70203e+06
2.70197e+06
2.70192e+06
2.70187e+06
2.70183e+06
2.70178e+06
2.70174e+06
2.7017e+06
2.70167e+06
2.70164e+06
2.70161e+06
2.70158e+06
2.70156e+06
2.70153e+06
2.70152e+06
2.70149e+06
2.70149e+06
2.70147e+06
2.7015e+06
2.70151e+06
2.70162e+06
2.70175e+06
2.70321e+06
2.7024e+06
2.70268e+06
2.70248e+06
2.70247e+06
2.70235e+06
2.7023e+06
2.70222e+06
2.70216e+06
2.70209e+06
2.70204e+06
2.70197e+06
2.70193e+06
2.70187e+06
2.70183e+06
2.70178e+06
2.70175e+06
2.70171e+06
2.70168e+06
2.70164e+06
2.70163e+06
2.70159e+06
2.70159e+06
2.70155e+06
2.70156e+06
2.70153e+06
2.70156e+06
2.70154e+06
2.70161e+06
2.70164e+06
2.70183e+06
2.70198e+06
2.70072e+06
2.70068e+06
2.70063e+06
2.70059e+06
2.70054e+06
2.70049e+06
2.70044e+06
2.70039e+06
2.70034e+06
2.70028e+06
2.70023e+06
2.70016e+06
2.7001e+06
2.70004e+06
2.69997e+06
2.6999e+06
2.69983e+06
2.69976e+06
2.69968e+06
2.6996e+06
2.69951e+06
2.69943e+06
2.69933e+06
2.69923e+06
2.69913e+06
2.69902e+06
2.69891e+06
2.69879e+06
2.69866e+06
2.69853e+06
2.69838e+06
2.69823e+06
2.69807e+06
2.6979e+06
2.69772e+06
2.69753e+06
2.69733e+06
2.69711e+06
2.69687e+06
2.69662e+06
2.69636e+06
2.69607e+06
2.69576e+06
2.69543e+06
2.69507e+06
2.69468e+06
2.69427e+06
2.69382e+06
2.69333e+06
2.6928e+06
2.69223e+06
2.6916e+06
2.69093e+06
2.69018e+06
2.68937e+06
2.68849e+06
2.68752e+06
2.68645e+06
2.68527e+06
2.68398e+06
2.68254e+06
2.68096e+06
2.67921e+06
2.67725e+06
2.67508e+06
2.67265e+06
2.66994e+06
2.66689e+06
2.66346e+06
2.6596e+06
2.65523e+06
2.65028e+06
2.64464e+06
2.63821e+06
2.63089e+06
2.62247e+06
2.61268e+06
2.60124e+06
2.58788e+06
2.57218e+06
2.55378e+06
2.53222e+06
2.50692e+06
2.48003e+06
2.44327e+06
2.39913e+06
2.34854e+06
2.29154e+06
2.22706e+06
2.14717e+06
2.05167e+06
1.94446e+06
2.70064e+06
2.70059e+06
2.70055e+06
2.7005e+06
2.70044e+06
2.70039e+06
2.70034e+06
2.70028e+06
2.70022e+06
2.70015e+06
2.7001e+06
2.70003e+06
2.69996e+06
2.69989e+06
2.69982e+06
2.69974e+06
2.69966e+06
2.69957e+06
2.69949e+06
2.6994e+06
2.6993e+06
2.6992e+06
2.6991e+06
2.69899e+06
2.69887e+06
2.69875e+06
2.69862e+06
2.69849e+06
2.69834e+06
2.69819e+06
2.69803e+06
2.69786e+06
2.69768e+06
2.69749e+06
2.69728e+06
2.69707e+06
2.69684e+06
2.69659e+06
2.69632e+06
2.69604e+06
2.69574e+06
2.69541e+06
2.69507e+06
2.69469e+06
2.69429e+06
2.69385e+06
2.69338e+06
2.69288e+06
2.69233e+06
2.69173e+06
2.69109e+06
2.69038e+06
2.68962e+06
2.68879e+06
2.68788e+06
2.68688e+06
2.68579e+06
2.68459e+06
2.68328e+06
2.68183e+06
2.68023e+06
2.67846e+06
2.6765e+06
2.67433e+06
2.67191e+06
2.66921e+06
2.6662e+06
2.66281e+06
2.65902e+06
2.65475e+06
2.64993e+06
2.64447e+06
2.63828e+06
2.63122e+06
2.62321e+06
2.61397e+06
2.60322e+06
2.59069e+06
2.5761e+06
2.55907e+06
2.53929e+06
2.51633e+06
2.48978e+06
2.46162e+06
2.4221e+06
2.37604e+06
2.32446e+06
2.26696e+06
2.20146e+06
2.11973e+06
2.024e+06
1.9189e+06
2.70067e+06
2.70062e+06
2.70058e+06
2.70053e+06
2.70047e+06
2.70042e+06
2.70037e+06
2.70031e+06
2.70026e+06
2.70018e+06
2.70013e+06
2.70006e+06
2.7e+06
2.69993e+06
2.69985e+06
2.69978e+06
2.6997e+06
2.69961e+06
2.69952e+06
2.69943e+06
2.69934e+06
2.69924e+06
2.69913e+06
2.69903e+06
2.69891e+06
2.69879e+06
2.69866e+06
2.69853e+06
2.69838e+06
2.69823e+06
2.69807e+06
2.6979e+06
2.69772e+06
2.69753e+06
2.69733e+06
2.69711e+06
2.69688e+06
2.69664e+06
2.69637e+06
2.69609e+06
2.69579e+06
2.69547e+06
2.69512e+06
2.69475e+06
2.69434e+06
2.69391e+06
2.69344e+06
2.69294e+06
2.69239e+06
2.6918e+06
2.69115e+06
2.69045e+06
2.68969e+06
2.68886e+06
2.68795e+06
2.68695e+06
2.68587e+06
2.68467e+06
2.68336e+06
2.6819e+06
2.68031e+06
2.67854e+06
2.67658e+06
2.6744e+06
2.67198e+06
2.66928e+06
2.66626e+06
2.66287e+06
2.65907e+06
2.65478e+06
2.64995e+06
2.64446e+06
2.63825e+06
2.63115e+06
2.62311e+06
2.6138e+06
2.60294e+06
2.59025e+06
2.57546e+06
2.55821e+06
2.53819e+06
2.51503e+06
2.48825e+06
2.4608e+06
2.41992e+06
2.37295e+06
2.32121e+06
2.26398e+06
2.19866e+06
2.1153e+06
2.0178e+06
1.91179e+06
2.70069e+06
2.70064e+06
2.70059e+06
2.70054e+06
2.70048e+06
2.70043e+06
2.70038e+06
2.70032e+06
2.70028e+06
2.70019e+06
2.70015e+06
2.70007e+06
2.70002e+06
2.69994e+06
2.69987e+06
2.69979e+06
2.69971e+06
2.69962e+06
2.69953e+06
2.69944e+06
2.69935e+06
2.69925e+06
2.69914e+06
2.69903e+06
2.69892e+06
2.6988e+06
2.69867e+06
2.69853e+06
2.69839e+06
2.69824e+06
2.69808e+06
2.69791e+06
2.69773e+06
2.69754e+06
2.69733e+06
2.69712e+06
2.69689e+06
2.69664e+06
2.69638e+06
2.6961e+06
2.6958e+06
2.69547e+06
2.69513e+06
2.69475e+06
2.69435e+06
2.69392e+06
2.69345e+06
2.69295e+06
2.6924e+06
2.69181e+06
2.69117e+06
2.69047e+06
2.68971e+06
2.68888e+06
2.68798e+06
2.68698e+06
2.6859e+06
2.68471e+06
2.6834e+06
2.68196e+06
2.68037e+06
2.6786e+06
2.67666e+06
2.67449e+06
2.67208e+06
2.66939e+06
2.66638e+06
2.66301e+06
2.65923e+06
2.65495e+06
2.65014e+06
2.64467e+06
2.63847e+06
2.63138e+06
2.62337e+06
2.61405e+06
2.60314e+06
2.59035e+06
2.57541e+06
2.55797e+06
2.53773e+06
2.51437e+06
2.48735e+06
2.46071e+06
2.41826e+06
2.36997e+06
2.3176e+06
2.26025e+06
2.19469e+06
2.10885e+06
2.00854e+06
1.90095e+06
2.70073e+06
2.70068e+06
2.70064e+06
2.70059e+06
2.70053e+06
2.70048e+06
2.70044e+06
2.70038e+06
2.70033e+06
2.70024e+06
2.70021e+06
2.70013e+06
2.70007e+06
2.7e+06
2.69993e+06
2.69985e+06
2.69977e+06
2.69968e+06
2.6996e+06
2.69951e+06
2.69941e+06
2.69931e+06
2.69921e+06
2.6991e+06
2.69899e+06
2.69887e+06
2.69874e+06
2.69861e+06
2.69847e+06
2.69832e+06
2.69816e+06
2.69799e+06
2.69782e+06
2.69763e+06
2.69743e+06
2.69722e+06
2.69699e+06
2.69675e+06
2.69649e+06
2.69621e+06
2.69592e+06
2.6956e+06
2.69526e+06
2.69489e+06
2.6945e+06
2.69408e+06
2.69362e+06
2.69312e+06
2.69259e+06
2.692e+06
2.69138e+06
2.69069e+06
2.68995e+06
2.68913e+06
2.68825e+06
2.68727e+06
2.68621e+06
2.68504e+06
2.68376e+06
2.68234e+06
2.68078e+06
2.67905e+06
2.67713e+06
2.67501e+06
2.67264e+06
2.66999e+06
2.66704e+06
2.66371e+06
2.66e+06
2.65578e+06
2.65104e+06
2.64564e+06
2.63953e+06
2.63252e+06
2.62462e+06
2.61539e+06
2.60455e+06
2.59177e+06
2.57681e+06
2.5593e+06
2.53896e+06
2.51552e+06
2.48836e+06
2.46271e+06
2.41878e+06
2.36922e+06
2.31614e+06
2.25863e+06
2.19278e+06
2.10431e+06
2.00073e+06
1.89045e+06
2.70077e+06
2.70073e+06
2.70069e+06
2.70064e+06
2.70058e+06
2.70053e+06
2.70048e+06
2.70042e+06
2.70038e+06
2.70028e+06
2.70026e+06
2.70018e+06
2.70013e+06
2.70005e+06
2.69998e+06
2.6999e+06
2.69982e+06
2.69974e+06
2.69965e+06
2.69956e+06
2.69947e+06
2.69938e+06
2.69927e+06
2.69917e+06
2.69905e+06
2.69894e+06
2.69881e+06
2.69868e+06
2.69854e+06
2.6984e+06
2.69824e+06
2.69808e+06
2.6979e+06
2.69772e+06
2.69752e+06
2.69732e+06
2.69709e+06
2.69686e+06
2.6966e+06
2.69633e+06
2.69604e+06
2.69573e+06
2.6954e+06
2.69504e+06
2.69466e+06
2.69424e+06
2.69379e+06
2.69331e+06
2.69279e+06
2.69222e+06
2.6916e+06
2.69093e+06
2.69021e+06
2.68941e+06
2.68855e+06
2.68759e+06
2.68656e+06
2.68542e+06
2.68416e+06
2.68278e+06
2.68125e+06
2.67957e+06
2.67769e+06
2.67562e+06
2.6733e+06
2.67072e+06
2.66783e+06
2.66458e+06
2.66094e+06
2.65681e+06
2.65217e+06
2.64687e+06
2.64087e+06
2.63398e+06
2.62623e+06
2.61713e+06
2.60641e+06
2.59369e+06
2.57878e+06
2.56129e+06
2.54091e+06
2.51744e+06
2.49015e+06
2.46555e+06
2.42014e+06
2.36921e+06
2.31526e+06
2.2574e+06
2.191e+06
2.09944e+06
1.99214e+06
1.87894e+06
2.70082e+06
2.70078e+06
2.70074e+06
2.70069e+06
2.70063e+06
2.70059e+06
2.70054e+06
2.70048e+06
2.70045e+06
2.70034e+06
2.70032e+06
2.70024e+06
2.70019e+06
2.70012e+06
2.70005e+06
2.69997e+06
2.69989e+06
2.69981e+06
2.69972e+06
2.69964e+06
2.69955e+06
2.69945e+06
2.69935e+06
2.69925e+06
2.69914e+06
2.69902e+06
2.6989e+06
2.69877e+06
2.69864e+06
2.69849e+06
2.69834e+06
2.69818e+06
2.69801e+06
2.69783e+06
2.69764e+06
2.69744e+06
2.69722e+06
2.69699e+06
2.69675e+06
2.69648e+06
2.6962e+06
2.6959e+06
2.69557e+06
2.69522e+06
2.69485e+06
2.69444e+06
2.69401e+06
2.69354e+06
2.69303e+06
2.69248e+06
2.69188e+06
2.69123e+06
2.69052e+06
2.68975e+06
2.68891e+06
2.68798e+06
2.68697e+06
2.68586e+06
2.68465e+06
2.6833e+06
2.68182e+06
2.68018e+06
2.67835e+06
2.67634e+06
2.67408e+06
2.67157e+06
2.66875e+06
2.66559e+06
2.66205e+06
2.65801e+06
2.65349e+06
2.64832e+06
2.64245e+06
2.63571e+06
2.62813e+06
2.61922e+06
2.60864e+06
2.59607e+06
2.58126e+06
2.56385e+06
2.5435e+06
2.52006e+06
2.49268e+06
2.46918e+06
2.42233e+06
2.37002e+06
2.31511e+06
2.25675e+06
2.18965e+06
2.09484e+06
1.98321e+06
1.86621e+06
2.70087e+06
2.70083e+06
2.70079e+06
2.70075e+06
2.70069e+06
2.70064e+06
2.7006e+06
2.70054e+06
2.70051e+06
2.7004e+06
2.70038e+06
2.7003e+06
2.70026e+06
2.70018e+06
2.70012e+06
2.70004e+06
2.69996e+06
2.69988e+06
2.69979e+06
2.69971e+06
2.69962e+06
2.69953e+06
2.69943e+06
2.69933e+06
2.69922e+06
2.69911e+06
2.69899e+06
2.69886e+06
2.69873e+06
2.69859e+06
2.69844e+06
2.69829e+06
2.69812e+06
2.69795e+06
2.69776e+06
2.69756e+06
2.69735e+06
2.69713e+06
2.69689e+06
2.69663e+06
2.69636e+06
2.69606e+06
2.69575e+06
2.69541e+06
2.69504e+06
2.69465e+06
2.69423e+06
2.69377e+06
2.69328e+06
2.69274e+06
2.69216e+06
2.69153e+06
2.69084e+06
2.69009e+06
2.68928e+06
2.68838e+06
2.6874e+06
2.68633e+06
2.68514e+06
2.68384e+06
2.6824e+06
2.68081e+06
2.67904e+06
2.67708e+06
2.67489e+06
2.67246e+06
2.66972e+06
2.66665e+06
2.66321e+06
2.65929e+06
2.6549e+06
2.64985e+06
2.64415e+06
2.63756e+06
2.63018e+06
2.62147e+06
2.61108e+06
2.59869e+06
2.58404e+06
2.56676e+06
2.54651e+06
2.52315e+06
2.49574e+06
2.47334e+06
2.42513e+06
2.37144e+06
2.31544e+06
2.25647e+06
2.18845e+06
2.09018e+06
1.97402e+06
1.85229e+06
2.70092e+06
2.70088e+06
2.70085e+06
2.7008e+06
2.70074e+06
2.7007e+06
2.70066e+06
2.7006e+06
2.70057e+06
2.70046e+06
2.70045e+06
2.70037e+06
2.70032e+06
2.70025e+06
2.70018e+06
2.70011e+06
2.70003e+06
2.69995e+06
2.69987e+06
2.69979e+06
2.6997e+06
2.69961e+06
2.69951e+06
2.69941e+06
2.69931e+06
2.6992e+06
2.69908e+06
2.69896e+06
2.69883e+06
2.69869e+06
2.69855e+06
2.6984e+06
2.69823e+06
2.69806e+06
2.69788e+06
2.69769e+06
2.69748e+06
2.69727e+06
2.69703e+06
2.69678e+06
2.69652e+06
2.69623e+06
2.69593e+06
2.6956e+06
2.69524e+06
2.69486e+06
2.69445e+06
2.69401e+06
2.69353e+06
2.69301e+06
2.69245e+06
2.69184e+06
2.69117e+06
2.69045e+06
2.68965e+06
2.68879e+06
2.68784e+06
2.6868e+06
2.68565e+06
2.68439e+06
2.683e+06
2.68145e+06
2.67975e+06
2.67784e+06
2.67572e+06
2.67337e+06
2.67071e+06
2.66774e+06
2.6644e+06
2.66059e+06
2.65633e+06
2.65143e+06
2.64589e+06
2.63948e+06
2.63231e+06
2.6238e+06
2.61365e+06
2.60145e+06
2.58703e+06
2.56992e+06
2.54984e+06
2.52661e+06
2.49923e+06
2.47793e+06
2.4285e+06
2.3734e+06
2.31626e+06
2.25652e+06
2.18754e+06
2.08535e+06
1.96427e+06
1.83823e+06
2.70097e+06
2.70094e+06
2.7009e+06
2.70086e+06
2.7008e+06
2.70076e+06
2.70072e+06
2.70066e+06
2.70063e+06
2.70052e+06
2.70051e+06
2.70043e+06
2.70039e+06
2.70031e+06
2.70025e+06
2.70017e+06
2.7001e+06
2.70002e+06
2.69994e+06
2.69986e+06
2.69977e+06
2.69968e+06
2.69959e+06
2.69949e+06
2.69939e+06
2.69928e+06
2.69917e+06
2.69905e+06
2.69892e+06
2.69879e+06
2.69865e+06
2.6985e+06
2.69834e+06
2.69818e+06
2.698e+06
2.69781e+06
2.69761e+06
2.6974e+06
2.69717e+06
2.69693e+06
2.69667e+06
2.6964e+06
2.6961e+06
2.69578e+06
2.69544e+06
2.69507e+06
2.69467e+06
2.69424e+06
2.69378e+06
2.69327e+06
2.69273e+06
2.69214e+06
2.69149e+06
2.69079e+06
2.69002e+06
2.68919e+06
2.68827e+06
2.68726e+06
2.68615e+06
2.68493e+06
2.68358e+06
2.68209e+06
2.68043e+06
2.67859e+06
2.67654e+06
2.67426e+06
2.67169e+06
2.66881e+06
2.66557e+06
2.66189e+06
2.65776e+06
2.653e+06
2.64763e+06
2.64139e+06
2.63446e+06
2.62616e+06
2.61625e+06
2.60429e+06
2.59012e+06
2.57323e+06
2.55339e+06
2.53034e+06
2.50305e+06
2.48283e+06
2.43235e+06
2.37583e+06
2.31753e+06
2.25687e+06
2.18682e+06
2.08054e+06
1.95403e+06
1.8224e+06
2.70103e+06
2.70099e+06
2.70096e+06
2.70091e+06
2.70086e+06
2.70082e+06
2.70078e+06
2.70072e+06
2.70069e+06
2.70058e+06
2.70057e+06
2.70049e+06
2.70045e+06
2.70038e+06
2.70032e+06
2.70024e+06
2.70017e+06
2.70009e+06
2.70001e+06
2.69993e+06
2.69984e+06
2.69976e+06
2.69966e+06
2.69957e+06
2.69947e+06
2.69936e+06
2.69925e+06
2.69914e+06
2.69901e+06
2.69888e+06
2.69875e+06
2.6986e+06
2.69845e+06
2.69829e+06
2.69812e+06
2.69793e+06
2.69774e+06
2.69753e+06
2.69731e+06
2.69708e+06
2.69683e+06
2.69656e+06
2.69627e+06
2.69596e+06
2.69563e+06
2.69527e+06
2.69488e+06
2.69447e+06
2.69402e+06
2.69353e+06
2.693e+06
2.69243e+06
2.6918e+06
2.69112e+06
2.69038e+06
2.68957e+06
2.68868e+06
2.6877e+06
2.68663e+06
2.68545e+06
2.68414e+06
2.6827e+06
2.6811e+06
2.67932e+06
2.67733e+06
2.67513e+06
2.67263e+06
2.66986e+06
2.66671e+06
2.66316e+06
2.65914e+06
2.65454e+06
2.64934e+06
2.64327e+06
2.63656e+06
2.62849e+06
2.61885e+06
2.60713e+06
2.59326e+06
2.57662e+06
2.55705e+06
2.53426e+06
2.5071e+06
2.48795e+06
2.43661e+06
2.37871e+06
2.31924e+06
2.25749e+06
2.18619e+06
2.0758e+06
1.94404e+06
1.80508e+06
2.70107e+06
2.70104e+06
2.70101e+06
2.70097e+06
2.70091e+06
2.70087e+06
2.70084e+06
2.70078e+06
2.70075e+06
2.70064e+06
2.70063e+06
2.70055e+06
2.70051e+06
2.70044e+06
2.70038e+06
2.7003e+06
2.70023e+06
2.70015e+06
2.70007e+06
2.7e+06
2.69991e+06
2.69983e+06
2.69974e+06
2.69964e+06
2.69954e+06
2.69944e+06
2.69933e+06
2.69922e+06
2.6991e+06
2.69897e+06
2.69884e+06
2.6987e+06
2.69855e+06
2.69839e+06
2.69823e+06
2.69805e+06
2.69786e+06
2.69766e+06
2.69744e+06
2.69722e+06
2.69697e+06
2.69671e+06
2.69643e+06
2.69613e+06
2.69581e+06
2.69546e+06
2.69509e+06
2.69468e+06
2.69424e+06
2.69377e+06
2.69326e+06
2.6927e+06
2.6921e+06
2.69144e+06
2.69072e+06
2.68993e+06
2.68907e+06
2.68813e+06
2.68709e+06
2.68594e+06
2.68468e+06
2.68328e+06
2.68173e+06
2.68002e+06
2.67809e+06
2.67595e+06
2.67354e+06
2.67085e+06
2.66781e+06
2.66437e+06
2.66048e+06
2.65602e+06
2.65098e+06
2.6451e+06
2.63859e+06
2.63077e+06
2.62138e+06
2.60993e+06
2.59637e+06
2.58003e+06
2.56078e+06
2.53829e+06
2.51134e+06
2.49321e+06
2.44122e+06
2.38205e+06
2.32131e+06
2.25839e+06
2.18573e+06
2.07104e+06
1.93371e+06
1.78791e+06
2.70112e+06
2.70109e+06
2.70106e+06
2.70102e+06
2.70096e+06
2.70093e+06
2.70089e+06
2.70083e+06
2.70081e+06
2.70069e+06
2.70069e+06
2.70061e+06
2.70057e+06
2.70049e+06
2.70044e+06
2.70036e+06
2.70029e+06
2.70021e+06
2.70014e+06
2.70006e+06
2.69998e+06
2.69989e+06
2.69981e+06
2.69971e+06
2.69962e+06
2.69952e+06
2.69941e+06
2.6993e+06
2.69918e+06
2.69906e+06
2.69893e+06
2.69879e+06
2.69865e+06
2.69849e+06
2.69833e+06
2.69816e+06
2.69797e+06
2.69778e+06
2.69757e+06
2.69735e+06
2.69711e+06
2.69686e+06
2.69658e+06
2.69629e+06
2.69598e+06
2.69564e+06
2.69528e+06
2.69489e+06
2.69446e+06
2.694e+06
2.6935e+06
2.69297e+06
2.69238e+06
2.69174e+06
2.69104e+06
2.69028e+06
2.68945e+06
2.68853e+06
2.68752e+06
2.68641e+06
2.68519e+06
2.68384e+06
2.68233e+06
2.68067e+06
2.6788e+06
2.67673e+06
2.6744e+06
2.67179e+06
2.66885e+06
2.66551e+06
2.66174e+06
2.65743e+06
2.65255e+06
2.64684e+06
2.64054e+06
2.63295e+06
2.62381e+06
2.61267e+06
2.5994e+06
2.58341e+06
2.56449e+06
2.54236e+06
2.51567e+06
2.49855e+06
2.44614e+06
2.38583e+06
2.32372e+06
2.25959e+06
2.18538e+06
2.06648e+06
1.92293e+06
1.76959e+06
2.70117e+06
2.70114e+06
2.70111e+06
2.70107e+06
2.70101e+06
2.70098e+06
2.70094e+06
2.70089e+06
2.70086e+06
2.70074e+06
2.70075e+06
2.70066e+06
2.70063e+06
2.70055e+06
2.70049e+06
2.70042e+06
2.70035e+06
2.70027e+06
2.7002e+06
2.70012e+06
2.70004e+06
2.69996e+06
2.69987e+06
2.69978e+06
2.69969e+06
2.69959e+06
2.69948e+06
2.69937e+06
2.69926e+06
2.69914e+06
2.69901e+06
2.69888e+06
2.69874e+06
2.69859e+06
2.69843e+06
2.69826e+06
2.69808e+06
2.69789e+06
2.69769e+06
2.69747e+06
2.69724e+06
2.69699e+06
2.69673e+06
2.69644e+06
2.69614e+06
2.69581e+06
2.69546e+06
2.69508e+06
2.69466e+06
2.69422e+06
2.69373e+06
2.69321e+06
2.69264e+06
2.69202e+06
2.69134e+06
2.69061e+06
2.68979e+06
2.6889e+06
2.68793e+06
2.68685e+06
2.68566e+06
2.68436e+06
2.68289e+06
2.68128e+06
2.67947e+06
2.67747e+06
2.67521e+06
2.67268e+06
2.66983e+06
2.66659e+06
2.66294e+06
2.65876e+06
2.65402e+06
2.64849e+06
2.64238e+06
2.63503e+06
2.62613e+06
2.6153e+06
2.60233e+06
2.58672e+06
2.56815e+06
2.54644e+06
2.52005e+06
2.50388e+06
2.45132e+06
2.38999e+06
2.32646e+06
2.26104e+06
2.18512e+06
2.06202e+06
1.91248e+06
1.74964e+06
2.70121e+06
2.70119e+06
2.70116e+06
2.70112e+06
2.70106e+06
2.70103e+06
2.70099e+06
2.70094e+06
2.70091e+06
2.70079e+06
2.7008e+06
2.70071e+06
2.70068e+06
2.7006e+06
2.70055e+06
2.70047e+06
2.7004e+06
2.70033e+06
2.70025e+06
2.70018e+06
2.7001e+06
2.70002e+06
2.69993e+06
2.69984e+06
2.69975e+06
2.69965e+06
2.69955e+06
2.69944e+06
2.69933e+06
2.69921e+06
2.69909e+06
2.69896e+06
2.69882e+06
2.69867e+06
2.69852e+06
2.69835e+06
2.69818e+06
2.69799e+06
2.6978e+06
2.69758e+06
2.69736e+06
2.69712e+06
2.69686e+06
2.69658e+06
2.69629e+06
2.69597e+06
2.69562e+06
2.69525e+06
2.69485e+06
2.69442e+06
2.69395e+06
2.69344e+06
2.69289e+06
2.69229e+06
2.69162e+06
2.69091e+06
2.69012e+06
2.68926e+06
2.68831e+06
2.68726e+06
2.68611e+06
2.68484e+06
2.68342e+06
2.68186e+06
2.6801e+06
2.67815e+06
2.67596e+06
2.6735e+06
2.67074e+06
2.6676e+06
2.66406e+06
2.66e+06
2.65541e+06
2.65005e+06
2.64411e+06
2.63699e+06
2.62832e+06
2.61781e+06
2.60513e+06
2.58992e+06
2.57172e+06
2.55047e+06
2.52441e+06
2.50914e+06
2.45672e+06
2.39452e+06
2.32956e+06
2.26271e+06
2.18489e+06
2.05763e+06
1.90242e+06
1.7291e+06
2.70126e+06
2.70124e+06
2.7012e+06
2.70117e+06
2.70111e+06
2.70108e+06
2.70104e+06
2.70099e+06
2.70096e+06
2.70084e+06
2.70085e+06
2.70076e+06
2.70073e+06
2.70065e+06
2.7006e+06
2.70052e+06
2.70045e+06
2.70038e+06
2.7003e+06
2.70023e+06
2.70015e+06
2.70007e+06
2.69999e+06
2.6999e+06
2.69981e+06
2.69971e+06
2.69961e+06
2.69951e+06
2.6994e+06
2.69928e+06
2.69916e+06
2.69903e+06
2.6989e+06
2.69876e+06
2.6986e+06
2.69844e+06
2.69827e+06
2.69809e+06
2.6979e+06
2.69769e+06
2.69747e+06
2.69724e+06
2.69699e+06
2.69672e+06
2.69643e+06
2.69612e+06
2.69578e+06
2.69542e+06
2.69503e+06
2.69461e+06
2.69415e+06
2.69366e+06
2.69311e+06
2.69253e+06
2.69189e+06
2.69119e+06
2.69042e+06
2.68958e+06
2.68866e+06
2.68765e+06
2.68652e+06
2.68529e+06
2.68391e+06
2.68239e+06
2.68069e+06
2.67879e+06
2.67666e+06
2.67428e+06
2.67159e+06
2.66854e+06
2.6651e+06
2.66117e+06
2.6567e+06
2.6515e+06
2.64572e+06
2.63883e+06
2.63037e+06
2.62018e+06
2.60779e+06
2.59299e+06
2.57517e+06
2.55439e+06
2.52876e+06
2.51425e+06
2.46234e+06
2.39935e+06
2.33301e+06
2.26451e+06
2.18479e+06
2.05332e+06
1.89252e+06
1.70783e+06
2.7013e+06
2.70129e+06
2.70125e+06
2.70122e+06
2.70116e+06
2.70113e+06
2.70109e+06
2.70103e+06
2.70101e+06
2.70089e+06
2.70089e+06
2.70081e+06
2.70077e+06
2.7007e+06
2.70064e+06
2.70057e+06
2.7005e+06
2.70042e+06
2.70035e+06
2.70028e+06
2.7002e+06
2.70012e+06
2.70004e+06
2.69996e+06
2.69986e+06
2.69977e+06
2.69967e+06
2.69957e+06
2.69946e+06
2.69935e+06
2.69923e+06
2.6991e+06
2.69897e+06
2.69883e+06
2.69868e+06
2.69853e+06
2.69836e+06
2.69818e+06
2.69799e+06
2.69779e+06
2.69758e+06
2.69735e+06
2.6971e+06
2.69684e+06
2.69656e+06
2.69625e+06
2.69592e+06
2.69557e+06
2.69519e+06
2.69478e+06
2.69433e+06
2.69385e+06
2.69332e+06
2.69276e+06
2.69213e+06
2.69145e+06
2.6907e+06
2.68989e+06
2.68899e+06
2.688e+06
2.68691e+06
2.68571e+06
2.68436e+06
2.68289e+06
2.68123e+06
2.67939e+06
2.67731e+06
2.675e+06
2.67238e+06
2.66942e+06
2.66607e+06
2.66225e+06
2.65789e+06
2.65286e+06
2.64722e+06
2.64055e+06
2.6323e+06
2.6224e+06
2.61031e+06
2.5959e+06
2.57848e+06
2.55817e+06
2.53305e+06
2.51915e+06
2.4681e+06
2.40447e+06
2.33677e+06
2.26645e+06
2.1847e+06
2.04923e+06
1.88287e+06
1.68574e+06
2.70135e+06
2.70134e+06
2.7013e+06
2.70127e+06
2.70121e+06
2.70117e+06
2.70114e+06
2.70108e+06
2.70105e+06
2.70093e+06
2.70094e+06
2.70085e+06
2.70082e+06
2.70074e+06
2.70068e+06
2.70061e+06
2.70054e+06
2.70047e+06
2.7004e+06
2.70033e+06
2.70025e+06
2.70017e+06
2.70009e+06
2.70001e+06
2.69992e+06
2.69983e+06
2.69973e+06
2.69963e+06
2.69952e+06
2.69941e+06
2.69929e+06
2.69917e+06
2.69904e+06
2.6989e+06
2.69876e+06
2.6986e+06
2.69844e+06
2.69827e+06
2.69808e+06
2.69788e+06
2.69767e+06
2.69745e+06
2.69721e+06
2.69695e+06
2.69668e+06
2.69638e+06
2.69606e+06
2.69572e+06
2.69534e+06
2.69494e+06
2.69451e+06
2.69404e+06
2.69352e+06
2.69297e+06
2.69235e+06
2.69169e+06
2.69096e+06
2.69017e+06
2.68929e+06
2.68833e+06
2.68726e+06
2.68609e+06
2.68478e+06
2.68334e+06
2.68173e+06
2.67994e+06
2.67791e+06
2.67566e+06
2.67311e+06
2.67023e+06
2.66697e+06
2.66325e+06
2.65901e+06
2.65411e+06
2.64863e+06
2.64213e+06
2.63411e+06
2.62445e+06
2.61268e+06
2.59863e+06
2.58165e+06
2.56179e+06
2.53724e+06
2.52382e+06
2.47397e+06
2.40985e+06
2.34086e+06
2.2685e+06
2.18464e+06
2.04538e+06
1.87365e+06
1.6622e+06
2.70139e+06
2.70138e+06
2.70134e+06
2.70132e+06
2.70125e+06
2.70122e+06
2.70118e+06
2.70112e+06
2.70109e+06
2.70097e+06
2.70098e+06
2.70089e+06
2.70085e+06
2.70078e+06
2.70072e+06
2.70065e+06
2.70058e+06
2.70051e+06
2.70044e+06
2.70037e+06
2.70029e+06
2.70022e+06
2.70013e+06
2.70005e+06
2.69996e+06
2.69987e+06
2.69978e+06
2.69968e+06
2.69957e+06
2.69947e+06
2.69935e+06
2.69923e+06
2.6991e+06
2.69897e+06
2.69882e+06
2.69867e+06
2.69851e+06
2.69834e+06
2.69816e+06
2.69797e+06
2.69776e+06
2.69754e+06
2.69731e+06
2.69706e+06
2.69679e+06
2.6965e+06
2.69618e+06
2.69585e+06
2.69548e+06
2.69509e+06
2.69466e+06
2.69421e+06
2.6937e+06
2.69316e+06
2.69256e+06
2.69192e+06
2.6912e+06
2.69043e+06
2.68957e+06
2.68864e+06
2.68759e+06
2.68645e+06
2.68517e+06
2.68377e+06
2.68219e+06
2.68045e+06
2.67847e+06
2.67628e+06
2.67379e+06
2.67099e+06
2.6678e+06
2.66418e+06
2.66004e+06
2.65528e+06
2.64993e+06
2.6436e+06
2.6358e+06
2.62638e+06
2.61492e+06
2.60121e+06
2.58465e+06
2.56525e+06
2.54131e+06
2.52825e+06
2.47987e+06
2.41547e+06
2.34519e+06
2.27066e+06
2.18451e+06
2.04177e+06
1.86535e+06
1.63674e+06
2.70143e+06
2.70143e+06
2.70139e+06
2.70137e+06
2.7013e+06
2.70127e+06
2.70122e+06
2.70116e+06
2.70113e+06
2.70101e+06
2.70102e+06
2.70093e+06
2.70089e+06
2.70082e+06
2.70076e+06
2.70069e+06
2.70062e+06
2.70055e+06
2.70048e+06
2.70041e+06
2.70033e+06
2.70026e+06
2.70018e+06
2.7001e+06
2.70001e+06
2.69992e+06
2.69983e+06
2.69973e+06
2.69962e+06
2.69952e+06
2.6994e+06
2.69929e+06
2.69916e+06
2.69903e+06
2.69889e+06
2.69874e+06
2.69858e+06
2.69842e+06
2.69824e+06
2.69805e+06
2.69784e+06
2.69763e+06
2.6974e+06
2.69716e+06
2.69689e+06
2.69661e+06
2.6963e+06
2.69597e+06
2.69561e+06
2.69523e+06
2.69481e+06
2.69437e+06
2.69387e+06
2.69334e+06
2.69275e+06
2.69213e+06
2.69142e+06
2.69067e+06
2.68983e+06
2.68892e+06
2.68789e+06
2.68679e+06
2.68553e+06
2.68417e+06
2.68261e+06
2.68092e+06
2.67898e+06
2.67684e+06
2.67441e+06
2.67168e+06
2.66856e+06
2.66504e+06
2.66099e+06
2.65635e+06
2.65113e+06
2.64496e+06
2.63735e+06
2.62817e+06
2.61699e+06
2.60365e+06
2.58749e+06
2.56857e+06
2.54527e+06
2.53243e+06
2.48588e+06
2.42134e+06
2.34978e+06
2.27292e+06
2.18428e+06
2.03836e+06
1.85813e+06
1.61008e+06
2.70148e+06
2.70147e+06
2.70143e+06
2.70142e+06
2.70134e+06
2.7013e+06
2.70126e+06
2.7012e+06
2.70117e+06
2.70104e+06
2.70105e+06
2.70096e+06
2.70092e+06
2.70085e+06
2.70079e+06
2.70072e+06
2.70065e+06
2.70058e+06
2.70051e+06
2.70044e+06
2.70037e+06
2.70029e+06
2.70021e+06
2.70013e+06
2.70005e+06
2.69996e+06
2.69987e+06
2.69977e+06
2.69967e+06
2.69957e+06
2.69945e+06
2.69934e+06
2.69921e+06
2.69908e+06
2.69894e+06
2.6988e+06
2.69864e+06
2.69848e+06
2.6983e+06
2.69812e+06
2.69792e+06
2.69771e+06
2.69748e+06
2.69724e+06
2.69698e+06
2.69671e+06
2.6964e+06
2.69609e+06
2.69573e+06
2.69536e+06
2.69495e+06
2.69451e+06
2.69402e+06
2.69351e+06
2.69293e+06
2.69232e+06
2.69163e+06
2.6909e+06
2.69006e+06
2.68918e+06
2.68817e+06
2.68709e+06
2.68586e+06
2.68453e+06
2.68301e+06
2.68135e+06
2.67946e+06
2.67737e+06
2.67498e+06
2.67232e+06
2.66927e+06
2.66582e+06
2.66187e+06
2.65733e+06
2.65222e+06
2.64619e+06
2.63875e+06
2.6298e+06
2.61887e+06
2.60586e+06
2.59008e+06
2.57169e+06
2.54902e+06
2.53618e+06
2.49188e+06
2.42774e+06
2.35482e+06
2.27517e+06
2.18401e+06
2.03492e+06
1.85214e+06
1.58253e+06
2.70153e+06
2.70153e+06
2.70148e+06
2.70148e+06
2.70139e+06
2.70135e+06
2.7013e+06
2.70124e+06
2.70121e+06
2.70107e+06
2.70108e+06
2.70099e+06
2.70096e+06
2.70088e+06
2.70082e+06
2.70075e+06
2.70069e+06
2.70062e+06
2.70054e+06
2.70048e+06
2.7004e+06
2.70033e+06
2.70025e+06
2.70017e+06
2.70008e+06
2.7e+06
2.69991e+06
2.69981e+06
2.69971e+06
2.69961e+06
2.6995e+06
2.69938e+06
2.69926e+06
2.69913e+06
2.69899e+06
2.69885e+06
2.6987e+06
2.69854e+06
2.69837e+06
2.69819e+06
2.69799e+06
2.69779e+06
2.69756e+06
2.69733e+06
2.69707e+06
2.6968e+06
2.6965e+06
2.69619e+06
2.69584e+06
2.69548e+06
2.69507e+06
2.69465e+06
2.69416e+06
2.69367e+06
2.69309e+06
2.69251e+06
2.69181e+06
2.69111e+06
2.69028e+06
2.68943e+06
2.68843e+06
2.68739e+06
2.68616e+06
2.68488e+06
2.68337e+06
2.68177e+06
2.67989e+06
2.67787e+06
2.67551e+06
2.67293e+06
2.66991e+06
2.66657e+06
2.66267e+06
2.65826e+06
2.65322e+06
2.64736e+06
2.64004e+06
2.63134e+06
2.62058e+06
2.60794e+06
2.59243e+06
2.57459e+06
2.55241e+06
2.53958e+06
2.49726e+06
2.43425e+06
2.36046e+06
2.27812e+06
2.1838e+06
2.03146e+06
1.84691e+06
1.55475e+06
2.70157e+06
2.70156e+06
2.70152e+06
2.70152e+06
2.70142e+06
2.70138e+06
2.70133e+06
2.70126e+06
2.70123e+06
2.70109e+06
2.70111e+06
2.70102e+06
2.70098e+06
2.70091e+06
2.70085e+06
2.70078e+06
2.70071e+06
2.70064e+06
2.70057e+06
2.7005e+06
2.70043e+06
2.70036e+06
2.70028e+06
2.7002e+06
2.70012e+06
2.70003e+06
2.69994e+06
2.69985e+06
2.69975e+06
2.69965e+06
2.69954e+06
2.69943e+06
2.6993e+06
2.69918e+06
2.69904e+06
2.69891e+06
2.69875e+06
2.6986e+06
2.69843e+06
2.69825e+06
2.69806e+06
2.69786e+06
2.69763e+06
2.69741e+06
2.69715e+06
2.69689e+06
2.69659e+06
2.69629e+06
2.69594e+06
2.69559e+06
2.69519e+06
2.69478e+06
2.6943e+06
2.69382e+06
2.69324e+06
2.69267e+06
2.69199e+06
2.69131e+06
2.69049e+06
2.68966e+06
2.68866e+06
2.68765e+06
2.68644e+06
2.68519e+06
2.6837e+06
2.68214e+06
2.68029e+06
2.67832e+06
2.676e+06
2.67348e+06
2.67051e+06
2.66725e+06
2.66342e+06
2.65911e+06
2.65416e+06
2.64843e+06
2.64125e+06
2.63274e+06
2.62219e+06
2.60987e+06
2.59465e+06
2.57732e+06
2.55558e+06
2.54287e+06
2.50228e+06
2.44001e+06
2.36563e+06
2.28112e+06
2.18344e+06
2.02921e+06
1.84346e+06
1.52447e+06
2.70164e+06
2.70165e+06
2.70159e+06
2.7016e+06
2.7015e+06
2.70145e+06
2.70139e+06
2.7013e+06
2.70127e+06
2.70112e+06
2.70114e+06
2.70105e+06
2.70101e+06
2.70094e+06
2.70087e+06
2.70081e+06
2.70073e+06
2.70067e+06
2.70059e+06
2.70053e+06
2.70045e+06
2.70038e+06
2.7003e+06
2.70023e+06
2.70014e+06
2.70006e+06
2.69997e+06
2.69988e+06
2.69978e+06
2.69968e+06
2.69957e+06
2.69946e+06
2.69934e+06
2.69922e+06
2.69909e+06
2.69895e+06
2.6988e+06
2.69865e+06
2.69848e+06
2.69831e+06
2.69812e+06
2.69792e+06
2.6977e+06
2.69748e+06
2.69723e+06
2.69698e+06
2.69668e+06
2.69639e+06
2.69604e+06
2.6957e+06
2.6953e+06
2.6949e+06
2.69442e+06
2.69396e+06
2.69339e+06
2.69284e+06
2.69216e+06
2.6915e+06
2.69068e+06
2.68988e+06
2.68889e+06
2.68791e+06
2.68671e+06
2.6855e+06
2.68402e+06
2.6825e+06
2.68068e+06
2.67876e+06
2.67646e+06
2.674e+06
2.67108e+06
2.6679e+06
2.66412e+06
2.65991e+06
2.65504e+06
2.64943e+06
2.64237e+06
2.63406e+06
2.62369e+06
2.61167e+06
2.59673e+06
2.57989e+06
2.55856e+06
2.546e+06
2.5072e+06
2.4459e+06
2.37042e+06
2.28324e+06
2.18241e+06
2.02771e+06
1.84243e+06
1.49297e+06
2.70168e+06
2.70166e+06
2.7016e+06
2.70163e+06
2.70152e+06
2.70146e+06
2.7014e+06
2.70131e+06
2.70128e+06
2.70113e+06
2.70115e+06
2.70106e+06
2.70102e+06
2.70095e+06
2.70089e+06
2.70083e+06
2.70075e+06
2.70069e+06
2.70062e+06
2.70056e+06
2.70048e+06
2.70042e+06
2.70033e+06
2.70027e+06
2.70018e+06
2.7001e+06
2.70001e+06
2.69992e+06
2.69982e+06
2.69973e+06
2.69962e+06
2.69952e+06
2.69939e+06
2.69928e+06
2.69914e+06
2.69901e+06
2.69886e+06
2.69871e+06
2.69854e+06
2.69838e+06
2.69818e+06
2.698e+06
2.69777e+06
2.69756e+06
2.6973e+06
2.69706e+06
2.69676e+06
2.69648e+06
2.69613e+06
2.69581e+06
2.6954e+06
2.69502e+06
2.69454e+06
2.69409e+06
2.69352e+06
2.69298e+06
2.69231e+06
2.69166e+06
2.69085e+06
2.69007e+06
2.68909e+06
2.68813e+06
2.68694e+06
2.68576e+06
2.6843e+06
2.68281e+06
2.681e+06
2.67912e+06
2.67686e+06
2.67445e+06
2.67158e+06
2.66845e+06
2.66474e+06
2.6606e+06
2.65581e+06
2.65031e+06
2.64337e+06
2.63522e+06
2.62504e+06
2.61329e+06
2.59862e+06
2.58225e+06
2.56133e+06
2.54888e+06
2.51204e+06
2.45179e+06
2.37524e+06
2.28571e+06
2.18121e+06
2.02529e+06
1.84036e+06
1.45906e+06
2.70179e+06
2.70196e+06
2.70174e+06
2.7018e+06
2.70171e+06
2.70161e+06
2.70152e+06
2.70138e+06
2.70131e+06
2.70116e+06
2.70117e+06
2.70109e+06
2.70104e+06
2.70098e+06
2.70091e+06
2.70085e+06
2.70077e+06
2.70072e+06
2.70063e+06
2.70058e+06
2.7005e+06
2.70044e+06
2.70035e+06
2.70029e+06
2.7002e+06
2.70013e+06
2.70003e+06
2.69996e+06
2.69984e+06
2.69976e+06
2.69964e+06
2.69955e+06
2.69942e+06
2.69932e+06
2.69917e+06
2.69906e+06
2.69889e+06
2.69877e+06
2.69858e+06
2.69844e+06
2.69823e+06
2.69807e+06
2.69782e+06
2.69764e+06
2.69736e+06
2.69715e+06
2.69683e+06
2.69659e+06
2.69621e+06
2.69593e+06
2.69549e+06
2.69515e+06
2.69465e+06
2.69424e+06
2.69365e+06
2.69316e+06
2.69246e+06
2.69187e+06
2.69103e+06
2.6903e+06
2.6893e+06
2.6884e+06
2.68719e+06
2.68607e+06
2.6846e+06
2.68319e+06
2.68137e+06
2.67957e+06
2.67731e+06
2.67499e+06
2.67212e+06
2.6691e+06
2.66541e+06
2.6614e+06
2.65664e+06
2.65129e+06
2.64442e+06
2.63648e+06
2.62643e+06
2.61497e+06
2.60052e+06
2.58463e+06
2.56408e+06
2.55166e+06
2.51684e+06
2.45784e+06
2.38037e+06
2.28826e+06
2.17949e+06
2.02185e+06
1.83605e+06
1.42688e+06
2.70193e+06
2.70193e+06
2.7017e+06
2.70185e+06
2.70175e+06
2.70159e+06
2.70148e+06
2.70134e+06
2.70134e+06
2.70119e+06
2.70122e+06
2.70113e+06
2.70109e+06
2.70103e+06
2.70097e+06
2.7009e+06
2.70084e+06
2.70077e+06
2.7007e+06
2.70064e+06
2.70057e+06
2.70051e+06
2.70043e+06
2.70036e+06
2.70028e+06
2.7002e+06
2.70011e+06
2.70003e+06
2.69993e+06
2.69984e+06
2.69973e+06
2.69963e+06
2.69951e+06
2.69939e+06
2.69926e+06
2.69913e+06
2.69898e+06
2.69884e+06
2.69867e+06
2.69851e+06
2.69832e+06
2.69814e+06
2.69792e+06
2.69771e+06
2.69746e+06
2.69722e+06
2.69693e+06
2.69666e+06
2.69632e+06
2.696e+06
2.6956e+06
2.69523e+06
2.69476e+06
2.69432e+06
2.69377e+06
2.69323e+06
2.69258e+06
2.69194e+06
2.69117e+06
2.69038e+06
2.68945e+06
2.68849e+06
2.68736e+06
2.68617e+06
2.68479e+06
2.68329e+06
2.68159e+06
2.6797e+06
2.67757e+06
2.67514e+06
2.67243e+06
2.6693e+06
2.66579e+06
2.66166e+06
2.6571e+06
2.65163e+06
2.64503e+06
2.63702e+06
2.62726e+06
2.61585e+06
2.60172e+06
2.58608e+06
2.56589e+06
2.5535e+06
2.52067e+06
2.4627e+06
2.38473e+06
2.29019e+06
2.17771e+06
2.01872e+06
1.83277e+06
1.39949e+06
2.70262e+06
2.70482e+06
2.70262e+06
2.70266e+06
2.70285e+06
2.70256e+06
2.70217e+06
2.70162e+06
2.70131e+06
2.70115e+06
2.70123e+06
2.70116e+06
2.70111e+06
2.70105e+06
2.70098e+06
2.70092e+06
2.70085e+06
2.70079e+06
2.70071e+06
2.70065e+06
2.70058e+06
2.70051e+06
2.70043e+06
2.70037e+06
2.70028e+06
2.70021e+06
2.70011e+06
2.70004e+06
2.69993e+06
2.69985e+06
2.69973e+06
2.69964e+06
2.69952e+06
2.69941e+06
2.69927e+06
2.69916e+06
2.699e+06
2.69887e+06
2.6987e+06
2.69855e+06
2.69836e+06
2.69819e+06
2.69797e+06
2.69777e+06
2.69752e+06
2.6973e+06
2.69701e+06
2.69675e+06
2.69641e+06
2.69611e+06
2.69572e+06
2.69537e+06
2.6949e+06
2.69449e+06
2.69394e+06
2.69344e+06
2.6928e+06
2.6922e+06
2.69142e+06
2.69069e+06
2.68977e+06
2.68887e+06
2.68775e+06
2.68663e+06
2.68526e+06
2.68386e+06
2.68217e+06
2.68039e+06
2.67828e+06
2.676e+06
2.67332e+06
2.67037e+06
2.66691e+06
2.66302e+06
2.65851e+06
2.65333e+06
2.64683e+06
2.63923e+06
2.62967e+06
2.61883e+06
2.60509e+06
2.59033e+06
2.57095e+06
2.55894e+06
2.5303e+06
2.47719e+06
2.40056e+06
2.30179e+06
2.18153e+06
2.02189e+06
1.83857e+06
1.32905e+06
1.82473e+06
1.69174e+06
1.54482e+06
1.39924e+06
1.26399e+06
1.1335e+06
1.01309e+06
904789
803734
709256
625931
555262
491998
434991
388136
350162
316784
287134
263342
244587
229041
214780
203409
194033
185282
176325
168470
161210
153757
145330
137488
130184
122274
114369
107090
99948.4
92820.8
86147.7
80027.2
75952.9
1.80265e+06
1.676e+06
1.53814e+06
1.40176e+06
1.27594e+06
1.15522e+06
1.04391e+06
942928
848523
760344
679516
608798
548578
494475
444388
401195
366303
337103
311249
286460
265755
249458
235706
223521
211736
199943
190430
181822
173482
164564
155872
148231
140414
132419
124802
117547
110443
103477
96989
90637.2
1.79409e+06
1.66643e+06
1.52779e+06
1.39085e+06
1.26598e+06
1.14753e+06
1.03609e+06
934182
842515
757746
676876
605834
547388
495950
447400
404104
369116
340313
314903
290198
269150
252684
238681
225849
212412
201362
191985
183077
173412
164268
156370
148585
139995
132397
125105
117636
110564
103825
97533.6
91887.5
1.78116e+06
1.65127e+06
1.51204e+06
1.37763e+06
1.25342e+06
1.13422e+06
1.02695e+06
929064
836607
751670
674503
607528
550277
497837
449866
410027
377578
348920
321370
297191
277751
261550
247211
232945
218997
207622
197599
188160
178146
168189
159823
151785
143317
135214
127680
120282
113056
106193
99920.8
94147.3
1.76783e+06
1.6356e+06
1.49323e+06
1.35781e+06
1.23756e+06
1.11934e+06
1.00854e+06
913421
826402
742050
664113
599667
545931
496181
449537
410443
378952
351760
325928
301689
282030
265689
251119
236622
222160
210254
199763
189771
178952
168927
160395
151819
143111
135078
127394
119887
112695
105871
99702.5
94084.3
1.75199e+06
1.61528e+06
1.47294e+06
1.33804e+06
1.21481e+06
1.09856e+06
993194
896920
809275
729033
655167
592666
540393
492025
447911
411576
381751
355063
328842
305782
286822
270522
255641
240098
225477
213309
202336
191740
180148
170034
161211
152392
143206
135321
127596
119772
112677
105968
99751.5
94135.6
1.73575e+06
1.59435e+06
1.44651e+06
1.31511e+06
1.19572e+06
1.07528e+06
968906
880036
795343
713678
642040
583917
534597
488602
446232
411427
382838
357532
332772
309619
290559
274098
258893
243167
227943
215275
203833
192695
180624
170339
161254
152025
142842
134670
127007
119165
111916
105267
99202.8
93663.8
1.7162e+06
1.57225e+06
1.42215e+06
1.28661e+06
1.16974e+06
1.055e+06
947750
856529
776322
701453
630998
574046
527834
485449
445377
411762
384252
359854
336397
313238
293965
277265
261660
245769
229927
216773
204951
193263
180868
170697
161054
151458
142441
134051
126309
118482
111230
104619
98612.4
93133.6
1.69564e+06
1.54512e+06
1.39649e+06
1.26187e+06
1.14049e+06
1.02896e+06
927281
835901
757533
686783
620041
565408
521798
482544
444757
412540
386064
362398
339437
316311
296914
280037
264048
247142
231329
218164
205892
192861
180852
170706
160636
150522
141868
133414
125310
117628
110523
103767
97823.9
92491.1
1.67539e+06
1.51814e+06
1.36433e+06
1.23643e+06
1.11598e+06
1.00025e+06
902902
817611
740311
671218
609127
558827
518001
479673
443894
413954
388769
365337
340970
318847
300005
282821
265419
247724
232478
219089
206184
192567
180612
170281
160157
149770
141030
132679
124509
116694
109684
102984
97059.2
91814.7
1.65185e+06
1.49241e+06
1.33401e+06
1.20394e+06
1.09156e+06
975657
876843
798154
724923
657178
599103
553384
514503
477420
444012
415996
391297
367393
343011
321154
302032
284385
266447
248582
232957
219238
206282
192558
179997
169378
159581
149387
140005
131732
123802
115868
108735
102177
96341.5
91126
1.62618e+06
1.46246e+06
1.30571e+06
1.17434e+06
1.06148e+06
951182
854046
778094
709668
645383
590833
548435
512058
476971
444910
417541
393145
369419
345085
322762
303104
285180
267740
249277
232872
218728
205761
192837
179536
168574
158700
148668
139346
130790
122863
115066
107921
101336
95593.7
90460.5
1.60131e+06
1.43095e+06
1.2735e+06
1.14645e+06
1.03452e+06
924529
832293
760687
695157
634666
584103
544447
510314
477476
446194
418761
394313
371133
347387
324048
303601
285311
267957
250079
232825
218315
205200
192405
178964
167895
157958
147827
138541
129935
122033
114245
107119
100565
94898
89834.4
1.57461e+06
1.40176e+06
1.24068e+06
1.11539e+06
1.0089e+06
901195
810976
742893
682407
626827
578961
541332
509066
478618
447719
420076
395358
371964
348843
324917
304007
285473
267897
250072
232534
217846
204660
191809
178288
167202
157159
147005
137769
129147
121184
113437
106418
99831.9
94184.1
89251.1
1.54564e+06
1.37094e+06
1.21141e+06
1.08354e+06
979979
880147
792653
725986
670301
620174
575550
539625
508747
479101
448877
421207
396289
372730
349381
325249
304122
285424
267750
249660
232091
217372
204121
191055
177552
166576
156383
146136
137087
128390
120370
112721
105730
99127.4
93547.3
88746.8
1.51598e+06
1.33862e+06
1.18133e+06
1.05558e+06
952552
856857
777332
712104
659582
614659
573405
538836
508957
479328
449699
422180
397175
373428
349080
325145
304141
285387
267539
248728
231533
216922
203585
190180
176783
165861
155690
145293
136339
127721
119590
112000
105112
98481.8
92913.7
88316.8
1.48549e+06
1.30544e+06
1.15078e+06
1.02903e+06
927326
835234
761545
701224
650875
609907
572483
538575
509019
479782
450303
422869
397732
373338
348556
324954
304060
285180
266921
247919
230953
216343
202930
189424
176073
165181
154918
144597
135657
127056
118907
111327
104523
97901.8
92341.2
87992.1
1.45616e+06
1.27151e+06
1.11977e+06
1.00334e+06
904806
815672
746726
691770
644685
606117
571979
539360
508297
479967
451463
423158
397128
372989
348683
324757
303306
284305
266313
247653
230290
215538
202096
188714
175436
164605
154047
143891
135029
126406
118242
110696
103944
97345.3
91799.7
87832.9
1.42611e+06
1.23997e+06
1.08856e+06
978177
884478
797744
733491
683347
640178
604117
571301
540064
508489
479190
451639
424084
396419
372011
348516
324566
302719
283595
265499
246987
229653
214957
201474
187777
174827
164064
153271
143265
134434
125789
117661
110166
103428
96815
91321.3
87882.6
1.39467e+06
1.20934e+06
1.0594e+06
953409
865411
782197
721644
676117
636904
603079
571270
540000
508400
479120
451313
424052
395983
371060
347771
324159
302064
282907
264759
246068
228990
214426
200826
186656
174366
163495
152411
142663
133811
125215
117073
109624
102885
96324.6
90817.2
88377
1.36177e+06
1.17834e+06
1.03331e+06
929623
846908
768772
712016
670276
634759
602498
571255
539873
508182
478900
451013
423559
395370
370512
347139
323337
301528
282471
263921
245040
228524
214106
199903
185876
174039
162838
151777
142152
133395
124647
116622
109225
102482
95855.1
90459.2
89223.9
1.32998e+06
1.14592e+06
1.00885e+06
910243
828862
754690
703794
666570
633564
602261
571174
539524
507737
478457
450484
422802
394422
369852
346398
322166
300914
281933
262607
244110
228353
213192
198734
185377
173565
161866
151227
141464
132837
124024
116238
108448
102122
95193
90176.6
90304.9
1.29885e+06
1.11233e+06
983843
892591
814230
744142
696828
663625
632808
602038
570995
539229
507377
478236
450104
421172
394573
369398
344654
322000
301113
280652
261548
244180
228030
212387
198045
185092
173277
161442
150681
141188
132557
123619
115969
108298
101811
94910.4
89705.9
92211.8
1.27004e+06
1.08544e+06
963018
875631
798522
729391
690451
662047
632555
601843
570534
538358
506773
477635
448806
420358
393403
368106
344040
320914
299533
279701
261148
243053
226437
211501
197886
184195
171806
160558
150484
140530
131518
122949
115451
107684
101176
94111.8
89244.4
95079.4
1.2361e+06
1.0474e+06
939205
858769
782682
721973
688029
661255
632147
601352
569813
537609
506082
476703
447894
419452
392780
367216
343173
320216
299057
278900
260402
242339
226157
210948
197179
183519
171699
160139
149979
139984
131374
122619
115168
107289
101013
93534.7
88758
99034.4
1.20739e+06
1.02271e+06
926067
847946
771638
715276
685819
660616
631904
600865
569045
536758
505194
475816
446902
418606
391891
366346
342382
319467
298234
278231
259748
241609
225529
210415
196627
182937
171200
159678
149571
139551
130971
122252
114821
106949
100743
92838.4
88101.7
104122
1.18337e+06
999124
912077
838229
758156
708748
684444
660289
631618
600305
568120
535756
504132
474758
445834
417459
390871
365272
341334
318314
297287
277186
258742
240544
224705
209451
195742
182078
170436
158875
148857
138852
130315
121635
114236
106356
100294
91914.4
87826
110714
1.12373e+06
945854
891997
813127
734637
699432
685010
661648
631891
599676
566816
533680
501567
471901
442790
414160
387413
361832
337820
314782
293817
273866
255421
237356
221573
206536
192886
179422
167835
156487
146511
136740
128240
119758
112397
104750
98653.5
90160
89920.1
124065
)
;

boundaryField
{
    inlet
    {
        type            fixedValue;
        value           uniform 2.7035e+06;
    }
    outlet
    {
        type            waveTransmissive;
        psi             psi;
        gamma           1.2;
        fieldInf        101325;
        lInf            0.0693549;
        value           nonuniform List<scalar> 
28
(
76438.1
90843.6
92066.9
94279
94216.9
94270.2
93803.1
93281.4
92656.1
91995.1
91314
90661.9
90045.3
89478.5
88982.2
88563.1
88247.4
88092
88141.3
88626.8
89459.6
90518.4
92390.9
95206.6
99085
104075
110542
123637
)
;
    }
    fluid_to_graphite
    {
        type            zeroGradient;
    }
    wedgeBack
    {
        type            wedge;
    }
    wedgeFront
    {
        type            wedge;
    }
    defaultFaces
    {
        type            empty;
    }
}


                                                                               
