                                                                               
                             
                                                                   
                                                            
                                          
                             
                                                                               
FoamFile
{
    format          ascii;
    class           volScalarField;
    location        1 / fluid;
    object          rho;
}
                                                                               

dimensions      [ 1 -3 0 0 0 0 0 ];

internalField   nonuniform List<scalar> 
4592
(
2.9431
2.94298
2.94287
2.94275
2.94265
2.94254
2.94245
2.94235
2.94226
2.94217
2.94209
2.942
2.94193
2.94186
2.94179
2.94171
2.94164
2.94158
2.94151
2.94144
2.94138
2.94133
2.94127
2.94122
2.94117
2.94112
2.94108
2.94103
2.94098
2.94093
2.94088
2.94083
2.9431
2.94298
2.94287
2.94275
2.94265
2.94254
2.94244
2.94234
2.94225
2.94216
2.94207
2.94199
2.94191
2.94184
2.94177
2.94169
2.94162
2.94155
2.94148
2.94142
2.94135
2.94129
2.94124
2.94118
2.94113
2.94108
2.94102
2.94097
2.94092
2.94087
2.94082
2.94077
2.9431
2.94298
2.94287
2.94275
2.94265
2.94254
2.94245
2.94235
2.94226
2.94217
2.94208
2.942
2.94192
2.94185
2.94178
2.94171
2.94163
2.94156
2.9415
2.94143
2.94137
2.94131
2.94125
2.9412
2.94115
2.9411
2.94104
2.94099
2.94094
2.94089
2.94084
2.94079
2.94311
2.94298
2.94287
2.94275
2.94265
2.94254
2.94245
2.94235
2.94226
2.94217
2.94208
2.942
2.94193
2.94185
2.94178
2.94171
2.94164
2.94157
2.9415
2.94144
2.94137
2.94132
2.94126
2.94121
2.94116
2.9411
2.94105
2.941
2.94095
2.9409
2.94085
2.9408
2.94311
2.94298
2.94288
2.94276
2.94266
2.94255
2.94246
2.94236
2.94227
2.94218
2.94209
2.94201
2.94194
2.94186
2.94179
2.94172
2.94165
2.94158
2.94152
2.94146
2.9414
2.94134
2.94129
2.94123
2.94118
2.94113
2.94108
2.94103
2.94098
2.94093
2.94088
2.94083
2.94312
2.94299
2.94288
2.94276
2.94266
2.94255
2.94246
2.94236
2.94227
2.94218
2.9421
2.94202
2.94195
2.94187
2.9418
2.94173
2.94167
2.9416
2.94153
2.94147
2.94141
2.94136
2.94131
2.94126
2.94121
2.94116
2.94111
2.94106
2.94101
2.94096
2.94091
2.94085
2.94312
2.94299
2.94289
2.94276
2.94267
2.94256
2.94247
2.94237
2.94228
2.94219
2.94211
2.94203
2.94196
2.94189
2.94182
2.94175
2.94168
2.94162
2.94155
2.94149
2.94144
2.94138
2.94133
2.94129
2.94124
2.94119
2.94114
2.94109
2.94104
2.94099
2.94094
2.94089
2.94313
2.94299
2.94289
2.94276
2.94267
2.94256
2.94247
2.94237
2.94229
2.9422
2.94212
2.94204
2.94197
2.9419
2.94183
2.94176
2.9417
2.94163
2.94157
2.94151
2.94146
2.94141
2.94136
2.94131
2.94127
2.94122
2.94117
2.94112
2.94107
2.94102
2.94097
2.94093
2.94313
2.94299
2.9429
2.94277
2.94268
2.94256
2.94248
2.94238
2.94229
2.9422
2.94213
2.94205
2.94198
2.94191
2.94184
2.94178
2.94171
2.94165
2.94159
2.94153
2.94148
2.94143
2.94139
2.94134
2.9413
2.94125
2.9412
2.94116
2.94111
2.94106
2.94101
2.94096
2.94314
2.94299
2.9429
2.94277
2.94268
2.94257
2.94248
2.94238
2.9423
2.94221
2.94213
2.94206
2.94199
2.94192
2.94186
2.94179
2.94173
2.94167
2.94161
2.94155
2.9415
2.94146
2.94141
2.94137
2.94133
2.94128
2.94124
2.94119
2.94114
2.94109
2.94105
2.941
2.94315
2.94299
2.94291
2.94277
2.94268
2.94257
2.94249
2.94239
2.9423
2.94222
2.94214
2.94207
2.942
2.94193
2.94187
2.9418
2.94174
2.94168
2.94163
2.94157
2.94153
2.94148
2.94144
2.9414
2.94136
2.94131
2.94127
2.94122
2.94118
2.94113
2.94109
2.94104
2.94315
2.94299
2.94291
2.94277
2.94269
2.94257
2.94249
2.94239
2.94231
2.94222
2.94215
2.94208
2.94201
2.94194
2.94188
2.94182
2.94176
2.9417
2.94164
2.94159
2.94155
2.94151
2.94147
2.94143
2.94138
2.94134
2.9413
2.94126
2.94121
2.94117
2.94112
2.94108
2.94316
2.94299
2.94292
2.94277
2.94269
2.94257
2.94249
2.9424
2.94232
2.94223
2.94216
2.94208
2.94202
2.94195
2.94189
2.94183
2.94177
2.94171
2.94166
2.94161
2.94157
2.94153
2.94149
2.94145
2.94141
2.94137
2.94133
2.94129
2.94124
2.9412
2.94116
2.94113
2.94317
2.94298
2.94292
2.94277
2.94269
2.94257
2.9425
2.9424
2.94232
2.94224
2.94216
2.94209
2.94203
2.94196
2.9419
2.94184
2.94179
2.94173
2.94168
2.94163
2.94159
2.94155
2.94151
2.94148
2.94144
2.9414
2.94136
2.94132
2.94128
2.94124
2.9412
2.94117
2.94318
2.94298
2.94293
2.94277
2.9427
2.94258
2.9425
2.9424
2.94233
2.94224
2.94217
2.9421
2.94203
2.94197
2.94191
2.94186
2.9418
2.94174
2.94169
2.94165
2.94161
2.94157
2.94153
2.9415
2.94147
2.94143
2.94139
2.94135
2.94131
2.94128
2.94124
2.94121
2.94319
2.94297
2.94293
2.94277
2.9427
2.94258
2.9425
2.94241
2.94233
2.94225
2.94218
2.9421
2.94204
2.94198
2.94192
2.94187
2.94181
2.94176
2.94171
2.94166
2.94162
2.94159
2.94156
2.94152
2.94149
2.94146
2.94142
2.94139
2.94135
2.94131
2.94128
2.94125
2.9432
2.94296
2.94294
2.94276
2.9427
2.94258
2.94251
2.94241
2.94234
2.94225
2.94218
2.94211
2.94205
2.94199
2.94193
2.94188
2.94182
2.94177
2.94172
2.94168
2.94164
2.9416
2.94157
2.94154
2.94151
2.94148
2.94145
2.94142
2.94138
2.94135
2.94131
2.94129
2.94322
2.94295
2.94294
2.94276
2.94271
2.94258
2.94251
2.94241
2.94234
2.94226
2.94219
2.94212
2.94206
2.942
2.94194
2.94189
2.94184
2.94178
2.94174
2.94169
2.94165
2.94162
2.94159
2.94156
2.94154
2.94151
2.94148
2.94145
2.94142
2.94139
2.94135
2.94133
2.94323
2.94294
2.94295
2.94276
2.94271
2.94258
2.94251
2.94242
2.94235
2.94226
2.9422
2.94212
2.94206
2.942
2.94195
2.9419
2.94185
2.9418
2.94175
2.9417
2.94167
2.94163
2.94161
2.94158
2.94156
2.94153
2.94151
2.94148
2.94145
2.94142
2.94139
2.94137
2.94325
2.94293
2.94295
2.94276
2.94271
2.94259
2.94252
2.94242
2.94235
2.94227
2.9422
2.94213
2.94207
2.94201
2.94196
2.94191
2.94186
2.94181
2.94177
2.94172
2.94168
2.94165
2.94162
2.94159
2.94158
2.94155
2.94153
2.94151
2.94149
2.94146
2.94144
2.94141
2.94326
2.94292
2.94295
2.94275
2.94272
2.94259
2.94252
2.94243
2.94236
2.94228
2.94221
2.94214
2.94208
2.94202
2.94197
2.94191
2.94187
2.94182
2.94178
2.94173
2.94169
2.94165
2.94163
2.9416
2.94159
2.94157
2.94155
2.94153
2.94152
2.94149
2.94148
2.94146
2.94328
2.9429
2.94296
2.94275
2.94272
2.94259
2.94253
2.94243
2.94236
2.94229
2.94222
2.94215
2.94209
2.94203
2.94198
2.94193
2.94188
2.94183
2.94179
2.94175
2.94171
2.94167
2.94165
2.94162
2.94161
2.94159
2.94158
2.94156
2.94156
2.94154
2.94153
2.94152
2.9433
2.94289
2.94296
2.94275
2.94272
2.9426
2.94253
2.94244
2.94237
2.94229
2.94223
2.94216
2.9421
2.94203
2.94198
2.94193
2.94189
2.94184
2.9418
2.94176
2.94172
2.94169
2.94166
2.94163
2.94161
2.9416
2.94159
2.94158
2.94158
2.94157
2.94158
2.94158
2.94333
2.94287
2.94298
2.94276
2.94274
2.94261
2.94255
2.94245
2.94239
2.94231
2.94225
2.94218
2.94212
2.94206
2.94201
2.94196
2.94191
2.94187
2.94184
2.9418
2.94177
2.94173
2.94171
2.94168
2.94167
2.94164
2.94164
2.94163
2.94165
2.94165
2.94168
2.94175
2.94336
2.94287
2.94299
2.94278
2.94276
2.94263
2.94258
2.94249
2.94242
2.94235
2.94229
2.94222
2.94217
2.94212
2.94207
2.94202
2.94199
2.94195
2.94192
2.94189
2.94188
2.94185
2.94185
2.94183
2.94183
2.94182
2.94184
2.94184
2.94187
2.9419
2.94203
2.94252
2.94349
2.94295
2.94313
2.94293
2.94293
2.94283
2.94281
2.94275
2.94275
2.94271
2.94274
2.94271
2.94276
2.94275
2.94282
2.94283
2.94292
2.94294
2.94304
2.94308
2.94321
2.94325
2.9434
2.94345
2.94361
2.94367
2.94384
2.94394
2.9442
2.94467
2.9458
2.94963
2.94418
2.94385
2.94464
2.94486
2.94563
2.94601
2.947
2.94756
2.94882
2.94945
2.95077
2.95143
2.95283
2.95356
2.95509
2.95587
2.95746
2.95824
2.95982
2.96059
2.96217
2.96294
2.96464
2.96543
2.96728
2.96831
2.97056
2.97252
2.97588
2.98105
2.98855
3.00885
2.95529
2.97567
2.9958
3.01587
3.03495
3.05425
3.07219
3.08996
3.10607
3.12188
3.13597
3.15012
3.16268
3.17591
3.1876
3.20053
3.21174
3.2246
3.23539
3.24808
3.2582
3.27055
3.27981
3.29163
3.29994
3.31109
3.31853
3.32947
3.33674
3.34896
3.35829
3.38452
2.94078
2.94073
2.94068
2.94063
2.94057
2.94052
2.94047
2.94042
2.94037
2.94031
2.94026
2.9402
2.94015
2.94009
2.94003
2.93997
2.93991
2.93984
2.93977
2.93969
2.93962
2.93954
2.93945
2.93936
2.93926
2.93916
2.93904
2.93893
2.93881
2.93868
2.93854
2.9384
2.93826
2.93809
2.93793
2.93774
2.93755
2.93735
2.93713
2.9369
2.93665
2.93639
2.9361
2.9358
2.93546
2.93513
2.93474
2.93435
2.93388
2.93342
2.93289
2.93235
2.93173
2.93106
2.93032
2.92954
2.92864
2.92772
2.92668
2.92543
2.92422
2.92279
2.92122
2.91946
2.91752
2.9153
2.9129
2.91024
2.90713
2.90367
2.89977
2.89524
2.89023
2.88442
2.87788
2.8703
2.8615
2.85125
2.83916
2.82503
2.80834
2.78871
2.76555
2.74126
2.70735
2.66639
2.61916
2.56578
2.50527
2.42949
2.3378
2.23398
2.94072
2.94066
2.94061
2.94056
2.9405
2.94044
2.94038
2.94032
2.94027
2.94019
2.94015
2.94008
2.94002
2.93995
2.93988
2.93981
2.93974
2.93966
2.93959
2.93951
2.93942
2.93933
2.93923
2.93914
2.93903
2.93892
2.93879
2.93867
2.93853
2.9384
2.93824
2.93809
2.93791
2.93774
2.93754
2.93735
2.93713
2.93691
2.93665
2.9364
2.93611
2.93583
2.93549
2.93516
2.93477
2.9344
2.93395
2.93351
2.93298
2.93246
2.93186
2.93123
2.93053
2.92979
2.92895
2.92808
2.92705
2.92601
2.9248
2.92351
2.92205
2.92047
2.9187
2.91674
2.91456
2.91214
2.90939
2.90639
2.90295
2.89909
2.89475
2.88983
2.88422
2.87789
2.87068
2.86232
2.85259
2.84127
2.82795
2.81244
2.79433
2.77338
2.74894
2.72345
2.68668
2.64362
2.59528
2.54124
2.47957
2.40168
2.30946
2.20744
2.94074
2.94068
2.94064
2.94058
2.94052
2.94046
2.94041
2.94035
2.9403
2.94022
2.94018
2.94011
2.94005
2.93998
2.93992
2.93985
2.93978
2.9397
2.93962
2.93954
2.93945
2.93937
2.93927
2.93917
2.93906
2.93895
2.93883
2.93871
2.93857
2.93843
2.93828
2.93813
2.93795
2.93778
2.93758
2.93739
2.93717
2.93695
2.93669
2.93645
2.93615
2.93587
2.93554
2.9352
2.93483
2.93444
2.93401
2.93356
2.93303
2.93252
2.93193
2.9313
2.93059
2.92987
2.92902
2.92814
2.92715
2.92611
2.92487
2.92358
2.92211
2.92059
2.9188
2.91685
2.91463
2.91222
2.90947
2.90647
2.90302
2.89918
2.89484
2.8899
2.88426
2.87789
2.87063
2.86228
2.85244
2.84095
2.82753
2.81182
2.79348
2.77234
2.74768
2.72292
2.68488
2.64097
2.59239
2.53867
2.47727
2.3978
2.30379
2.20086
2.94075
2.94069
2.94065
2.94059
2.94052
2.94047
2.94042
2.94036
2.94031
2.94022
2.94019
2.94012
2.94007
2.94
2.93993
2.93986
2.93979
2.93971
2.93963
2.93955
2.93946
2.93937
2.93927
2.93918
2.93906
2.93896
2.93883
2.93871
2.93857
2.93843
2.93827
2.93812
2.93794
2.93777
2.93758
2.93738
2.93716
2.93694
2.93668
2.93644
2.93614
2.93586
2.93552
2.9352
2.93481
2.93444
2.93399
2.93356
2.93303
2.93252
2.93191
2.93131
2.93059
2.92988
2.92903
2.92815
2.92716
2.92612
2.92489
2.92363
2.92217
2.92064
2.91882
2.9169
2.91473
2.91232
2.9096
2.9066
2.90313
2.89934
2.89497
2.89008
2.88447
2.8781
2.87087
2.86252
2.85264
2.84104
2.82749
2.81163
2.79308
2.7717
2.74677
2.72303
2.68342
2.63819
2.58897
2.53517
2.47357
2.39163
2.29476
2.18997
2.94078
2.94072
2.94068
2.94062
2.94056
2.94051
2.94046
2.9404
2.94036
2.94027
2.94024
2.94017
2.94012
2.94005
2.93999
2.93992
2.93984
2.93977
2.93969
2.93961
2.93952
2.93943
2.93933
2.93923
2.93912
2.93901
2.93889
2.93877
2.93863
2.93849
2.93833
2.93818
2.93801
2.93784
2.93764
2.93745
2.93723
2.93701
2.93676
2.93652
2.93623
2.93595
2.93562
2.93531
2.93493
2.93456
2.93412
2.9337
2.93318
2.93269
2.93208
2.9315
2.93079
2.9301
2.92925
2.92842
2.92742
2.9264
2.92522
2.92397
2.92254
2.92101
2.91926
2.91736
2.91524
2.91286
2.91017
2.90725
2.90381
2.90013
2.89579
2.89098
2.88546
2.87912
2.87202
2.86382
2.85394
2.84237
2.82878
2.81291
2.79433
2.77286
2.74774
2.72512
2.68411
2.63758
2.58772
2.53377
2.47197
2.38742
2.28735
2.18014
2.94081
2.94075
2.94071
2.94066
2.94059
2.94054
2.9405
2.94044
2.94041
2.94031
2.94029
2.94021
2.94017
2.9401
2.94004
2.93997
2.9399
2.93982
2.93974
2.93966
2.93957
2.93948
2.93938
2.93928
2.93917
2.93906
2.93893
2.93881
2.93868
2.93854
2.93839
2.93824
2.93806
2.9379
2.9377
2.93752
2.9373
2.93709
2.93684
2.9366
2.93632
2.93605
2.93573
2.93542
2.93505
2.93469
2.93426
2.93385
2.93335
2.93286
2.93228
2.93171
2.93101
2.93034
2.92951
2.9287
2.92771
2.92674
2.92559
2.9243
2.923
2.92146
2.91977
2.91789
2.91582
2.91351
2.91087
2.90803
2.90467
2.90106
2.89683
2.89206
2.88665
2.88046
2.8735
2.86545
2.8556
2.84421
2.83066
2.81476
2.79623
2.77469
2.74943
2.72798
2.68556
2.63764
2.58694
2.53263
2.47051
2.38301
2.2789
2.16827
2.94084
2.94079
2.94075
2.9407
2.94064
2.94059
2.94055
2.94049
2.94046
2.94036
2.94035
2.94027
2.94023
2.94016
2.9401
2.94003
2.93996
2.93988
2.9398
2.93972
2.93963
2.93954
2.93944
2.93934
2.93923
2.93912
2.93899
2.93887
2.93874
2.9386
2.93845
2.9383
2.93813
2.93797
2.93779
2.93759
2.93739
2.93718
2.93694
2.93671
2.93645
2.93617
2.93586
2.93557
2.93521
2.93486
2.93444
2.93404
2.93356
2.93308
2.93253
2.93193
2.9313
2.93062
2.92984
2.92901
2.92812
2.92712
2.92597
2.9248
2.92356
2.92199
2.92034
2.91849
2.91657
2.91432
2.91169
2.90892
2.90562
2.90217
2.89805
2.89337
2.88814
2.88205
2.87528
2.86729
2.8577
2.84642
2.83301
2.81711
2.79866
2.77713
2.75183
2.73155
2.68786
2.63853
2.58689
2.53215
2.46958
2.37874
2.27052
2.15584
2.94088
2.94083
2.94079
2.94074
2.94068
2.94064
2.9406
2.94055
2.94052
2.94041
2.94041
2.94033
2.94029
2.94022
2.94016
2.94009
2.94001
2.93993
2.93985
2.93977
2.93968
2.93959
2.93949
2.93939
2.93928
2.93917
2.93905
2.93892
2.9388
2.93866
2.93852
2.93837
2.93821
2.93805
2.93787
2.93768
2.93749
2.93728
2.93706
2.93682
2.93657
2.9363
2.93602
2.93572
2.93536
2.93503
2.93463
2.93424
2.93377
2.9333
2.93277
2.93219
2.93161
2.9309
2.93018
2.92935
2.9285
2.92752
2.92644
2.92534
2.92406
2.92251
2.92095
2.91926
2.9173
2.91502
2.91262
2.90989
2.90674
2.90341
2.8992
2.89475
2.88962
2.88378
2.87722
2.86937
2.86002
2.84882
2.83555
2.81978
2.80146
2.78006
2.7548
2.73572
2.69081
2.63995
2.58737
2.53199
2.46879
2.37415
2.2614
2.14299
2.94092
2.94088
2.94084
2.94079
2.94073
2.94069
2.94066
2.9406
2.94058
2.94047
2.94047
2.94039
2.94035
2.94028
2.94022
2.94014
2.94007
2.93999
2.93991
2.93982
2.93973
2.93964
2.93954
2.93944
2.93933
2.93922
2.93911
2.93898
2.93886
2.93873
2.93859
2.93844
2.93829
2.93813
2.93796
2.93778
2.93759
2.93739
2.93717
2.93694
2.9367
2.93644
2.93617
2.93587
2.93553
2.93522
2.93483
2.93444
2.93398
2.93355
2.93303
2.93248
2.93191
2.93121
2.93053
2.92972
2.92891
2.92797
2.92689
2.92583
2.9245
2.92318
2.92158
2.91995
2.9181
2.91585
2.91354
2.91086
2.90779
2.90455
2.90048
2.89627
2.8913
2.88555
2.87903
2.87151
2.86231
2.85145
2.83835
2.82279
2.80458
2.78337
2.75805
2.74021
2.69411
2.64188
2.58832
2.53219
2.46814
2.36985
2.2519
2.12774
2.94096
2.94092
2.94088
2.94084
2.94078
2.94074
2.94071
2.94066
2.94064
2.94053
2.94052
2.94044
2.94041
2.94033
2.94027
2.9402
2.94012
2.94004
2.93995
2.93987
2.93978
2.93969
2.93959
2.93949
2.93939
2.93927
2.93916
2.93904
2.93892
2.93879
2.93866
2.93851
2.93837
2.93821
2.93805
2.93787
2.9377
2.93749
2.9373
2.93706
2.93684
2.93658
2.93633
2.93603
2.93572
2.93539
2.93504
2.93463
2.93424
2.93379
2.93327
2.93277
2.93218
2.93152
2.93088
2.93009
2.92929
2.92837
2.92736
2.92632
2.92503
2.92375
2.92222
2.92064
2.91881
2.91662
2.91445
2.91183
2.9089
2.90565
2.90179
2.89781
2.89284
2.88729
2.88082
2.87371
2.86474
2.85417
2.84124
2.82591
2.80778
2.78679
2.76151
2.74496
2.69786
2.64447
2.58974
2.53272
2.46769
2.36578
2.24263
2.11156
2.941
2.94097
2.94093
2.94089
2.94083
2.9408
2.94077
2.94071
2.94069
2.94058
2.94058
2.9405
2.94046
2.94039
2.94032
2.94024
2.94017
2.94008
2.94
2.93991
2.93982
2.93973
2.93964
2.93954
2.93944
2.93933
2.93922
2.9391
2.93898
2.93885
2.93873
2.93859
2.93845
2.93829
2.93814
2.93797
2.9378
2.9376
2.93742
2.93719
2.93698
2.93672
2.93648
2.93618
2.9359
2.93556
2.93523
2.93484
2.93446
2.934
2.93353
2.93303
2.93244
2.93185
2.93121
2.93043
2.92965
2.9288
2.92781
2.92679
2.92555
2.92428
2.92292
2.92122
2.91953
2.91743
2.91534
2.9127
2.91006
2.90676
2.90312
2.89914
2.8943
2.88902
2.88278
2.87591
2.86705
2.85693
2.84402
2.82905
2.81113
2.79039
2.76529
2.75005
2.70209
2.64754
2.59142
2.53364
2.46747
2.36139
2.23267
2.09594
2.94105
2.94101
2.94098
2.94094
2.94088
2.94085
2.94082
2.94077
2.94075
2.94063
2.94063
2.94055
2.94051
2.94043
2.94037
2.94029
2.94021
2.94012
2.94004
2.93995
2.93986
2.93977
2.93968
2.93958
2.93948
2.93938
2.93927
2.93916
2.93905
2.93892
2.9388
2.93866
2.93853
2.93838
2.93824
2.93807
2.9379
2.93773
2.93753
2.93732
2.93711
2.93687
2.93661
2.93635
2.93607
2.93573
2.93541
2.93504
2.93467
2.93423
2.93376
2.93329
2.93272
2.93214
2.93153
2.93078
2.92999
2.92922
2.92823
2.92724
2.92605
2.92482
2.9235
2.92184
2.92021
2.91819
2.91617
2.91363
2.91094
2.90789
2.90442
2.90042
2.89574
2.89074
2.88472
2.87789
2.86926
2.85955
2.84686
2.8323
2.81455
2.79411
2.76914
2.75523
2.7066
2.65089
2.59351
2.53489
2.46735
2.35698
2.22219
2.07827
2.94109
2.94106
2.94102
2.94099
2.94094
2.9409
2.94087
2.94082
2.9408
2.94068
2.94068
2.9406
2.94056
2.94048
2.94041
2.94033
2.94025
2.94016
2.94007
2.93999
2.9399
2.93981
2.93972
2.93963
2.93953
2.93943
2.93933
2.93921
2.93911
2.93899
2.93887
2.93874
2.93862
2.93847
2.93833
2.93817
2.938
2.93783
2.93764
2.93744
2.93723
2.937
2.93675
2.9365
2.93623
2.9359
2.93559
2.93523
2.93488
2.93444
2.93401
2.9335
2.93302
2.93241
2.93181
2.93111
2.93034
2.92957
2.92861
2.92766
2.92654
2.92532
2.92402
2.92242
2.92085
2.91894
2.9169
2.91459
2.91177
2.90892
2.90562
2.90167
2.89711
2.89238
2.88644
2.87989
2.87144
2.862
2.84966
2.83544
2.81799
2.79792
2.77315
2.76039
2.71148
2.65461
2.59603
2.53622
2.46726
2.35272
2.21233
2.05882
2.94113
2.9411
2.94107
2.94104
2.94098
2.94095
2.94092
2.94087
2.94085
2.94072
2.94073
2.94064
2.9406
2.94052
2.94045
2.94036
2.94028
2.94019
2.94011
2.94003
2.93994
2.93985
2.93977
2.93967
2.93958
2.93948
2.93938
2.93927
2.93917
2.93906
2.93895
2.93882
2.9387
2.93856
2.93842
2.93827
2.9381
2.93794
2.93775
2.93756
2.93735
2.93713
2.93689
2.93663
2.93638
2.93607
2.93576
2.9354
2.93507
2.93464
2.93423
2.93373
2.93325
2.93266
2.93209
2.9314
2.93067
2.92991
2.92897
2.92804
2.92701
2.92576
2.92453
2.923
2.92146
2.91958
2.91759
2.91542
2.91268
2.90988
2.90665
2.90294
2.89844
2.89383
2.88811
2.88179
2.87365
2.86427
2.85232
2.83846
2.82145
2.80167
2.77723
2.76536
2.71664
2.65871
2.59898
2.53772
2.46729
2.34852
2.20276
2.03977
2.94117
2.94115
2.94112
2.94109
2.94103
2.941
2.94097
2.94092
2.94089
2.94077
2.94077
2.94068
2.94064
2.94055
2.94048
2.94039
2.94031
2.94023
2.94014
2.94006
2.93998
2.93989
2.93981
2.93971
2.93963
2.93953
2.93944
2.93933
2.93923
2.93912
2.93902
2.93889
2.93878
2.93864
2.93851
2.93836
2.9382
2.93804
2.93785
2.93767
2.93746
2.93724
2.93702
2.93677
2.93651
2.93622
2.93591
2.93558
2.93524
2.93483
2.93441
2.93394
2.93348
2.93291
2.93234
2.93166
2.93096
2.93022
2.92932
2.92841
2.92742
2.9262
2.92498
2.92351
2.92204
2.9202
2.91825
2.91614
2.91352
2.91086
2.90763
2.90407
2.8997
2.89519
2.8897
2.88353
2.87577
2.86634
2.85497
2.84128
2.82488
2.80535
2.78145
2.77017
2.72202
2.66312
2.60222
2.53941
2.46762
2.34439
2.1926
2.02018
2.94122
2.9412
2.94116
2.94114
2.94108
2.94105
2.94102
2.94096
2.94094
2.94081
2.94082
2.94072
2.94068
2.94059
2.94051
2.94042
2.94034
2.94026
2.94018
2.9401
2.94001
2.93993
2.93985
2.93976
2.93967
2.93958
2.93949
2.93939
2.9393
2.93919
2.93909
2.93897
2.93885
2.93872
2.93858
2.93844
2.93829
2.93812
2.93795
2.93777
2.93757
2.93736
2.93714
2.93691
2.93664
2.93635
2.93607
2.93574
2.9354
2.935
2.93459
2.93414
2.93369
2.93314
2.93256
2.93193
2.93122
2.93053
2.92965
2.92876
2.92779
2.92661
2.92542
2.92407
2.92247
2.92084
2.91896
2.91679
2.91428
2.91177
2.90863
2.90508
2.90087
2.89643
2.89131
2.88508
2.87783
2.86835
2.85759
2.84395
2.82812
2.80893
2.7855
2.77489
2.72746
2.66787
2.60578
2.54147
2.46797
2.34055
2.18233
1.99873
2.94126
2.94124
2.9412
2.94118
2.94112
2.94109
2.94106
2.94101
2.94098
2.94085
2.94085
2.94076
2.94071
2.94062
2.94054
2.94045
2.94037
2.94029
2.94021
2.94013
2.94005
2.93997
2.93989
2.9398
2.93972
2.93963
2.93954
2.93945
2.93936
2.93925
2.93915
2.93904
2.93892
2.9388
2.93866
2.93852
2.93837
2.93821
2.93804
2.93787
2.93767
2.93747
2.93725
2.93703
2.93676
2.93649
2.93621
2.93589
2.93554
2.93519
2.93476
2.93433
2.9339
2.93338
2.93277
2.93221
2.9315
2.93082
2.92997
2.92914
2.92814
2.92705
2.92588
2.92456
2.92301
2.92143
2.91963
2.91744
2.91505
2.91264
2.90959
2.90606
2.90217
2.89767
2.89279
2.88657
2.87975
2.87046
2.85994
2.84658
2.83119
2.81252
2.78944
2.77963
2.73306
2.673
2.6096
2.54375
2.46824
2.33701
2.17249
1.97458
2.9413
2.94129
2.94125
2.94123
2.94117
2.94114
2.94111
2.94105
2.94102
2.94089
2.9409
2.94079
2.94075
2.94065
2.94057
2.94048
2.9404
2.94032
2.94024
2.94016
2.94008
2.94001
2.93993
2.93984
2.93976
2.93968
2.93959
2.93951
2.93941
2.93932
2.93921
2.93911
2.93898
2.93887
2.93873
2.9386
2.93845
2.9383
2.93813
2.93797
2.93778
2.93759
2.93736
2.93715
2.93689
2.93664
2.93635
2.93605
2.93572
2.93537
2.93495
2.93457
2.93409
2.93363
2.93305
2.9325
2.9318
2.93116
2.93033
2.92954
2.92853
2.92757
2.92632
2.92514
2.92361
2.92209
2.92028
2.91826
2.91594
2.91356
2.91047
2.90721
2.90353
2.89903
2.89418
2.88837
2.88145
2.87271
2.86224
2.84946
2.83422
2.81622
2.79351
2.78432
2.73868
2.67851
2.6136
2.54611
2.46824
2.33378
2.16388
1.94834
2.94134
2.94133
2.94129
2.94127
2.94121
2.94118
2.94115
2.94109
2.94106
2.94093
2.94093
2.94083
2.94078
2.94068
2.9406
2.94051
2.94043
2.94035
2.94027
2.9402
2.94012
2.94004
2.93996
2.93988
2.9398
2.93973
2.93964
2.93956
2.93946
2.93938
2.93927
2.93917
2.93905
2.93894
2.93881
2.93869
2.93854
2.93841
2.93823
2.93808
2.93789
2.93772
2.9375
2.93731
2.93706
2.93684
2.93655
2.93629
2.93596
2.93566
2.93526
2.93491
2.93444
2.93403
2.93347
2.93297
2.9323
2.93171
2.9309
2.93018
2.9292
2.92831
2.92711
2.92601
2.92453
2.92314
2.92128
2.91951
2.91717
2.9149
2.91189
2.90885
2.90515
2.90094
2.89609
2.89067
2.8836
2.8754
2.86494
2.8527
2.83763
2.82026
2.79792
2.78931
2.7448
2.68477
2.61838
2.54904
2.46833
2.33089
2.15684
1.92267
2.94139
2.94138
2.94134
2.94132
2.94125
2.94123
2.94119
2.94114
2.94111
2.94097
2.94098
2.94087
2.94082
2.94072
2.94064
2.94055
2.94047
2.94039
2.94031
2.94024
2.94016
2.94008
2.94
2.93993
2.93984
2.93978
2.93969
2.93962
2.93952
2.93944
2.93934
2.93925
2.93913
2.93905
2.93892
2.93882
2.93868
2.93857
2.93841
2.9383
2.93812
2.938
2.9378
2.93767
2.93744
2.93729
2.93703
2.93686
2.93655
2.93634
2.93598
2.93572
2.93529
2.93499
2.93448
2.93411
2.93349
2.93304
2.93229
2.93172
2.93081
2.93008
2.92895
2.92802
2.9266
2.9254
2.92361
2.92204
2.91978
2.9177
2.91478
2.91199
2.90831
2.90439
2.89963
2.89451
2.8874
2.87959
2.86924
2.8574
2.84256
2.82562
2.80381
2.79543
2.75208
2.69219
2.62388
2.55272
2.46874
2.32849
2.15054
1.89842
2.94144
2.94143
2.94138
2.94137
2.94129
2.94127
2.94123
2.94117
2.94115
2.94101
2.94102
2.94092
2.94087
2.94077
2.94069
2.9406
2.94052
2.94044
2.94036
2.94029
2.94021
2.94014
2.94007
2.94
2.93992
2.93987
2.93979
2.93973
2.93964
2.93959
2.93951
2.93947
2.93937
2.93934
2.93925
2.93922
2.93912
2.9391
2.93899
2.93898
2.93887
2.93889
2.93877
2.93881
2.93867
2.93872
2.93855
2.9386
2.9384
2.93845
2.93821
2.93824
2.93794
2.93794
2.93756
2.93753
2.93706
2.93697
2.93637
2.93618
2.93541
2.93508
2.93409
2.93355
2.93228
2.93147
2.92982
2.92864
2.92651
2.92483
2.92203
2.91967
2.91597
2.91259
2.90784
2.90307
2.89599
2.88842
2.87809
2.86667
2.85191
2.8354
2.81406
2.80573
2.76281
2.70325
2.63155
2.55854
2.46969
2.32817
2.14459
1.87367
2.94151
2.94151
2.94146
2.94145
2.94136
2.94134
2.94129
2.94123
2.94121
2.94107
2.94109
2.941
2.94097
2.94088
2.94081
2.94074
2.94066
2.9406
2.94053
2.94049
2.94042
2.9404
2.94034
2.94034
2.94028
2.9403
2.94025
2.94031
2.94028
2.94037
2.94035
2.94049
2.94049
2.94068
2.94069
2.94094
2.94097
2.94127
2.94135
2.94163
2.94182
2.94215
2.94243
2.94275
2.94311
2.94336
2.94388
2.94413
2.94467
2.94493
2.94549
2.94573
2.94632
2.94644
2.94707
2.94718
2.94777
2.94776
2.94826
2.94808
2.94847
2.9481
2.94835
2.9477
2.94767
2.94669
2.9463
2.94488
2.94399
2.94202
2.94049
2.93772
2.93536
2.93147
2.92797
2.92247
2.91662
2.90812
2.89894
2.8866
2.87299
2.85574
2.83573
2.82636
2.78286
2.72255
2.64582
2.57027
2.47479
2.33307
2.14141
1.84789
2.94163
2.94161
2.94158
2.94162
2.94154
2.94151
2.94147
2.94139
2.94137
2.94124
2.94131
2.94125
2.94126
2.94127
2.94124
2.94128
2.94126
2.94135
2.94134
2.94148
2.9415
2.94172
2.94177
2.94206
2.94215
2.94253
2.94266
2.94315
2.94333
2.94394
2.94417
2.94492
2.9452
2.9461
2.94645
2.94751
2.94793
2.94915
2.94962
2.95098
2.95153
2.95303
2.95373
2.95532
2.95619
2.95775
2.95878
2.96041
2.96157
2.96322
2.96444
2.96605
2.96739
2.96892
2.97035
2.9718
2.97323
2.97449
2.97588
2.9769
2.97823
2.97895
2.98018
2.98054
2.98151
2.9814
2.98202
2.98133
2.98141
2.98003
2.97944
2.97714
2.97565
2.97209
2.96942
2.964
2.95876
2.95013
2.94148
2.92877
2.91593
2.898
2.87956
2.86854
2.82256
2.75901
2.67457
2.59506
2.4901
2.35086
2.14706
1.82863
2.94204
2.94209
2.94215
2.94242
2.94251
2.94257
2.94257
2.94247
2.94252
2.9425
2.94278
2.94287
2.94311
2.9435
2.94367
2.94419
2.94449
2.94509
2.9455
2.94618
2.94665
2.94765
2.94811
2.94934
2.94991
2.95136
2.95201
2.95369
2.95453
2.95643
2.95741
2.95951
2.96068
2.96293
2.96434
2.96683
2.96843
2.97104
2.97281
2.97571
2.9777
2.9808
2.98292
2.9862
2.98859
2.99192
2.99446
2.99785
3.00055
3.00403
3.00688
3.0103
3.01327
3.01652
3.01958
3.02272
3.02585
3.02875
3.03184
3.03439
3.03739
3.0395
3.04237
3.04401
3.0466
3.04767
3.04986
3.05022
3.05177
3.05129
3.05205
3.05048
3.0502
3.0472
3.04554
3.0404
3.03586
3.02719
3.01904
3.00614
2.99379
2.97561
2.95852
2.94621
2.89769
2.82643
2.7345
2.64676
2.5268
2.39323
2.16769
1.82824
2.94416
2.94441
2.94515
2.9466
2.94765
2.94821
2.94859
2.94855
2.94923
2.94971
2.95099
2.95153
2.95312
2.95386
2.95581
2.95672
2.95901
2.96005
2.96258
2.96376
2.96657
2.96795
2.97098
2.9726
2.97595
2.97794
2.98144
2.98373
2.98759
2.9903
2.99443
2.99736
3.00174
3.00498
3.0097
3.01318
3.01813
3.02181
3.02696
3.03093
3.0364
3.04068
3.04632
3.05066
3.05658
3.06112
3.06737
3.07202
3.07841
3.08304
3.08966
3.09426
3.10109
3.1055
3.11242
3.11657
3.12355
3.12734
3.13428
3.13763
3.14442
3.14719
3.15371
3.15586
3.16191
3.16341
3.16889
3.16963
3.17421
3.17409
3.17755
3.17633
3.17836
3.17567
3.1759
3.17084
3.16765
3.15874
3.15151
3.13813
3.12656
3.10769
3.09116
3.07935
3.02499
2.94447
2.84638
2.74457
2.60542
2.46957
2.20988
1.85584
2.95747
2.95928
2.9626
2.96838
2.97243
2.97446
2.97559
2.97623
2.97875
2.98062
2.98429
2.98628
2.99058
2.99286
2.99774
3.00043
3.00585
3.00874
3.01434
3.0177
3.02383
3.02743
3.03376
3.03756
3.04448
3.04876
3.05609
3.06058
3.06839
3.0733
3.08165
3.08675
3.09551
3.10092
3.1103
3.1159
3.12563
3.13124
3.14138
3.14713
3.15777
3.16362
3.17459
3.18045
3.19179
3.19769
3.20953
3.21548
3.22772
3.23353
3.24609
3.25178
3.26465
3.27017
3.28327
3.28852
3.30166
3.3065
3.31949
3.3239
3.33653
3.34046
3.35256
3.35587
3.36725
3.36978
3.38026
3.38185
3.39122
3.39167
3.39969
3.39872
3.40482
3.4024
3.40612
3.40109
3.40043
3.39134
3.38573
3.3718
3.36164
3.34154
3.32602
3.31541
3.25127
3.15574
3.04436
2.92295
2.76938
2.61413
2.28589
1.93631
3.03174
3.03348
3.04149
3.05611
3.06488
3.06921
3.07065
3.07482
3.07852
3.08741
3.09485
3.10291
3.11101
3.11972
3.12819
3.13725
3.14596
3.15501
3.16367
3.17286
3.18187
3.1916
3.20109
3.21126
3.22127
3.23211
3.24283
3.2544
3.26582
3.27801
3.28999
3.30268
3.31517
3.32839
3.34138
3.35493
3.36815
3.38193
3.39538
3.4094
3.42309
3.43737
3.45138
3.46588
3.4801
3.49477
3.50921
3.5242
3.53897
3.5544
3.56949
3.5852
3.60044
3.61637
3.63152
3.6477
3.66266
3.67903
3.69358
3.71005
3.72379
3.74013
3.75274
3.7689
3.77995
3.79586
3.805
3.82047
3.82733
3.84227
3.84656
3.86049
3.86195
3.87394
3.87252
3.88135
3.87507
3.87729
3.86716
3.86046
3.84846
3.83048
3.8165
3.81433
3.72642
3.60961
3.47146
3.32028
3.13755
2.95566
2.52302
2.16781
3.40362
3.41488
3.42647
3.44622
3.46128
3.47279
3.47827
3.4918
3.50769
3.52513
3.54071
3.55732
3.5756
3.59469
3.61489
3.63518
3.6559
3.67598
3.69606
3.71567
3.73573
3.75559
3.77601
3.79631
3.81731
3.83835
3.86028
3.88236
3.90553
3.92894
3.9536
3.97854
4.00479
4.03121
4.05896
4.0867
4.11569
4.14443
4.17431
4.20367
4.23409
4.26379
4.29457
4.32447
4.35558
4.38574
4.41733
4.44796
4.48024
4.51158
4.54479
4.57704
4.61137
4.64464
4.68005
4.7143
4.75063
4.78561
4.8225
4.85786
4.89487
4.93014
4.96681
5.00153
5.03736
5.07105
5.10564
5.1378
5.17084
5.20092
5.23218
5.25933
5.28872
5.31161
5.33974
5.35695
5.38303
5.38964
5.4121
5.40394
5.422
5.39657
5.40668
5.41534
5.33079
5.19278
5.01339
4.80355
4.536
4.26615
3.67345
2.93941
2.11661
1.98444
1.83621
1.68903
1.55075
1.4158
1.28817
1.16955
1.05889
0.956205
0.860055
0.773329
0.699413
0.635413
0.576641
0.524269
0.481705
0.447489
0.417053
0.38936
0.366986
0.350017
0.335088
0.320624
0.307703
0.296661
0.285868
0.274401
0.262937
0.252013
0.240857
0.22914
0.217493
0.206138
0.194804
0.183583
0.172852
0.162472
0.15254
0.145993
2.09328
1.9675
1.8286
1.69075
1.56198
1.43777
1.32105
1.21159
1.10725
1.01042
0.921924
0.840854
0.766522
0.700509
0.643982
0.594507
0.549148
0.508007
0.473205
0.445012
0.420757
0.39815
0.377142
0.35883
0.343745
0.330317
0.316868
0.303341
0.29052
0.27876
0.267244
0.255398
0.243626
0.23224
0.221065
0.209904
0.199131
0.188685
0.178672
0.168759
2.08518
1.95778
1.81784
1.68088
1.55285
1.42746
1.31184
1.20582
1.1019
1.00383
0.917192
0.839887
0.76741
0.701368
0.645311
0.597334
0.553339
0.512796
0.47801
0.449586
0.424817
0.401584
0.380363
0.362245
0.34668
0.331935
0.317488
0.30397
0.291547
0.279412
0.267119
0.255148
0.243755
0.232454
0.221179
0.210121
0.199566
0.189245
0.179486
0.170731
2.07204
1.94315
1.8023
1.66515
1.53926
1.41703
1.30173
1.19555
1.09534
1.00175
0.915737
0.837849
0.767775
0.706222
0.652754
0.604434
0.56015
0.521621
0.489536
0.461681
0.435741
0.411656
0.390629
0.372949
0.356922
0.34103
0.325436
0.311019
0.298045
0.285524
0.272748
0.260199
0.248305
0.236812
0.22543
0.214135
0.203473
0.193096
0.183298
0.174389
2.05862
1.92565
1.78372
1.64808
1.52055
1.39699
1.28575
1.18196
1.07987
0.987504
0.90604
0.831295
0.762428
0.70234
0.651301
0.605588
0.563219
0.525673
0.494165
0.466931
0.441518
0.417542
0.396148
0.377801
0.361093
0.34457
0.328338
0.31332
0.299697
0.286478
0.27316
0.260372
0.248264
0.236497
0.224986
0.213635
0.202985
0.19264
0.182995
0.17431
2.04348
1.90691
1.76058
1.62451
1.50121
1.37784
1.26326
1.16181
1.06525
0.974752
0.893139
0.820529
0.755746
0.699343
0.650368
0.605763
0.564863
0.52943
0.499562
0.472799
0.447242
0.423171
0.401851
0.383313
0.365889
0.34846
0.331507
0.316012
0.301863
0.287986
0.274119
0.261042
0.248781
0.236759
0.225058
0.213683
0.20303
0.192637
0.183081
0.174481
2.02542
1.8848
1.73864
1.60039
1.47324
1.35398
1.2444
1.14091
1.04335
0.957992
0.881328
0.810642
0.747432
0.693785
0.648033
0.606202
0.567124
0.532532
0.503308
0.47734
0.452322
0.428196
0.406259
0.387004
0.36903
0.351057
0.333467
0.317342
0.302625
0.288225
0.273986
0.260617
0.248109
0.235936
0.224091
0.21262
0.202024
0.191652
0.182169
0.173713
2.00755
1.85876
1.71011
1.57761
1.45003
1.324
1.21742
1.12243
1.0263
0.938989
0.865529
0.800702
0.741147
0.689128
0.645517
0.606576
0.569702
0.535895
0.506905
0.481497
0.456961
0.432719
0.410047
0.390022
0.371523
0.353089
0.335003
0.318327
0.302963
0.288047
0.273681
0.260124
0.247289
0.235003
0.223123
0.211557
0.200969
0.190636
0.181243
0.172886
1.98831
1.8355
1.67905
1.54617
1.42615
1.29963
1.18896
1.0979
1.00758
0.922547
0.85137
0.790557
0.734714
0.685186
0.643805
0.607131
0.572058
0.539274
0.51063
0.485187
0.460442
0.436006
0.413212
0.392683
0.37321
0.353997
0.335814
0.319034
0.302924
0.287361
0.272977
0.259444
0.246287
0.233796
0.221973
0.210335
0.199675
0.189414
0.180156
0.171891
1.96406
1.80956
1.65287
1.51374
1.39309
1.27472
1.16536
1.07243
0.986157
0.907299
0.839152
0.780515
0.728418
0.683113
0.644037
0.607941
0.573633
0.542572
0.514923
0.488625
0.462644
0.438141
0.41604
0.395072
0.374239
0.354188
0.336043
0.31928
0.302766
0.286756
0.272079
0.258499
0.245262
0.23258
0.22069
0.209071
0.198415
0.188151
0.178993
0.17084
1.94014
1.7779
1.62314
1.48676
1.36125
1.24388
1.14151
1.05021
0.965535
0.892266
0.828417
0.772259
0.723691
0.682129
0.644712
0.608915
0.575383
0.545686
0.518431
0.491442
0.464692
0.439786
0.417497
0.396238
0.375014
0.354456
0.335724
0.318751
0.302374
0.286209
0.270943
0.257163
0.244153
0.231446
0.219347
0.207704
0.197159
0.186907
0.177796
0.169762
1.91663
1.74875
1.58857
1.45491
1.3339
1.21576
1.11533
1.02822
0.947033
0.878314
0.81891
0.765985
0.720155
0.681043
0.645448
0.61077
0.577652
0.547843
0.520541
0.49371
0.466817
0.441023
0.417688
0.396396
0.375614
0.354916
0.335243
0.317611
0.301438
0.285513
0.270027
0.255869
0.242761
0.23017
0.218088
0.206376
0.195868
0.185668
0.176627
0.168702
1.88877
1.71979
1.55785
1.42044
1.30185
1.1896
1.09177
1.00684
0.929638
0.866057
0.81123
0.761623
0.7177
0.680059
0.646382
0.613346
0.580345
0.549137
0.5211
0.494895
0.468621
0.442325
0.41762
0.395715
0.375289
0.354853
0.334842
0.316645
0.300294
0.284416
0.268943
0.254657
0.241463
0.228887
0.21681
0.205078
0.194605
0.18445
0.175478
0.167674
1.85912
1.68554
1.52779
1.39173
1.27029
1.15978
1.06886
0.989166
0.914704
0.854617
0.804691
0.758975
0.716713
0.679602
0.647106
0.615354
0.58263
0.550479
0.521483
0.495272
0.469263
0.442841
0.417577
0.395187
0.374657
0.354206
0.334089
0.315697
0.299192
0.283241
0.267778
0.253445
0.240185
0.227614
0.215571
0.203826
0.193361
0.183259
0.174382
0.166719
1.83116
1.64988
1.49243
1.36448
1.24575
1.13056
1.04378
0.973396
0.904162
0.845691
0.79887
0.7567
0.716594
0.680283
0.648065
0.616424
0.583612
0.551295
0.522069
0.495515
0.469173
0.442535
0.41724
0.394722
0.373888
0.353186
0.333039
0.314736
0.29811
0.281979
0.266526
0.252271
0.238937
0.226364
0.214384
0.202625
0.192188
0.182152
0.173351
0.16586
1.80381
1.61661
1.45495
1.3328
1.2224
1.10743
1.02018
0.956677
0.895222
0.839405
0.794483
0.754956
0.716846
0.681551
0.649168
0.616753
0.583455
0.551618
0.522866
0.495683
0.468427
0.441513
0.416721
0.394405
0.373111
0.351971
0.331842
0.313805
0.297159
0.280855
0.265323
0.251156
0.23781
0.2252
0.213281
0.201524
0.191085
0.181092
0.172384
0.165141
1.77513
1.58612
1.41948
1.29878
1.19658
1.08754
1.00056
0.94062
0.886874
0.835349
0.791453
0.753923
0.717531
0.682366
0.64955
0.616748
0.58322
0.551715
0.523058
0.495327
0.467477
0.44046
0.415989
0.393773
0.372286
0.350941
0.330725
0.312725
0.296139
0.279798
0.264241
0.250055
0.236704
0.224108
0.212252
0.200523
0.190085
0.180106
0.171492
0.164616
1.74234
1.5559
1.38865
1.2668
1.16888
1.06742
0.984641
0.927567
0.879412
0.832536
0.789235
0.752796
0.718698
0.683281
0.648803
0.616177
0.583568
0.551588
0.52192
0.494248
0.467009
0.439986
0.414775
0.392296
0.371217
0.350148
0.329782
0.311542
0.294903
0.27859
0.263195
0.248975
0.235572
0.22302
0.211245
0.199553
0.189145
0.179161
0.170632
0.16431
1.70659
1.52165
1.36106
1.23946
1.14189
1.0472
0.971391
0.918083
0.873505
0.829966
0.788045
0.751984
0.719193
0.68437
0.648226
0.614742
0.583506
0.551763
0.520819
0.492775
0.46618
0.439459
0.413861
0.391119
0.370058
0.349007
0.328755
0.310634
0.2938
0.27741
0.262223
0.248002
0.2346
0.222086
0.210374
0.198681
0.188333
0.178334
0.16989
0.164326
1.67301
1.48422
1.33288
1.21765
1.11934
1.02746
0.959584
0.911762
0.869779
0.827962
0.787567
0.752161
0.719496
0.684666
0.647866
0.613615
0.5829
0.551627
0.520105
0.491598
0.465074
0.438475
0.413047
0.390307
0.368922
0.347656
0.327844
0.309894
0.292668
0.276286
0.261369
0.247111
0.233703
0.221229
0.209586
0.197876
0.187601
0.177546
0.169236
0.165053
1.64407
1.44987
1.30319
1.19827
1.10277
1.01144
0.950043
0.908029
0.868422
0.827582
0.788092
0.753193
0.720127
0.684754
0.647717
0.613413
0.582732
0.551248
0.519722
0.491294
0.464326
0.437544
0.412796
0.390082
0.367985
0.346709
0.327535
0.309459
0.291891
0.275736
0.26094
0.246629
0.233155
0.220806
0.209208
0.197509
0.187229
0.177148
0.168926
0.166406
1.61765
1.4246
1.27947
1.1803
1.09002
1.00205
0.945661
0.907583
0.870018
0.830034
0.790704
0.75543
0.721657
0.685632
0.648485
0.614493
0.583215
0.551378
0.520252
0.491562
0.464004
0.43757
0.413413
0.390004
0.367311
0.34683
0.327999
0.309176
0.291486
0.275848
0.261089
0.246638
0.233045
0.220794
0.209184
0.197608
0.187236
0.177051
0.168972
0.16841
1.59375
1.40642
1.2694
1.17278
1.08511
1.00424
0.950551
0.91405
0.877293
0.837492
0.79793
0.762015
0.72706
0.689903
0.652994
0.619103
0.586142
0.554346
0.524171
0.494333
0.466214
0.440811
0.416503
0.39203
0.369512
0.349528
0.330371
0.311167
0.293596
0.277957
0.263093
0.248603
0.235057
0.222707
0.210916
0.199268
0.188988
0.178552
0.170473
0.172271
1.59032
1.40667
1.27779
1.18165
1.0907
1.01192
0.967559
0.933016
0.895282
0.854437
0.813861
0.776802
0.73978
0.7011
0.664313
0.629562
0.595623
0.56319
0.532236
0.502134
0.474196
0.447935
0.422398
0.398269
0.37655
0.355372
0.334816
0.316278
0.299649
0.283015
0.266944
0.252643
0.239724
0.227001
0.214643
0.202793
0.19257
0.181489
0.175075
0.179142
1.60914
1.42218
1.30135
1.20965
1.11897
1.04783
1.00516
0.969349
0.93044
0.887935
0.844992
0.805487
0.766304
0.726686
0.688545
0.652112
0.616715
0.583737
0.551482
0.520309
0.49126
0.464487
0.438034
0.413421
0.390436
0.368801
0.347994
0.329164
0.311023
0.294211
0.278105
0.263571
0.249458
0.236542
0.223882
0.212054
0.20096
0.189552
0.185158
0.191043
1.67397
1.49539
1.37753
1.28028
1.18624
1.11862
1.07528
1.03673
0.994247
0.948698
0.90253
0.859504
0.817307
0.774998
0.734801
0.695777
0.658784
0.623544
0.589027
0.55623
0.526088
0.49703
0.469131
0.443653
0.419231
0.395858
0.374161
0.354582
0.335125
0.317181
0.300145
0.284943
0.269929
0.256222
0.242618
0.230133
0.218096
0.206559
0.205897
0.212302
1.86679
1.6823
1.56784
1.43876
1.35334
1.28181
1.2358
1.19227
1.14325
1.09087
1.03795
0.988339
0.940451
0.892378
0.846961
0.803187
0.760243
0.720288
0.681206
0.644399
0.608924
0.576447
0.544657
0.515683
0.486641
0.460937
0.435822
0.413163
0.390369
0.370259
0.350294
0.332737
0.315033
0.299324
0.283362
0.269317
0.254316
0.241484
0.247718
0.25603
2.51589
2.27561
2.16301
1.98419
1.84825
1.78945
1.74849
1.69149
1.62094
1.54538
1.46887
1.3941
1.32257
1.25258
1.18495
1.1196
1.05651
0.996862
0.939132
0.884665
0.832714
0.78442
0.737802
0.693948
0.652302
0.613996
0.577523
0.543085
0.510812
0.480484
0.452224
0.425517
0.400734
0.376933
0.35499
0.333316
0.312577
0.292286
0.312319
0.367906
)
;

boundaryField
{
    inlet
    {
        type            calculated;
        value           nonuniform List<scalar> 
28
(
2.9431
2.9431
2.9431
2.94311
2.94311
2.94312
2.94312
2.94313
2.94313
2.94314
2.94315
2.94315
2.94316
2.94317
2.94318
2.94319
2.9432
2.94322
2.94323
2.94325
2.94326
2.94328
2.9433
2.94333
2.94336
2.94349
2.94418
2.95529
)
;
    }
    outlet
    {
        type            zeroGradient;
    }
    fluid_to_graphite
    {
        type            zeroGradient;
    }
    wedgeBack
    {
        type            wedge;
    }
    wedgeFront
    {
        type            wedge;
    }
    defaultFaces
    {
        type            empty;
    }
}


                                                                               
