                                                                               
                             
                                                                   
                                                            
                                          
                             
                                                                               
FoamFile
{
    format          ascii;
    class           volScalarField;
    location        1 / fluid;
    object          rhoE;
}
                                                                               

dimensions      [ 1 -1 -2 0 0 0 0 ];

internalField   nonuniform List<scalar> 
4592
(
1.35148e+07
1.35142e+07
1.35137e+07
1.35132e+07
1.35127e+07
1.35123e+07
1.35118e+07
1.35114e+07
1.3511e+07
1.35106e+07
1.35102e+07
1.35099e+07
1.35095e+07
1.35092e+07
1.35089e+07
1.35085e+07
1.35082e+07
1.3508e+07
1.35077e+07
1.35074e+07
1.35071e+07
1.35069e+07
1.35066e+07
1.35064e+07
1.35062e+07
1.35059e+07
1.35057e+07
1.35055e+07
1.35053e+07
1.35051e+07
1.35049e+07
1.35047e+07
1.35148e+07
1.35142e+07
1.35137e+07
1.35132e+07
1.35127e+07
1.35122e+07
1.35118e+07
1.35113e+07
1.35109e+07
1.35105e+07
1.35102e+07
1.35098e+07
1.35094e+07
1.35091e+07
1.35088e+07
1.35084e+07
1.35081e+07
1.35078e+07
1.35075e+07
1.35073e+07
1.3507e+07
1.35067e+07
1.35065e+07
1.35062e+07
1.3506e+07
1.35057e+07
1.35055e+07
1.35052e+07
1.3505e+07
1.35048e+07
1.35046e+07
1.35043e+07
1.35148e+07
1.35142e+07
1.35137e+07
1.35132e+07
1.35127e+07
1.35122e+07
1.35118e+07
1.35114e+07
1.3511e+07
1.35106e+07
1.35102e+07
1.35098e+07
1.35095e+07
1.35091e+07
1.35088e+07
1.35085e+07
1.35082e+07
1.35079e+07
1.35076e+07
1.35073e+07
1.35071e+07
1.35068e+07
1.35065e+07
1.35063e+07
1.3506e+07
1.35058e+07
1.35056e+07
1.35053e+07
1.35051e+07
1.35049e+07
1.35047e+07
1.35045e+07
1.35148e+07
1.35142e+07
1.35137e+07
1.35132e+07
1.35127e+07
1.35123e+07
1.35118e+07
1.35114e+07
1.3511e+07
1.35106e+07
1.35102e+07
1.35098e+07
1.35095e+07
1.35092e+07
1.35088e+07
1.35085e+07
1.35082e+07
1.35079e+07
1.35076e+07
1.35074e+07
1.35071e+07
1.35068e+07
1.35066e+07
1.35063e+07
1.35061e+07
1.35059e+07
1.35056e+07
1.35054e+07
1.35052e+07
1.35049e+07
1.35047e+07
1.35045e+07
1.35148e+07
1.35142e+07
1.35138e+07
1.35132e+07
1.35128e+07
1.35123e+07
1.35119e+07
1.35114e+07
1.3511e+07
1.35106e+07
1.35103e+07
1.35099e+07
1.35096e+07
1.35092e+07
1.35089e+07
1.35086e+07
1.35083e+07
1.3508e+07
1.35077e+07
1.35075e+07
1.35072e+07
1.3507e+07
1.35067e+07
1.35065e+07
1.35062e+07
1.3506e+07
1.35058e+07
1.35055e+07
1.35053e+07
1.35051e+07
1.35049e+07
1.35047e+07
1.35149e+07
1.35142e+07
1.35138e+07
1.35132e+07
1.35128e+07
1.35123e+07
1.35119e+07
1.35114e+07
1.3511e+07
1.35107e+07
1.35103e+07
1.35099e+07
1.35096e+07
1.35093e+07
1.3509e+07
1.35087e+07
1.35084e+07
1.35081e+07
1.35078e+07
1.35076e+07
1.35073e+07
1.3507e+07
1.35068e+07
1.35066e+07
1.35063e+07
1.35061e+07
1.35059e+07
1.35057e+07
1.35055e+07
1.35053e+07
1.35051e+07
1.35049e+07
1.35149e+07
1.35143e+07
1.35138e+07
1.35132e+07
1.35128e+07
1.35123e+07
1.35119e+07
1.35115e+07
1.35111e+07
1.35107e+07
1.35103e+07
1.351e+07
1.35097e+07
1.35093e+07
1.3509e+07
1.35087e+07
1.35084e+07
1.35082e+07
1.35079e+07
1.35077e+07
1.35074e+07
1.35072e+07
1.35069e+07
1.35067e+07
1.35065e+07
1.35063e+07
1.35061e+07
1.35059e+07
1.35057e+07
1.35055e+07
1.35053e+07
1.35051e+07
1.35149e+07
1.35143e+07
1.35138e+07
1.35133e+07
1.35128e+07
1.35123e+07
1.35119e+07
1.35115e+07
1.35111e+07
1.35107e+07
1.35104e+07
1.351e+07
1.35097e+07
1.35094e+07
1.35091e+07
1.35088e+07
1.35085e+07
1.35083e+07
1.3508e+07
1.35078e+07
1.35075e+07
1.35073e+07
1.35071e+07
1.35068e+07
1.35066e+07
1.35064e+07
1.35062e+07
1.3506e+07
1.35058e+07
1.35056e+07
1.35055e+07
1.35053e+07
1.35149e+07
1.35143e+07
1.35139e+07
1.35133e+07
1.35129e+07
1.35123e+07
1.3512e+07
1.35115e+07
1.35111e+07
1.35108e+07
1.35104e+07
1.35101e+07
1.35098e+07
1.35094e+07
1.35092e+07
1.35089e+07
1.35086e+07
1.35083e+07
1.35081e+07
1.35079e+07
1.35076e+07
1.35074e+07
1.35072e+07
1.3507e+07
1.35068e+07
1.35066e+07
1.35064e+07
1.35062e+07
1.3506e+07
1.35058e+07
1.35057e+07
1.35055e+07
1.3515e+07
1.35143e+07
1.35139e+07
1.35133e+07
1.35129e+07
1.35124e+07
1.3512e+07
1.35115e+07
1.35112e+07
1.35108e+07
1.35105e+07
1.35101e+07
1.35098e+07
1.35095e+07
1.35092e+07
1.35089e+07
1.35087e+07
1.35084e+07
1.35082e+07
1.3508e+07
1.35077e+07
1.35075e+07
1.35073e+07
1.35071e+07
1.35069e+07
1.35067e+07
1.35066e+07
1.35064e+07
1.35062e+07
1.3506e+07
1.35059e+07
1.35057e+07
1.3515e+07
1.35143e+07
1.35139e+07
1.35133e+07
1.35129e+07
1.35124e+07
1.3512e+07
1.35116e+07
1.35112e+07
1.35108e+07
1.35105e+07
1.35102e+07
1.35099e+07
1.35096e+07
1.35093e+07
1.3509e+07
1.35088e+07
1.35085e+07
1.35083e+07
1.35081e+07
1.35079e+07
1.35076e+07
1.35074e+07
1.35073e+07
1.35071e+07
1.35069e+07
1.35067e+07
1.35066e+07
1.35064e+07
1.35062e+07
1.35061e+07
1.35059e+07
1.3515e+07
1.35143e+07
1.35139e+07
1.35133e+07
1.35129e+07
1.35124e+07
1.3512e+07
1.35116e+07
1.35112e+07
1.35109e+07
1.35105e+07
1.35102e+07
1.35099e+07
1.35096e+07
1.35093e+07
1.35091e+07
1.35088e+07
1.35086e+07
1.35084e+07
1.35082e+07
1.3508e+07
1.35078e+07
1.35076e+07
1.35074e+07
1.35072e+07
1.3507e+07
1.35069e+07
1.35067e+07
1.35066e+07
1.35064e+07
1.35063e+07
1.35061e+07
1.35151e+07
1.35142e+07
1.35139e+07
1.35133e+07
1.35129e+07
1.35124e+07
1.3512e+07
1.35116e+07
1.35112e+07
1.35109e+07
1.35106e+07
1.35102e+07
1.35099e+07
1.35096e+07
1.35094e+07
1.35091e+07
1.35089e+07
1.35087e+07
1.35084e+07
1.35082e+07
1.3508e+07
1.35079e+07
1.35077e+07
1.35075e+07
1.35073e+07
1.35072e+07
1.3507e+07
1.35069e+07
1.35067e+07
1.35066e+07
1.35064e+07
1.35063e+07
1.35151e+07
1.35142e+07
1.3514e+07
1.35133e+07
1.35129e+07
1.35124e+07
1.3512e+07
1.35116e+07
1.35113e+07
1.35109e+07
1.35106e+07
1.35103e+07
1.351e+07
1.35097e+07
1.35094e+07
1.35092e+07
1.3509e+07
1.35087e+07
1.35085e+07
1.35083e+07
1.35081e+07
1.3508e+07
1.35078e+07
1.35076e+07
1.35075e+07
1.35073e+07
1.35072e+07
1.3507e+07
1.35069e+07
1.35068e+07
1.35066e+07
1.35065e+07
1.35152e+07
1.35142e+07
1.3514e+07
1.35132e+07
1.35129e+07
1.35124e+07
1.35121e+07
1.35116e+07
1.35113e+07
1.35109e+07
1.35106e+07
1.35103e+07
1.351e+07
1.35097e+07
1.35095e+07
1.35092e+07
1.3509e+07
1.35088e+07
1.35086e+07
1.35084e+07
1.35082e+07
1.3508e+07
1.35079e+07
1.35077e+07
1.35076e+07
1.35074e+07
1.35073e+07
1.35072e+07
1.35071e+07
1.35069e+07
1.35068e+07
1.35067e+07
1.35152e+07
1.35142e+07
1.3514e+07
1.35132e+07
1.3513e+07
1.35124e+07
1.35121e+07
1.35116e+07
1.35113e+07
1.35109e+07
1.35106e+07
1.35103e+07
1.351e+07
1.35098e+07
1.35095e+07
1.35093e+07
1.35091e+07
1.35088e+07
1.35086e+07
1.35085e+07
1.35083e+07
1.35081e+07
1.3508e+07
1.35078e+07
1.35077e+07
1.35076e+07
1.35074e+07
1.35073e+07
1.35072e+07
1.35071e+07
1.3507e+07
1.35069e+07
1.35153e+07
1.35141e+07
1.3514e+07
1.35132e+07
1.3513e+07
1.35124e+07
1.35121e+07
1.35116e+07
1.35113e+07
1.3511e+07
1.35107e+07
1.35103e+07
1.35101e+07
1.35098e+07
1.35096e+07
1.35093e+07
1.35091e+07
1.35089e+07
1.35087e+07
1.35085e+07
1.35084e+07
1.35082e+07
1.35081e+07
1.35079e+07
1.35078e+07
1.35077e+07
1.35076e+07
1.35075e+07
1.35074e+07
1.35073e+07
1.35072e+07
1.35071e+07
1.35153e+07
1.35141e+07
1.3514e+07
1.35132e+07
1.3513e+07
1.35124e+07
1.35121e+07
1.35117e+07
1.35113e+07
1.3511e+07
1.35107e+07
1.35104e+07
1.35101e+07
1.35098e+07
1.35096e+07
1.35094e+07
1.35091e+07
1.35089e+07
1.35088e+07
1.35086e+07
1.35084e+07
1.35083e+07
1.35081e+07
1.3508e+07
1.35079e+07
1.35078e+07
1.35077e+07
1.35076e+07
1.35075e+07
1.35074e+07
1.35073e+07
1.35073e+07
1.35154e+07
1.3514e+07
1.35141e+07
1.35132e+07
1.3513e+07
1.35124e+07
1.35121e+07
1.35117e+07
1.35114e+07
1.3511e+07
1.35107e+07
1.35104e+07
1.35101e+07
1.35099e+07
1.35096e+07
1.35094e+07
1.35092e+07
1.3509e+07
1.35088e+07
1.35086e+07
1.35085e+07
1.35083e+07
1.35082e+07
1.35081e+07
1.3508e+07
1.35079e+07
1.35078e+07
1.35077e+07
1.35076e+07
1.35075e+07
1.35075e+07
1.35074e+07
1.35155e+07
1.3514e+07
1.35141e+07
1.35132e+07
1.3513e+07
1.35124e+07
1.35121e+07
1.35117e+07
1.35114e+07
1.3511e+07
1.35107e+07
1.35104e+07
1.35102e+07
1.35099e+07
1.35097e+07
1.35094e+07
1.35092e+07
1.3509e+07
1.35088e+07
1.35087e+07
1.35085e+07
1.35084e+07
1.35083e+07
1.35081e+07
1.35081e+07
1.3508e+07
1.35079e+07
1.35078e+07
1.35078e+07
1.35077e+07
1.35076e+07
1.35076e+07
1.35156e+07
1.35139e+07
1.35141e+07
1.35132e+07
1.3513e+07
1.35124e+07
1.35121e+07
1.35117e+07
1.35114e+07
1.3511e+07
1.35107e+07
1.35104e+07
1.35102e+07
1.35099e+07
1.35097e+07
1.35094e+07
1.35092e+07
1.3509e+07
1.35089e+07
1.35087e+07
1.35086e+07
1.35084e+07
1.35083e+07
1.35082e+07
1.35081e+07
1.3508e+07
1.3508e+07
1.35079e+07
1.35078e+07
1.35078e+07
1.35078e+07
1.35078e+07
1.35157e+07
1.35138e+07
1.35141e+07
1.35132e+07
1.3513e+07
1.35124e+07
1.35122e+07
1.35117e+07
1.35114e+07
1.35111e+07
1.35108e+07
1.35105e+07
1.35102e+07
1.35099e+07
1.35097e+07
1.35095e+07
1.35093e+07
1.35091e+07
1.35089e+07
1.35087e+07
1.35086e+07
1.35085e+07
1.35084e+07
1.35083e+07
1.35082e+07
1.35081e+07
1.35081e+07
1.3508e+07
1.3508e+07
1.3508e+07
1.3508e+07
1.3508e+07
1.35157e+07
1.35138e+07
1.35141e+07
1.35132e+07
1.3513e+07
1.35124e+07
1.35122e+07
1.35117e+07
1.35114e+07
1.35111e+07
1.35108e+07
1.35105e+07
1.35102e+07
1.351e+07
1.35097e+07
1.35095e+07
1.35093e+07
1.35091e+07
1.35089e+07
1.35088e+07
1.35086e+07
1.35085e+07
1.35084e+07
1.35083e+07
1.35082e+07
1.35081e+07
1.35081e+07
1.3508e+07
1.3508e+07
1.3508e+07
1.35081e+07
1.35081e+07
1.35159e+07
1.35137e+07
1.35142e+07
1.35132e+07
1.35131e+07
1.35125e+07
1.35122e+07
1.35118e+07
1.35115e+07
1.35111e+07
1.35108e+07
1.35105e+07
1.35103e+07
1.351e+07
1.35098e+07
1.35096e+07
1.35094e+07
1.35092e+07
1.3509e+07
1.35088e+07
1.35087e+07
1.35086e+07
1.35085e+07
1.35084e+07
1.35083e+07
1.35082e+07
1.35082e+07
1.35082e+07
1.35082e+07
1.35082e+07
1.35083e+07
1.35084e+07
1.3516e+07
1.35137e+07
1.35142e+07
1.35132e+07
1.35131e+07
1.35126e+07
1.35123e+07
1.35119e+07
1.35116e+07
1.35112e+07
1.35109e+07
1.35106e+07
1.35104e+07
1.35101e+07
1.35099e+07
1.35096e+07
1.35094e+07
1.35092e+07
1.35091e+07
1.35089e+07
1.35088e+07
1.35086e+07
1.35085e+07
1.35084e+07
1.35084e+07
1.35083e+07
1.35083e+07
1.35082e+07
1.35083e+07
1.35083e+07
1.35084e+07
1.35086e+07
1.35165e+07
1.35138e+07
1.35146e+07
1.35136e+07
1.35135e+07
1.35129e+07
1.35126e+07
1.35122e+07
1.35119e+07
1.35115e+07
1.35113e+07
1.3511e+07
1.35107e+07
1.35104e+07
1.35102e+07
1.351e+07
1.35098e+07
1.35096e+07
1.35095e+07
1.35093e+07
1.35092e+07
1.3509e+07
1.3509e+07
1.35088e+07
1.35088e+07
1.35087e+07
1.35087e+07
1.35086e+07
1.35087e+07
1.35087e+07
1.3509e+07
1.35094e+07
1.35177e+07
1.35149e+07
1.35157e+07
1.35148e+07
1.35147e+07
1.35141e+07
1.35138e+07
1.35134e+07
1.35131e+07
1.35128e+07
1.35125e+07
1.35122e+07
1.35119e+07
1.35117e+07
1.35115e+07
1.35112e+07
1.3511e+07
1.35108e+07
1.35107e+07
1.35105e+07
1.35104e+07
1.35102e+07
1.35101e+07
1.351e+07
1.35099e+07
1.35098e+07
1.35098e+07
1.35097e+07
1.35099e+07
1.351e+07
1.35106e+07
1.35113e+07
1.35259e+07
1.35219e+07
1.35232e+07
1.35222e+07
1.35221e+07
1.35215e+07
1.35212e+07
1.35207e+07
1.35203e+07
1.35199e+07
1.35196e+07
1.35193e+07
1.3519e+07
1.35186e+07
1.35184e+07
1.35181e+07
1.35179e+07
1.35177e+07
1.35175e+07
1.35173e+07
1.35172e+07
1.3517e+07
1.3517e+07
1.35167e+07
1.35168e+07
1.35166e+07
1.35166e+07
1.35164e+07
1.35166e+07
1.35166e+07
1.35171e+07
1.35173e+07
1.35045e+07
1.35043e+07
1.35041e+07
1.35038e+07
1.35036e+07
1.35034e+07
1.35032e+07
1.3503e+07
1.35027e+07
1.35025e+07
1.35022e+07
1.3502e+07
1.35017e+07
1.35014e+07
1.35012e+07
1.35009e+07
1.35006e+07
1.35002e+07
1.34999e+07
1.34996e+07
1.34992e+07
1.34988e+07
1.34985e+07
1.3498e+07
1.34976e+07
1.34972e+07
1.34967e+07
1.34962e+07
1.34957e+07
1.34951e+07
1.34945e+07
1.34939e+07
1.34933e+07
1.34926e+07
1.34919e+07
1.34911e+07
1.34903e+07
1.34894e+07
1.34884e+07
1.34874e+07
1.34864e+07
1.34852e+07
1.3484e+07
1.34826e+07
1.34812e+07
1.34797e+07
1.3478e+07
1.34762e+07
1.34743e+07
1.34722e+07
1.34699e+07
1.34675e+07
1.34648e+07
1.34618e+07
1.34586e+07
1.34551e+07
1.34513e+07
1.34471e+07
1.34424e+07
1.34373e+07
1.34317e+07
1.34255e+07
1.34185e+07
1.34108e+07
1.34023e+07
1.33927e+07
1.3382e+07
1.337e+07
1.33565e+07
1.33413e+07
1.33241e+07
1.33045e+07
1.32823e+07
1.32569e+07
1.3228e+07
1.31948e+07
1.31561e+07
1.31107e+07
1.30577e+07
1.29951e+07
1.29216e+07
1.2835e+07
1.27326e+07
1.26258e+07
1.24759e+07
1.22942e+07
1.20846e+07
1.18474e+07
1.15786e+07
1.12408e+07
1.0831e+07
1.03661e+07
1.35041e+07
1.35039e+07
1.35037e+07
1.35035e+07
1.35032e+07
1.3503e+07
1.35028e+07
1.35025e+07
1.35023e+07
1.35019e+07
1.35017e+07
1.35014e+07
1.35011e+07
1.35008e+07
1.35005e+07
1.35002e+07
1.34998e+07
1.34995e+07
1.34991e+07
1.34987e+07
1.34983e+07
1.34979e+07
1.34975e+07
1.3497e+07
1.34965e+07
1.3496e+07
1.34955e+07
1.34949e+07
1.34944e+07
1.34937e+07
1.34931e+07
1.34924e+07
1.34916e+07
1.34909e+07
1.349e+07
1.34892e+07
1.34882e+07
1.34872e+07
1.34862e+07
1.3485e+07
1.34838e+07
1.34825e+07
1.34811e+07
1.34796e+07
1.3478e+07
1.34762e+07
1.34744e+07
1.34723e+07
1.34701e+07
1.34678e+07
1.34652e+07
1.34624e+07
1.34593e+07
1.3456e+07
1.34524e+07
1.34484e+07
1.34441e+07
1.34394e+07
1.34341e+07
1.34284e+07
1.3422e+07
1.3415e+07
1.34073e+07
1.33986e+07
1.3389e+07
1.33783e+07
1.33664e+07
1.3353e+07
1.33379e+07
1.3321e+07
1.33019e+07
1.32802e+07
1.32556e+07
1.32275e+07
1.31957e+07
1.3159e+07
1.31161e+07
1.30661e+07
1.30076e+07
1.29392e+07
1.28594e+07
1.27666e+07
1.26584e+07
1.25459e+07
1.2383e+07
1.21918e+07
1.1977e+07
1.17367e+07
1.14624e+07
1.11149e+07
1.07024e+07
1.02454e+07
1.35043e+07
1.3504e+07
1.35038e+07
1.35036e+07
1.35034e+07
1.35031e+07
1.35029e+07
1.35026e+07
1.35024e+07
1.35021e+07
1.35019e+07
1.35016e+07
1.35013e+07
1.3501e+07
1.35007e+07
1.35003e+07
1.35e+07
1.34996e+07
1.34993e+07
1.34989e+07
1.34985e+07
1.34981e+07
1.34977e+07
1.34972e+07
1.34967e+07
1.34962e+07
1.34957e+07
1.34951e+07
1.34945e+07
1.34939e+07
1.34933e+07
1.34926e+07
1.34919e+07
1.34911e+07
1.34903e+07
1.34894e+07
1.34884e+07
1.34875e+07
1.34864e+07
1.34853e+07
1.34841e+07
1.34827e+07
1.34814e+07
1.34799e+07
1.34783e+07
1.34765e+07
1.34747e+07
1.34726e+07
1.34705e+07
1.34681e+07
1.34655e+07
1.34627e+07
1.34597e+07
1.34564e+07
1.34528e+07
1.34488e+07
1.34445e+07
1.34398e+07
1.34346e+07
1.34288e+07
1.34225e+07
1.34155e+07
1.34077e+07
1.33991e+07
1.33895e+07
1.33788e+07
1.33669e+07
1.33534e+07
1.33384e+07
1.33214e+07
1.33023e+07
1.32805e+07
1.32559e+07
1.32277e+07
1.31958e+07
1.31588e+07
1.31156e+07
1.3065e+07
1.30058e+07
1.29365e+07
1.28558e+07
1.27621e+07
1.26529e+07
1.25442e+07
1.23754e+07
1.21801e+07
1.19645e+07
1.17257e+07
1.14526e+07
1.10979e+07
1.06772e+07
1.02159e+07
1.35043e+07
1.35041e+07
1.35039e+07
1.35037e+07
1.35034e+07
1.35032e+07
1.3503e+07
1.35027e+07
1.35025e+07
1.35021e+07
1.3502e+07
1.35016e+07
1.35014e+07
1.3501e+07
1.35007e+07
1.35004e+07
1.35001e+07
1.34997e+07
1.34993e+07
1.34989e+07
1.34985e+07
1.34981e+07
1.34977e+07
1.34972e+07
1.34967e+07
1.34962e+07
1.34957e+07
1.34952e+07
1.34946e+07
1.34939e+07
1.34933e+07
1.34926e+07
1.34919e+07
1.34911e+07
1.34903e+07
1.34894e+07
1.34885e+07
1.34875e+07
1.34864e+07
1.34853e+07
1.34841e+07
1.34828e+07
1.34814e+07
1.34799e+07
1.34783e+07
1.34765e+07
1.34747e+07
1.34727e+07
1.34705e+07
1.34681e+07
1.34656e+07
1.34628e+07
1.34598e+07
1.34565e+07
1.34529e+07
1.34489e+07
1.34446e+07
1.34399e+07
1.34347e+07
1.3429e+07
1.34227e+07
1.34157e+07
1.3408e+07
1.33994e+07
1.33899e+07
1.33792e+07
1.33673e+07
1.3354e+07
1.3339e+07
1.33221e+07
1.3303e+07
1.32813e+07
1.32567e+07
1.32286e+07
1.31969e+07
1.31599e+07
1.31166e+07
1.30655e+07
1.30057e+07
1.29356e+07
1.2854e+07
1.27594e+07
1.26491e+07
1.25446e+07
1.23689e+07
1.21677e+07
1.19492e+07
1.17099e+07
1.14363e+07
1.10704e+07
1.06367e+07
1.01677e+07
1.35045e+07
1.35043e+07
1.35041e+07
1.35039e+07
1.35036e+07
1.35034e+07
1.35032e+07
1.35029e+07
1.35027e+07
1.35023e+07
1.35022e+07
1.35018e+07
1.35016e+07
1.35013e+07
1.3501e+07
1.35006e+07
1.35003e+07
1.34999e+07
1.34996e+07
1.34992e+07
1.34988e+07
1.34984e+07
1.3498e+07
1.34975e+07
1.3497e+07
1.34965e+07
1.3496e+07
1.34955e+07
1.34949e+07
1.34943e+07
1.34936e+07
1.3493e+07
1.34922e+07
1.34915e+07
1.34907e+07
1.34898e+07
1.34889e+07
1.34879e+07
1.34869e+07
1.34858e+07
1.34846e+07
1.34833e+07
1.34819e+07
1.34805e+07
1.34789e+07
1.34772e+07
1.34754e+07
1.34734e+07
1.34712e+07
1.34689e+07
1.34664e+07
1.34637e+07
1.34607e+07
1.34575e+07
1.3454e+07
1.34501e+07
1.34459e+07
1.34413e+07
1.34362e+07
1.34306e+07
1.34244e+07
1.34175e+07
1.341e+07
1.34015e+07
1.33922e+07
1.33817e+07
1.337e+07
1.33568e+07
1.33422e+07
1.33255e+07
1.33067e+07
1.32853e+07
1.32611e+07
1.32333e+07
1.32021e+07
1.31656e+07
1.31225e+07
1.30716e+07
1.30118e+07
1.29415e+07
1.28594e+07
1.27645e+07
1.26534e+07
1.25542e+07
1.23721e+07
1.21652e+07
1.19435e+07
1.17038e+07
1.14294e+07
1.1052e+07
1.06033e+07
1.01217e+07
1.35047e+07
1.35045e+07
1.35043e+07
1.35041e+07
1.35038e+07
1.35036e+07
1.35034e+07
1.35031e+07
1.3503e+07
1.35025e+07
1.35024e+07
1.35021e+07
1.35018e+07
1.35015e+07
1.35012e+07
1.35009e+07
1.35005e+07
1.35002e+07
1.34998e+07
1.34994e+07
1.34991e+07
1.34987e+07
1.34982e+07
1.34978e+07
1.34973e+07
1.34968e+07
1.34963e+07
1.34958e+07
1.34952e+07
1.34946e+07
1.3494e+07
1.34933e+07
1.34926e+07
1.34918e+07
1.34911e+07
1.34902e+07
1.34893e+07
1.34883e+07
1.34873e+07
1.34862e+07
1.34851e+07
1.34838e+07
1.34825e+07
1.34811e+07
1.34795e+07
1.34778e+07
1.34761e+07
1.34741e+07
1.3472e+07
1.34698e+07
1.34673e+07
1.34647e+07
1.34618e+07
1.34586e+07
1.34552e+07
1.34514e+07
1.34473e+07
1.34428e+07
1.34378e+07
1.34323e+07
1.34263e+07
1.34196e+07
1.34122e+07
1.3404e+07
1.33948e+07
1.33846e+07
1.33732e+07
1.33603e+07
1.33459e+07
1.33296e+07
1.33112e+07
1.32903e+07
1.32665e+07
1.32392e+07
1.32086e+07
1.31727e+07
1.31302e+07
1.30796e+07
1.30201e+07
1.29499e+07
1.28677e+07
1.27726e+07
1.26609e+07
1.25672e+07
1.23787e+07
1.21658e+07
1.19403e+07
1.16992e+07
1.14231e+07
1.1032e+07
1.05662e+07
1.00709e+07
1.35049e+07
1.35047e+07
1.35045e+07
1.35043e+07
1.3504e+07
1.35038e+07
1.35036e+07
1.35034e+07
1.35032e+07
1.35027e+07
1.35027e+07
1.35023e+07
1.35021e+07
1.35018e+07
1.35015e+07
1.35012e+07
1.35008e+07
1.35005e+07
1.35001e+07
1.34998e+07
1.34994e+07
1.3499e+07
1.34986e+07
1.34981e+07
1.34977e+07
1.34972e+07
1.34967e+07
1.34962e+07
1.34956e+07
1.3495e+07
1.34944e+07
1.34937e+07
1.3493e+07
1.34923e+07
1.34915e+07
1.34907e+07
1.34898e+07
1.34889e+07
1.34879e+07
1.34868e+07
1.34857e+07
1.34845e+07
1.34832e+07
1.34818e+07
1.34803e+07
1.34787e+07
1.34769e+07
1.34751e+07
1.3473e+07
1.34708e+07
1.34684e+07
1.34659e+07
1.3463e+07
1.346e+07
1.34566e+07
1.3453e+07
1.3449e+07
1.34446e+07
1.34397e+07
1.34344e+07
1.34285e+07
1.3422e+07
1.34148e+07
1.34069e+07
1.33979e+07
1.3388e+07
1.33769e+07
1.33644e+07
1.33504e+07
1.33344e+07
1.33166e+07
1.32961e+07
1.32729e+07
1.32462e+07
1.32164e+07
1.31812e+07
1.31394e+07
1.30894e+07
1.30304e+07
1.29606e+07
1.28786e+07
1.27837e+07
1.26714e+07
1.25835e+07
1.23889e+07
1.21699e+07
1.19402e+07
1.16972e+07
1.14188e+07
1.10133e+07
1.05277e+07
1.00144e+07
1.35051e+07
1.35049e+07
1.35047e+07
1.35045e+07
1.35043e+07
1.35041e+07
1.35039e+07
1.35036e+07
1.35035e+07
1.3503e+07
1.35029e+07
1.35026e+07
1.35024e+07
1.35021e+07
1.35018e+07
1.35014e+07
1.35011e+07
1.35008e+07
1.35004e+07
1.35001e+07
1.34997e+07
1.34993e+07
1.34989e+07
1.34985e+07
1.3498e+07
1.34975e+07
1.3497e+07
1.34965e+07
1.3496e+07
1.34954e+07
1.34948e+07
1.34942e+07
1.34935e+07
1.34928e+07
1.3492e+07
1.34912e+07
1.34904e+07
1.34895e+07
1.34885e+07
1.34875e+07
1.34863e+07
1.34852e+07
1.34839e+07
1.34825e+07
1.34811e+07
1.34795e+07
1.34778e+07
1.3476e+07
1.3474e+07
1.34719e+07
1.34696e+07
1.34671e+07
1.34643e+07
1.34614e+07
1.34581e+07
1.34546e+07
1.34507e+07
1.34464e+07
1.34417e+07
1.34366e+07
1.34309e+07
1.34246e+07
1.34176e+07
1.34098e+07
1.34012e+07
1.33916e+07
1.33807e+07
1.33686e+07
1.3355e+07
1.33395e+07
1.33222e+07
1.33023e+07
1.32797e+07
1.32537e+07
1.32246e+07
1.31904e+07
1.31494e+07
1.31002e+07
1.30419e+07
1.29727e+07
1.28912e+07
1.27967e+07
1.26841e+07
1.26021e+07
1.24017e+07
1.21767e+07
1.19422e+07
1.16969e+07
1.14151e+07
1.09943e+07
1.04882e+07
9.95288e+06
1.35053e+07
1.35051e+07
1.3505e+07
1.35048e+07
1.35045e+07
1.35043e+07
1.35041e+07
1.35039e+07
1.35038e+07
1.35032e+07
1.35032e+07
1.35029e+07
1.35027e+07
1.35023e+07
1.35021e+07
1.35017e+07
1.35014e+07
1.35011e+07
1.35007e+07
1.35004e+07
1.35e+07
1.34996e+07
1.34992e+07
1.34988e+07
1.34984e+07
1.34979e+07
1.34974e+07
1.34969e+07
1.34964e+07
1.34958e+07
1.34952e+07
1.34946e+07
1.3494e+07
1.34933e+07
1.34925e+07
1.34917e+07
1.34909e+07
1.349e+07
1.34891e+07
1.34881e+07
1.3487e+07
1.34859e+07
1.34846e+07
1.34833e+07
1.34819e+07
1.34804e+07
1.34787e+07
1.3477e+07
1.3475e+07
1.3473e+07
1.34707e+07
1.34683e+07
1.34656e+07
1.34628e+07
1.34596e+07
1.34562e+07
1.34524e+07
1.34483e+07
1.34438e+07
1.34388e+07
1.34333e+07
1.34271e+07
1.34204e+07
1.34129e+07
1.34045e+07
1.33952e+07
1.33847e+07
1.3373e+07
1.33598e+07
1.33447e+07
1.33279e+07
1.33086e+07
1.32867e+07
1.32613e+07
1.32333e+07
1.31998e+07
1.31598e+07
1.31115e+07
1.30542e+07
1.29858e+07
1.2905e+07
1.28111e+07
1.26986e+07
1.26223e+07
1.24169e+07
1.21858e+07
1.19464e+07
1.1698e+07
1.14129e+07
1.09747e+07
1.04459e+07
9.89018e+06
1.35055e+07
1.35054e+07
1.35052e+07
1.3505e+07
1.35047e+07
1.35046e+07
1.35044e+07
1.35041e+07
1.3504e+07
1.35035e+07
1.35035e+07
1.35031e+07
1.35029e+07
1.35026e+07
1.35023e+07
1.3502e+07
1.35017e+07
1.35014e+07
1.3501e+07
1.35007e+07
1.35003e+07
1.34999e+07
1.34995e+07
1.34991e+07
1.34987e+07
1.34983e+07
1.34978e+07
1.34973e+07
1.34968e+07
1.34962e+07
1.34957e+07
1.3495e+07
1.34944e+07
1.34937e+07
1.3493e+07
1.34922e+07
1.34914e+07
1.34906e+07
1.34897e+07
1.34887e+07
1.34876e+07
1.34865e+07
1.34853e+07
1.34841e+07
1.34827e+07
1.34812e+07
1.34796e+07
1.34779e+07
1.3476e+07
1.3474e+07
1.34719e+07
1.34695e+07
1.34669e+07
1.34642e+07
1.34611e+07
1.34578e+07
1.34541e+07
1.34501e+07
1.34458e+07
1.34409e+07
1.34356e+07
1.34297e+07
1.34231e+07
1.34159e+07
1.34078e+07
1.33988e+07
1.33886e+07
1.33772e+07
1.33645e+07
1.33499e+07
1.33336e+07
1.33148e+07
1.32937e+07
1.3269e+07
1.32419e+07
1.32093e+07
1.31704e+07
1.31231e+07
1.30669e+07
1.29994e+07
1.29197e+07
1.28266e+07
1.27144e+07
1.26438e+07
1.24342e+07
1.21969e+07
1.19526e+07
1.17006e+07
1.14115e+07
1.09553e+07
1.04016e+07
9.81871e+06
1.35057e+07
1.35056e+07
1.35054e+07
1.35053e+07
1.3505e+07
1.35048e+07
1.35046e+07
1.35044e+07
1.35043e+07
1.35037e+07
1.35038e+07
1.35034e+07
1.35032e+07
1.35029e+07
1.35026e+07
1.35023e+07
1.3502e+07
1.35016e+07
1.35013e+07
1.3501e+07
1.35006e+07
1.35003e+07
1.34999e+07
1.34995e+07
1.3499e+07
1.34986e+07
1.34981e+07
1.34977e+07
1.34972e+07
1.34966e+07
1.34961e+07
1.34955e+07
1.34948e+07
1.34942e+07
1.34935e+07
1.34927e+07
1.3492e+07
1.34911e+07
1.34902e+07
1.34893e+07
1.34883e+07
1.34872e+07
1.3486e+07
1.34848e+07
1.34834e+07
1.3482e+07
1.34805e+07
1.34788e+07
1.3477e+07
1.34751e+07
1.3473e+07
1.34707e+07
1.34682e+07
1.34655e+07
1.34625e+07
1.34593e+07
1.34558e+07
1.34519e+07
1.34477e+07
1.3443e+07
1.34378e+07
1.34321e+07
1.34258e+07
1.34188e+07
1.34109e+07
1.34022e+07
1.33924e+07
1.33814e+07
1.3369e+07
1.3355e+07
1.33392e+07
1.3321e+07
1.33005e+07
1.32765e+07
1.32503e+07
1.32187e+07
1.31809e+07
1.31346e+07
1.30797e+07
1.30133e+07
1.29348e+07
1.28428e+07
1.27312e+07
1.26662e+07
1.24531e+07
1.221e+07
1.19608e+07
1.17043e+07
1.14106e+07
1.09361e+07
1.03584e+07
9.74109e+06
1.3506e+07
1.35058e+07
1.35057e+07
1.35055e+07
1.35052e+07
1.3505e+07
1.35049e+07
1.35046e+07
1.35045e+07
1.3504e+07
1.3504e+07
1.35036e+07
1.35035e+07
1.35031e+07
1.35029e+07
1.35026e+07
1.35023e+07
1.35019e+07
1.35016e+07
1.35013e+07
1.35009e+07
1.35006e+07
1.35002e+07
1.34998e+07
1.34994e+07
1.34989e+07
1.34985e+07
1.3498e+07
1.34975e+07
1.3497e+07
1.34964e+07
1.34959e+07
1.34953e+07
1.34946e+07
1.34939e+07
1.34932e+07
1.34924e+07
1.34916e+07
1.34908e+07
1.34898e+07
1.34889e+07
1.34878e+07
1.34867e+07
1.34855e+07
1.34842e+07
1.34828e+07
1.34813e+07
1.34797e+07
1.34779e+07
1.3476e+07
1.3474e+07
1.34718e+07
1.34694e+07
1.34668e+07
1.34639e+07
1.34608e+07
1.34574e+07
1.34536e+07
1.34495e+07
1.3445e+07
1.344e+07
1.34345e+07
1.34283e+07
1.34215e+07
1.34139e+07
1.34055e+07
1.3396e+07
1.33854e+07
1.33734e+07
1.33598e+07
1.33445e+07
1.33269e+07
1.33071e+07
1.32838e+07
1.32584e+07
1.32278e+07
1.31911e+07
1.31459e+07
1.30923e+07
1.30272e+07
1.29501e+07
1.28595e+07
1.27486e+07
1.2689e+07
1.24736e+07
1.22251e+07
1.19705e+07
1.17094e+07
1.14104e+07
1.09167e+07
1.03135e+07
9.66373e+06
1.35062e+07
1.3506e+07
1.35059e+07
1.35057e+07
1.35054e+07
1.35053e+07
1.35051e+07
1.35049e+07
1.35048e+07
1.35042e+07
1.35043e+07
1.35039e+07
1.35037e+07
1.35034e+07
1.35031e+07
1.35028e+07
1.35025e+07
1.35022e+07
1.35019e+07
1.35015e+07
1.35012e+07
1.35008e+07
1.35005e+07
1.35001e+07
1.34997e+07
1.34993e+07
1.34988e+07
1.34983e+07
1.34979e+07
1.34974e+07
1.34968e+07
1.34963e+07
1.34957e+07
1.3495e+07
1.34944e+07
1.34937e+07
1.34929e+07
1.34921e+07
1.34913e+07
1.34904e+07
1.34894e+07
1.34884e+07
1.34873e+07
1.34861e+07
1.34849e+07
1.34835e+07
1.34821e+07
1.34805e+07
1.34788e+07
1.3477e+07
1.3475e+07
1.34728e+07
1.34705e+07
1.3468e+07
1.34652e+07
1.34622e+07
1.34589e+07
1.34552e+07
1.34512e+07
1.34468e+07
1.3442e+07
1.34367e+07
1.34307e+07
1.34241e+07
1.34168e+07
1.34086e+07
1.33994e+07
1.33891e+07
1.33775e+07
1.33644e+07
1.33495e+07
1.33325e+07
1.33133e+07
1.32907e+07
1.32662e+07
1.32366e+07
1.32008e+07
1.31569e+07
1.31045e+07
1.30409e+07
1.29653e+07
1.28762e+07
1.27664e+07
1.2712e+07
1.24952e+07
1.22421e+07
1.19818e+07
1.17158e+07
1.14107e+07
1.08984e+07
1.02667e+07
9.58002e+06
1.35064e+07
1.35063e+07
1.35061e+07
1.35059e+07
1.35057e+07
1.35055e+07
1.35054e+07
1.35051e+07
1.3505e+07
1.35045e+07
1.35045e+07
1.35041e+07
1.3504e+07
1.35036e+07
1.35034e+07
1.35031e+07
1.35028e+07
1.35024e+07
1.35021e+07
1.35018e+07
1.35015e+07
1.35011e+07
1.35007e+07
1.35004e+07
1.35e+07
1.34995e+07
1.34991e+07
1.34987e+07
1.34982e+07
1.34977e+07
1.34972e+07
1.34966e+07
1.3496e+07
1.34954e+07
1.34948e+07
1.34941e+07
1.34933e+07
1.34926e+07
1.34918e+07
1.34909e+07
1.34899e+07
1.34889e+07
1.34879e+07
1.34867e+07
1.34855e+07
1.34842e+07
1.34828e+07
1.34813e+07
1.34796e+07
1.34778e+07
1.34759e+07
1.34738e+07
1.34715e+07
1.34691e+07
1.34664e+07
1.34635e+07
1.34602e+07
1.34567e+07
1.34529e+07
1.34486e+07
1.34439e+07
1.34387e+07
1.34329e+07
1.34266e+07
1.34194e+07
1.34115e+07
1.34026e+07
1.33926e+07
1.33814e+07
1.33686e+07
1.33543e+07
1.33378e+07
1.33191e+07
1.32973e+07
1.32735e+07
1.32448e+07
1.32101e+07
1.31675e+07
1.31163e+07
1.30543e+07
1.29802e+07
1.28929e+07
1.27844e+07
1.27348e+07
1.2518e+07
1.22608e+07
1.19945e+07
1.17232e+07
1.14115e+07
1.08805e+07
1.02215e+07
9.48902e+06
1.35066e+07
1.35065e+07
1.35063e+07
1.35062e+07
1.35059e+07
1.35057e+07
1.35056e+07
1.35053e+07
1.35052e+07
1.35047e+07
1.35047e+07
1.35043e+07
1.35042e+07
1.35039e+07
1.35036e+07
1.35033e+07
1.3503e+07
1.35027e+07
1.35024e+07
1.3502e+07
1.35017e+07
1.35014e+07
1.3501e+07
1.35006e+07
1.35002e+07
1.34998e+07
1.34994e+07
1.3499e+07
1.34985e+07
1.3498e+07
1.34975e+07
1.34969e+07
1.34964e+07
1.34958e+07
1.34951e+07
1.34945e+07
1.34938e+07
1.3493e+07
1.34922e+07
1.34913e+07
1.34904e+07
1.34895e+07
1.34884e+07
1.34873e+07
1.34861e+07
1.34848e+07
1.34835e+07
1.3482e+07
1.34804e+07
1.34787e+07
1.34768e+07
1.34748e+07
1.34725e+07
1.34701e+07
1.34675e+07
1.34647e+07
1.34615e+07
1.34581e+07
1.34544e+07
1.34502e+07
1.34457e+07
1.34407e+07
1.3435e+07
1.34289e+07
1.34219e+07
1.34143e+07
1.34056e+07
1.33959e+07
1.3385e+07
1.33726e+07
1.33587e+07
1.33427e+07
1.33246e+07
1.33035e+07
1.32804e+07
1.32527e+07
1.32188e+07
1.31776e+07
1.31275e+07
1.30673e+07
1.29946e+07
1.29094e+07
1.28022e+07
1.27571e+07
1.25416e+07
1.22811e+07
1.20089e+07
1.17318e+07
1.14123e+07
1.08627e+07
1.01779e+07
9.39552e+06
1.35068e+07
1.35067e+07
1.35065e+07
1.35064e+07
1.35061e+07
1.35059e+07
1.35058e+07
1.35055e+07
1.35054e+07
1.35049e+07
1.35049e+07
1.35045e+07
1.35044e+07
1.35041e+07
1.35038e+07
1.35035e+07
1.35032e+07
1.35029e+07
1.35026e+07
1.35023e+07
1.35019e+07
1.35016e+07
1.35012e+07
1.35009e+07
1.35005e+07
1.35001e+07
1.34997e+07
1.34992e+07
1.34988e+07
1.34983e+07
1.34978e+07
1.34973e+07
1.34967e+07
1.34961e+07
1.34955e+07
1.34948e+07
1.34941e+07
1.34934e+07
1.34926e+07
1.34918e+07
1.34909e+07
1.349e+07
1.34889e+07
1.34879e+07
1.34867e+07
1.34854e+07
1.34841e+07
1.34827e+07
1.34811e+07
1.34794e+07
1.34776e+07
1.34756e+07
1.34735e+07
1.34711e+07
1.34686e+07
1.34658e+07
1.34628e+07
1.34594e+07
1.34558e+07
1.34518e+07
1.34473e+07
1.34425e+07
1.3437e+07
1.3431e+07
1.34243e+07
1.34168e+07
1.34084e+07
1.3399e+07
1.33884e+07
1.33764e+07
1.33628e+07
1.33473e+07
1.33298e+07
1.33093e+07
1.32868e+07
1.326e+07
1.32269e+07
1.3187e+07
1.31381e+07
1.30796e+07
1.30085e+07
1.29253e+07
1.28199e+07
1.27785e+07
1.25661e+07
1.23027e+07
1.20249e+07
1.1741e+07
1.14138e+07
1.08452e+07
1.01348e+07
9.29776e+06
1.35069e+07
1.35069e+07
1.35067e+07
1.35066e+07
1.35063e+07
1.35062e+07
1.3506e+07
1.35057e+07
1.35056e+07
1.35051e+07
1.35051e+07
1.35047e+07
1.35046e+07
1.35043e+07
1.3504e+07
1.35037e+07
1.35034e+07
1.35031e+07
1.35028e+07
1.35025e+07
1.35022e+07
1.35018e+07
1.35015e+07
1.35011e+07
1.35007e+07
1.35003e+07
1.34999e+07
1.34995e+07
1.3499e+07
1.34986e+07
1.34981e+07
1.34976e+07
1.3497e+07
1.34964e+07
1.34958e+07
1.34952e+07
1.34945e+07
1.34938e+07
1.3493e+07
1.34922e+07
1.34913e+07
1.34904e+07
1.34894e+07
1.34884e+07
1.34872e+07
1.3486e+07
1.34847e+07
1.34833e+07
1.34818e+07
1.34801e+07
1.34783e+07
1.34764e+07
1.34743e+07
1.34721e+07
1.34696e+07
1.34669e+07
1.34639e+07
1.34607e+07
1.34571e+07
1.34532e+07
1.34489e+07
1.34441e+07
1.34388e+07
1.3433e+07
1.34264e+07
1.34192e+07
1.3411e+07
1.34019e+07
1.33916e+07
1.33799e+07
1.33667e+07
1.33517e+07
1.33345e+07
1.33147e+07
1.32927e+07
1.32668e+07
1.32346e+07
1.31958e+07
1.31482e+07
1.30913e+07
1.30218e+07
1.29406e+07
1.28374e+07
1.27989e+07
1.25911e+07
1.23255e+07
1.20423e+07
1.17508e+07
1.14152e+07
1.08288e+07
1.00926e+07
9.19487e+06
1.35071e+07
1.35071e+07
1.35069e+07
1.35068e+07
1.35065e+07
1.35064e+07
1.35062e+07
1.35059e+07
1.35058e+07
1.35053e+07
1.35053e+07
1.35049e+07
1.35048e+07
1.35045e+07
1.35042e+07
1.35039e+07
1.35036e+07
1.35033e+07
1.3503e+07
1.35027e+07
1.35024e+07
1.3502e+07
1.35017e+07
1.35013e+07
1.3501e+07
1.35006e+07
1.35002e+07
1.34997e+07
1.34993e+07
1.34988e+07
1.34984e+07
1.34978e+07
1.34973e+07
1.34967e+07
1.34961e+07
1.34955e+07
1.34948e+07
1.34941e+07
1.34934e+07
1.34926e+07
1.34917e+07
1.34908e+07
1.34899e+07
1.34888e+07
1.34877e+07
1.34865e+07
1.34853e+07
1.34839e+07
1.34824e+07
1.34808e+07
1.34791e+07
1.34772e+07
1.34751e+07
1.34729e+07
1.34705e+07
1.34679e+07
1.3465e+07
1.34618e+07
1.34583e+07
1.34546e+07
1.34503e+07
1.34457e+07
1.34405e+07
1.34349e+07
1.34285e+07
1.34214e+07
1.34134e+07
1.34045e+07
1.33945e+07
1.33832e+07
1.33703e+07
1.33557e+07
1.3339e+07
1.33197e+07
1.32983e+07
1.32731e+07
1.32418e+07
1.3204e+07
1.31577e+07
1.31022e+07
1.30346e+07
1.29552e+07
1.28544e+07
1.28181e+07
1.26165e+07
1.23494e+07
1.20611e+07
1.17612e+07
1.14166e+07
1.08133e+07
1.00527e+07
9.08391e+06
1.35073e+07
1.35073e+07
1.35071e+07
1.3507e+07
1.35067e+07
1.35066e+07
1.35064e+07
1.35061e+07
1.3506e+07
1.35054e+07
1.35055e+07
1.35051e+07
1.3505e+07
1.35046e+07
1.35044e+07
1.35041e+07
1.35038e+07
1.35035e+07
1.35032e+07
1.35029e+07
1.35025e+07
1.35022e+07
1.35019e+07
1.35015e+07
1.35012e+07
1.35008e+07
1.35004e+07
1.35e+07
1.34995e+07
1.34991e+07
1.34986e+07
1.34981e+07
1.34976e+07
1.3497e+07
1.34964e+07
1.34958e+07
1.34952e+07
1.34945e+07
1.34938e+07
1.3493e+07
1.34921e+07
1.34913e+07
1.34903e+07
1.34893e+07
1.34882e+07
1.34871e+07
1.34858e+07
1.34845e+07
1.3483e+07
1.34815e+07
1.34797e+07
1.34779e+07
1.34759e+07
1.34738e+07
1.34714e+07
1.34689e+07
1.3466e+07
1.3463e+07
1.34595e+07
1.34559e+07
1.34517e+07
1.34472e+07
1.34422e+07
1.34366e+07
1.34304e+07
1.34235e+07
1.34157e+07
1.34071e+07
1.33973e+07
1.33862e+07
1.33737e+07
1.33595e+07
1.33432e+07
1.33244e+07
1.33036e+07
1.3279e+07
1.32486e+07
1.32117e+07
1.31666e+07
1.31125e+07
1.30466e+07
1.29691e+07
1.2871e+07
1.28361e+07
1.26418e+07
1.23745e+07
1.20812e+07
1.17722e+07
1.14176e+07
1.07988e+07
1.00173e+07
8.96402e+06
1.35075e+07
1.35075e+07
1.35073e+07
1.35073e+07
1.35069e+07
1.35068e+07
1.35066e+07
1.35063e+07
1.35062e+07
1.35056e+07
1.35057e+07
1.35053e+07
1.35052e+07
1.35048e+07
1.35046e+07
1.35043e+07
1.3504e+07
1.35037e+07
1.35034e+07
1.35031e+07
1.35027e+07
1.35024e+07
1.35021e+07
1.35018e+07
1.35014e+07
1.3501e+07
1.35006e+07
1.35002e+07
1.34998e+07
1.34993e+07
1.34989e+07
1.34984e+07
1.34979e+07
1.34973e+07
1.34968e+07
1.34962e+07
1.34955e+07
1.34948e+07
1.34941e+07
1.34934e+07
1.34925e+07
1.34917e+07
1.34908e+07
1.34898e+07
1.34887e+07
1.34876e+07
1.34863e+07
1.34851e+07
1.34836e+07
1.34821e+07
1.34804e+07
1.34787e+07
1.34767e+07
1.34746e+07
1.34723e+07
1.34698e+07
1.3467e+07
1.34641e+07
1.34607e+07
1.34571e+07
1.34531e+07
1.34487e+07
1.34437e+07
1.34384e+07
1.34322e+07
1.34256e+07
1.34179e+07
1.34095e+07
1.33999e+07
1.33892e+07
1.33769e+07
1.3363e+07
1.33471e+07
1.33288e+07
1.33085e+07
1.32845e+07
1.32548e+07
1.3219e+07
1.31749e+07
1.31223e+07
1.3058e+07
1.29824e+07
1.2887e+07
1.28527e+07
1.26675e+07
1.24005e+07
1.21024e+07
1.17836e+07
1.1418e+07
1.07849e+07
9.98664e+06
8.83916e+06
1.35077e+07
1.35077e+07
1.35075e+07
1.35075e+07
1.35071e+07
1.3507e+07
1.35068e+07
1.35065e+07
1.35064e+07
1.35058e+07
1.35059e+07
1.35054e+07
1.35053e+07
1.3505e+07
1.35047e+07
1.35044e+07
1.35041e+07
1.35038e+07
1.35035e+07
1.35032e+07
1.35029e+07
1.35026e+07
1.35023e+07
1.3502e+07
1.35016e+07
1.35012e+07
1.35008e+07
1.35005e+07
1.35e+07
1.34996e+07
1.34991e+07
1.34987e+07
1.34982e+07
1.34976e+07
1.34971e+07
1.34965e+07
1.34959e+07
1.34952e+07
1.34945e+07
1.34938e+07
1.3493e+07
1.34921e+07
1.34912e+07
1.34903e+07
1.34892e+07
1.34882e+07
1.34869e+07
1.34857e+07
1.34843e+07
1.34828e+07
1.34812e+07
1.34795e+07
1.34775e+07
1.34755e+07
1.34732e+07
1.34708e+07
1.34681e+07
1.34652e+07
1.34619e+07
1.34584e+07
1.34544e+07
1.34502e+07
1.34453e+07
1.34401e+07
1.34341e+07
1.34276e+07
1.34201e+07
1.34119e+07
1.34025e+07
1.3392e+07
1.338e+07
1.33664e+07
1.33509e+07
1.3333e+07
1.33131e+07
1.32897e+07
1.32606e+07
1.32256e+07
1.31825e+07
1.31312e+07
1.30684e+07
1.29949e+07
1.29022e+07
1.28674e+07
1.26927e+07
1.24287e+07
1.21254e+07
1.17948e+07
1.14178e+07
1.07707e+07
9.96084e+06
8.70956e+06
1.3508e+07
1.3508e+07
1.35078e+07
1.35078e+07
1.35074e+07
1.35072e+07
1.3507e+07
1.35067e+07
1.35066e+07
1.3506e+07
1.35061e+07
1.35056e+07
1.35055e+07
1.35052e+07
1.35049e+07
1.35046e+07
1.35043e+07
1.3504e+07
1.35037e+07
1.35035e+07
1.35031e+07
1.35028e+07
1.35025e+07
1.35022e+07
1.35018e+07
1.35015e+07
1.35011e+07
1.35007e+07
1.35003e+07
1.34999e+07
1.34995e+07
1.3499e+07
1.34985e+07
1.3498e+07
1.34975e+07
1.34969e+07
1.34963e+07
1.34957e+07
1.3495e+07
1.34943e+07
1.34935e+07
1.34927e+07
1.34918e+07
1.34909e+07
1.34898e+07
1.34888e+07
1.34876e+07
1.34864e+07
1.3485e+07
1.34836e+07
1.3482e+07
1.34804e+07
1.34784e+07
1.34765e+07
1.34742e+07
1.34719e+07
1.34692e+07
1.34664e+07
1.34631e+07
1.34598e+07
1.34558e+07
1.34518e+07
1.34469e+07
1.34419e+07
1.34359e+07
1.34296e+07
1.34222e+07
1.34143e+07
1.3405e+07
1.33949e+07
1.3383e+07
1.33699e+07
1.33545e+07
1.33372e+07
1.33175e+07
1.32948e+07
1.32661e+07
1.32321e+07
1.31897e+07
1.31399e+07
1.3078e+07
1.30069e+07
1.29162e+07
1.28807e+07
1.27151e+07
1.2457e+07
1.21504e+07
1.18088e+07
1.1417e+07
1.0756e+07
9.93733e+06
8.57622e+06
1.35082e+07
1.35081e+07
1.3508e+07
1.3508e+07
1.35076e+07
1.35074e+07
1.35072e+07
1.35069e+07
1.35068e+07
1.35061e+07
1.35062e+07
1.35058e+07
1.35057e+07
1.35054e+07
1.35051e+07
1.35048e+07
1.35045e+07
1.35043e+07
1.3504e+07
1.35037e+07
1.35034e+07
1.35031e+07
1.35028e+07
1.35025e+07
1.35021e+07
1.35018e+07
1.35015e+07
1.35011e+07
1.35007e+07
1.35003e+07
1.34999e+07
1.34995e+07
1.3499e+07
1.34985e+07
1.3498e+07
1.34974e+07
1.34968e+07
1.34962e+07
1.34956e+07
1.34949e+07
1.34941e+07
1.34934e+07
1.34925e+07
1.34916e+07
1.34906e+07
1.34896e+07
1.34884e+07
1.34873e+07
1.34859e+07
1.34846e+07
1.34829e+07
1.34814e+07
1.34795e+07
1.34776e+07
1.34753e+07
1.34731e+07
1.34704e+07
1.34677e+07
1.34645e+07
1.34613e+07
1.34573e+07
1.34534e+07
1.34486e+07
1.34437e+07
1.34378e+07
1.34317e+07
1.34244e+07
1.34167e+07
1.34075e+07
1.33976e+07
1.33859e+07
1.33732e+07
1.3358e+07
1.33411e+07
1.33218e+07
1.32996e+07
1.32715e+07
1.32383e+07
1.31966e+07
1.31481e+07
1.30873e+07
1.30183e+07
1.29295e+07
1.28941e+07
1.27363e+07
1.2482e+07
1.2173e+07
1.18221e+07
1.14138e+07
1.07454e+07
9.91993e+06
8.4291e+06
1.35086e+07
1.35086e+07
1.35083e+07
1.35085e+07
1.3508e+07
1.35078e+07
1.35076e+07
1.35072e+07
1.35071e+07
1.35064e+07
1.35065e+07
1.35061e+07
1.3506e+07
1.35057e+07
1.35055e+07
1.35052e+07
1.35049e+07
1.35047e+07
1.35044e+07
1.35041e+07
1.35038e+07
1.35036e+07
1.35033e+07
1.3503e+07
1.35026e+07
1.35023e+07
1.3502e+07
1.35017e+07
1.35013e+07
1.35009e+07
1.35005e+07
1.35001e+07
1.34996e+07
1.34992e+07
1.34987e+07
1.34982e+07
1.34976e+07
1.3497e+07
1.34964e+07
1.34957e+07
1.3495e+07
1.34942e+07
1.34934e+07
1.34926e+07
1.34915e+07
1.34906e+07
1.34894e+07
1.34883e+07
1.3487e+07
1.34857e+07
1.34841e+07
1.34826e+07
1.34807e+07
1.34789e+07
1.34766e+07
1.34745e+07
1.34718e+07
1.34693e+07
1.3466e+07
1.34629e+07
1.3459e+07
1.34552e+07
1.34504e+07
1.34457e+07
1.34398e+07
1.34339e+07
1.34267e+07
1.34192e+07
1.34101e+07
1.34005e+07
1.3389e+07
1.33765e+07
1.33616e+07
1.33451e+07
1.33261e+07
1.33044e+07
1.32767e+07
1.32443e+07
1.32034e+07
1.3156e+07
1.30963e+07
1.30293e+07
1.29423e+07
1.2907e+07
1.27577e+07
1.25083e+07
1.21949e+07
1.18319e+07
1.14064e+07
1.07372e+07
9.91005e+06
8.2764e+06
1.35089e+07
1.35089e+07
1.35086e+07
1.35089e+07
1.35084e+07
1.35082e+07
1.3508e+07
1.35075e+07
1.35075e+07
1.35068e+07
1.3507e+07
1.35066e+07
1.35065e+07
1.35062e+07
1.3506e+07
1.35058e+07
1.35055e+07
1.35053e+07
1.3505e+07
1.35048e+07
1.35045e+07
1.35043e+07
1.3504e+07
1.35038e+07
1.35035e+07
1.35032e+07
1.35028e+07
1.35026e+07
1.35022e+07
1.35019e+07
1.35014e+07
1.35011e+07
1.35006e+07
1.35002e+07
1.34997e+07
1.34992e+07
1.34986e+07
1.34981e+07
1.34975e+07
1.34969e+07
1.34961e+07
1.34954e+07
1.34945e+07
1.34938e+07
1.34928e+07
1.34919e+07
1.34907e+07
1.34896e+07
1.34882e+07
1.3487e+07
1.34854e+07
1.3484e+07
1.3482e+07
1.34803e+07
1.34781e+07
1.3476e+07
1.34733e+07
1.34709e+07
1.34676e+07
1.34646e+07
1.34607e+07
1.3457e+07
1.34523e+07
1.34477e+07
1.34419e+07
1.34361e+07
1.34289e+07
1.34216e+07
1.34127e+07
1.34032e+07
1.33919e+07
1.33796e+07
1.3365e+07
1.33488e+07
1.33301e+07
1.33088e+07
1.32816e+07
1.32498e+07
1.32096e+07
1.31633e+07
1.31047e+07
1.30396e+07
1.29543e+07
1.2919e+07
1.27789e+07
1.25351e+07
1.22181e+07
1.18443e+07
1.13994e+07
1.07247e+07
9.89186e+06
8.11005e+06
1.35099e+07
1.35109e+07
1.35099e+07
1.35104e+07
1.351e+07
1.35097e+07
1.35094e+07
1.35088e+07
1.35085e+07
1.35079e+07
1.3508e+07
1.35077e+07
1.35076e+07
1.35074e+07
1.35071e+07
1.35069e+07
1.35067e+07
1.35065e+07
1.35062e+07
1.3506e+07
1.35057e+07
1.35056e+07
1.35052e+07
1.3505e+07
1.35047e+07
1.35045e+07
1.35041e+07
1.35039e+07
1.35035e+07
1.35032e+07
1.35027e+07
1.35024e+07
1.35019e+07
1.35016e+07
1.3501e+07
1.35007e+07
1.35e+07
1.34996e+07
1.34988e+07
1.34983e+07
1.34975e+07
1.34969e+07
1.3496e+07
1.34953e+07
1.34942e+07
1.34934e+07
1.34922e+07
1.34913e+07
1.34898e+07
1.34887e+07
1.3487e+07
1.34857e+07
1.34837e+07
1.34822e+07
1.34798e+07
1.34779e+07
1.34751e+07
1.34729e+07
1.34695e+07
1.34667e+07
1.34627e+07
1.34593e+07
1.34545e+07
1.34501e+07
1.34443e+07
1.34388e+07
1.34316e+07
1.34246e+07
1.34156e+07
1.34066e+07
1.33952e+07
1.33834e+07
1.33689e+07
1.33532e+07
1.33346e+07
1.33139e+07
1.3287e+07
1.3256e+07
1.32163e+07
1.31712e+07
1.31135e+07
1.30504e+07
1.29665e+07
1.2931e+07
1.28002e+07
1.25628e+07
1.2243e+07
1.18575e+07
1.13926e+07
1.07078e+07
9.85566e+06
7.94388e+06
1.35123e+07
1.35124e+07
1.35114e+07
1.35122e+07
1.35119e+07
1.35113e+07
1.3511e+07
1.35104e+07
1.35104e+07
1.35098e+07
1.35101e+07
1.35097e+07
1.35097e+07
1.35094e+07
1.35093e+07
1.35091e+07
1.35088e+07
1.35086e+07
1.35084e+07
1.35082e+07
1.3508e+07
1.35077e+07
1.35075e+07
1.35072e+07
1.35069e+07
1.35067e+07
1.35064e+07
1.35061e+07
1.35057e+07
1.35054e+07
1.3505e+07
1.35046e+07
1.35041e+07
1.35037e+07
1.35032e+07
1.35028e+07
1.35022e+07
1.35016e+07
1.3501e+07
1.35004e+07
1.34996e+07
1.34989e+07
1.34981e+07
1.34973e+07
1.34963e+07
1.34954e+07
1.34942e+07
1.34932e+07
1.34918e+07
1.34906e+07
1.3489e+07
1.34875e+07
1.34857e+07
1.3484e+07
1.34818e+07
1.34797e+07
1.34771e+07
1.34746e+07
1.34715e+07
1.34685e+07
1.34647e+07
1.3461e+07
1.34565e+07
1.34518e+07
1.34464e+07
1.34405e+07
1.34337e+07
1.34263e+07
1.34179e+07
1.34084e+07
1.33977e+07
1.33854e+07
1.33716e+07
1.33553e+07
1.33375e+07
1.33163e+07
1.32905e+07
1.32593e+07
1.32207e+07
1.31757e+07
1.31192e+07
1.30571e+07
1.29748e+07
1.29393e+07
1.28171e+07
1.25856e+07
1.22649e+07
1.18686e+07
1.1386e+07
1.06946e+07
9.82687e+06
7.80281e+06
1.35195e+07
1.35305e+07
1.35201e+07
1.35203e+07
1.35214e+07
1.35204e+07
1.35188e+07
1.35164e+07
1.3515e+07
1.35142e+07
1.35146e+07
1.35143e+07
1.35141e+07
1.35138e+07
1.35135e+07
1.35132e+07
1.35129e+07
1.35126e+07
1.35123e+07
1.3512e+07
1.35117e+07
1.35114e+07
1.35111e+07
1.35108e+07
1.35104e+07
1.35101e+07
1.35096e+07
1.35093e+07
1.35089e+07
1.35085e+07
1.3508e+07
1.35076e+07
1.35071e+07
1.35067e+07
1.35061e+07
1.35056e+07
1.35049e+07
1.35044e+07
1.35037e+07
1.35031e+07
1.35022e+07
1.35016e+07
1.35006e+07
1.34998e+07
1.34988e+07
1.34979e+07
1.34967e+07
1.34956e+07
1.34942e+07
1.3493e+07
1.34914e+07
1.349e+07
1.3488e+07
1.34864e+07
1.34841e+07
1.34822e+07
1.34795e+07
1.34771e+07
1.3474e+07
1.34711e+07
1.34673e+07
1.34637e+07
1.34592e+07
1.34547e+07
1.34492e+07
1.34436e+07
1.34368e+07
1.34297e+07
1.34212e+07
1.34121e+07
1.34013e+07
1.33895e+07
1.33757e+07
1.33601e+07
1.33422e+07
1.33218e+07
1.32959e+07
1.32657e+07
1.32274e+07
1.31841e+07
1.31286e+07
1.30692e+07
1.29897e+07
1.29535e+07
1.28506e+07
1.26435e+07
1.23325e+07
1.19196e+07
1.14006e+07
1.0705e+07
9.86244e+06
7.46661e+06
9.83909e+06
9.24343e+06
8.57342e+06
7.90948e+06
7.28282e+06
6.66545e+06
6.08235e+06
5.5457e+06
5.0366e+06
4.55065e+06
4.10622e+06
3.7185e+06
3.37159e+06
3.05438e+06
2.77897e+06
2.54768e+06
2.34888e+06
2.17405e+06
2.02564e+06
1.90164e+06
1.8005e+06
1.71273e+06
1.63873e+06
1.57384e+06
1.51453e+06
1.45666e+06
1.40299e+06
1.35098e+06
1.29869e+06
1.24251e+06
1.18711e+06
1.13327e+06
1.07705e+06
1.02048e+06
966139
912529
859524
808520
760525
728630
9.73285e+06
9.16548e+06
8.53733e+06
7.91605e+06
7.33446e+06
6.76577e+06
6.22994e+06
5.73337e+06
5.26054e+06
4.81168e+06
4.39161e+06
4.01297e+06
3.68137e+06
3.38211e+06
3.10494e+06
2.85817e+06
2.6484e+06
2.46884e+06
2.31287e+06
2.16749e+06
2.04066e+06
1.93396e+06
1.84165e+06
1.76148e+06
1.68823e+06
1.61429e+06
1.54908e+06
1.48837e+06
1.43085e+06
1.37239e+06
1.31345e+06
1.25832e+06
1.20291e+06
1.14696e+06
1.09235e+06
1.03903e+06
986990
935682
886988
838961
9.69603e+06
9.12308e+06
8.49109e+06
7.86721e+06
7.28808e+06
6.72807e+06
6.19335e+06
5.69318e+06
5.22926e+06
4.79473e+06
4.37817e+06
4.00059e+06
3.6758e+06
3.38727e+06
3.1188e+06
2.87443e+06
2.66573e+06
2.48808e+06
2.33403e+06
2.18936e+06
2.0606e+06
1.95277e+06
1.85996e+06
1.77822e+06
1.69542e+06
1.62195e+06
1.55667e+06
1.49614e+06
1.43363e+06
1.37181e+06
1.31507e+06
1.26023e+06
1.20225e+06
1.14751e+06
1.09433e+06
1.04057e+06
988960
938828
891541
848959
9.63762e+06
9.05348e+06
8.41766e+06
7.80443e+06
7.2292e+06
6.66513e+06
6.14558e+06
5.66405e+06
5.20119e+06
4.76684e+06
4.3637e+06
4.00442e+06
3.69083e+06
3.40353e+06
3.13749e+06
2.90618e+06
2.71071e+06
2.54014e+06
2.3806e+06
2.2362e+06
2.11254e+06
2.00631e+06
1.91436e+06
1.82766e+06
1.741e+06
1.6642e+06
1.5945e+06
1.53048e+06
1.46622e+06
1.40046e+06
1.34065e+06
1.28346e+06
1.22534e+06
1.16855e+06
1.11402e+06
1.06014e+06
1.00788e+06
957168
909981
866737
9.5776e+06
8.98134e+06
8.33199e+06
7.71233e+06
7.15088e+06
6.59204e+06
6.0586e+06
5.58499e+06
5.14318e+06
4.71522e+06
4.31193e+06
3.96306e+06
3.66437e+06
3.39126e+06
3.1349e+06
2.90988e+06
2.71989e+06
2.55619e+06
2.40599e+06
2.26327e+06
2.13971e+06
2.03293e+06
1.9393e+06
1.85077e+06
1.76121e+06
1.68136e+06
1.60883e+06
1.54165e+06
1.47244e+06
1.40503e+06
1.34391e+06
1.28426e+06
1.2244e+06
1.16736e+06
1.11208e+06
1.0576e+06
1.00546e+06
954981
908539
866360
9.50638e+06
8.88746e+06
8.23667e+06
7.61968e+06
7.0453e+06
6.48938e+06
5.97717e+06
5.50258e+06
5.05892e+06
4.64578e+06
4.25965e+06
3.92274e+06
3.63471e+06
3.37002e+06
3.12527e+06
2.91355e+06
2.73415e+06
2.57665e+06
2.42601e+06
2.2883e+06
2.16802e+06
2.06225e+06
1.96829e+06
1.87466e+06
1.78285e+06
1.70066e+06
1.62539e+06
1.55523e+06
1.48141e+06
1.41239e+06
1.34926e+06
1.28828e+06
1.22599e+06
1.16889e+06
1.1133e+06
1.05744e+06
1.00553e+06
955524
909175
867156
9.43236e+06
8.79107e+06
8.116e+06
7.50865e+06
6.94975e+06
6.37938e+06
5.85932e+06
5.41074e+06
4.98198e+06
4.56775e+06
4.1918e+06
3.8731e+06
3.5995e+06
3.34886e+06
3.1154e+06
2.91333e+06
2.7409e+06
2.59001e+06
2.44764e+06
2.31134e+06
2.19157e+06
2.085e+06
1.98857e+06
1.89335e+06
1.7984e+06
1.71336e+06
1.63518e+06
1.56168e+06
1.48467e+06
1.41404e+06
1.34935e+06
1.28599e+06
1.22318e+06
1.1646e+06
1.10888e+06
1.05286e+06
1.0004e+06
950526
904947
863566
9.34326e+06
8.68649e+06
8.00332e+06
7.37801e+06
6.82285e+06
6.27214e+06
5.75406e+06
5.29836e+06
4.88267e+06
4.49533e+06
4.13028e+06
3.82159e+06
3.56264e+06
3.32822e+06
3.1081e+06
2.91528e+06
2.75e+06
2.60342e+06
2.46734e+06
2.33262e+06
2.21293e+06
2.10517e+06
2.00576e+06
1.9089e+06
1.81081e+06
1.72305e+06
1.64254e+06
1.56575e+06
1.48597e+06
1.41518e+06
1.34824e+06
1.28256e+06
1.21981e+06
1.16024e+06
1.10403e+06
1.04783e+06
995367
945719
900560
859610
9.25029e+06
8.56099e+06
7.87996e+06
7.2599e+06
6.68714e+06
6.14225e+06
5.6446e+06
5.19269e+06
4.78691e+06
4.4162e+06
4.06859e+06
3.77367e+06
3.52872e+06
3.30989e+06
3.10259e+06
2.91888e+06
2.76038e+06
2.61825e+06
2.48489e+06
2.3505e+06
2.23017e+06
2.12173e+06
2.02101e+06
1.91859e+06
1.81873e+06
1.7302e+06
1.64849e+06
1.56527e+06
1.4851e+06
1.41375e+06
1.34552e+06
1.27729e+06
1.21516e+06
1.15523e+06
1.09756e+06
1.04157e+06
989688
939645
894897
854693
9.15637e+06
8.43798e+06
7.73045e+06
7.13236e+06
6.56582e+06
6.0057e+06
5.52029e+06
5.09213e+06
4.69577e+06
4.33542e+06
4.00779e+06
3.73353e+06
3.50579e+06
3.29545e+06
3.09777e+06
2.92416e+06
2.77338e+06
2.63601e+06
2.4968e+06
2.36441e+06
2.24548e+06
2.13728e+06
2.03214e+06
1.92391e+06
1.82416e+06
1.73416e+06
1.65049e+06
1.56431e+06
1.48349e+06
1.4106e+06
1.34171e+06
1.27226e+06
1.20945e+06
1.14956e+06
1.09159e+06
1.03501e+06
983426
933636
889168
849521
9.04683e+06
8.31645e+06
7.59084e+06
6.97784e+06
6.43937e+06
5.88192e+06
5.39189e+06
4.98846e+06
4.61124e+06
4.26138e+06
3.95267e+06
3.70017e+06
3.48538e+06
3.28389e+06
3.09731e+06
2.93279e+06
2.78622e+06
2.649e+06
2.5095e+06
2.37737e+06
2.25659e+06
2.14611e+06
2.03834e+06
1.92907e+06
1.8272e+06
1.73486e+06
1.64993e+06
1.56345e+06
1.48029e+06
1.40535e+06
1.33645e+06
1.26828e+06
1.20314e+06
1.14306e+06
1.08568e+06
1.02875e+06
976763
927456
883505
844237
8.92867e+06
8.17658e+06
7.45412e+06
6.83666e+06
6.29367e+06
5.75583e+06
5.27468e+06
4.884e+06
4.52838e+06
4.19698e+06
3.90681e+06
3.67128e+06
3.46995e+06
3.27979e+06
3.10131e+06
2.9411e+06
2.79632e+06
2.65963e+06
2.52071e+06
2.3872e+06
2.26375e+06
2.15028e+06
2.04346e+06
1.93255e+06
1.82808e+06
1.73297e+06
1.64564e+06
1.5623e+06
1.47702e+06
1.40077e+06
1.33065e+06
1.26226e+06
1.19756e+06
1.1366e+06
1.07902e+06
1.02247e+06
970588
921221
877737
839032
8.81218e+06
8.03223e+06
7.30052e+06
6.69703e+06
6.15958e+06
5.62375e+06
5.16166e+06
4.79057e+06
4.45009e+06
4.13832e+06
3.86906e+06
3.6484e+06
3.45817e+06
3.2797e+06
3.10759e+06
2.94926e+06
2.80355e+06
2.66669e+06
2.53077e+06
2.39477e+06
2.26862e+06
2.15193e+06
2.04265e+06
1.93456e+06
1.8276e+06
1.73112e+06
1.64213e+06
1.55821e+06
1.47233e+06
1.39578e+06
1.3254e+06
1.25619e+06
1.19148e+06
1.13033e+06
1.07282e+06
1.01625e+06
964490
915312
872269
834090
8.68586e+06
7.89472e+06
7.14707e+06
6.54596e+06
6.02705e+06
5.50273e+06
5.05292e+06
4.69839e+06
4.37955e+06
4.09254e+06
3.84e+06
3.63152e+06
3.44993e+06
3.28239e+06
3.11444e+06
2.95716e+06
2.8103e+06
2.67053e+06
2.53636e+06
2.39863e+06
2.27102e+06
2.15297e+06
2.04166e+06
1.93318e+06
1.82502e+06
1.72773e+06
1.63821e+06
1.5537e+06
1.46724e+06
1.39049e+06
1.31966e+06
1.25013e+06
1.18554e+06
1.12437e+06
1.06661e+06
1.01009e+06
958815
909651
866827
829439
8.55056e+06
7.74689e+06
7.00547e+06
6.3956e+06
5.88415e+06
5.38719e+06
4.95525e+06
4.61356e+06
4.31627e+06
4.05232e+06
3.81807e+06
3.62109e+06
3.44744e+06
3.28374e+06
3.11922e+06
2.96236e+06
2.81466e+06
2.67403e+06
2.53866e+06
2.39966e+06
2.2707e+06
2.15168e+06
2.04005e+06
1.9302e+06
1.82134e+06
1.72356e+06
1.63384e+06
1.54858e+06
1.46176e+06
1.38522e+06
1.31391e+06
1.24398e+06
1.17999e+06
1.11859e+06
1.06063e+06
1.00442e+06
953354
904236
861810
825320
8.41313e+06
7.59303e+06
6.85598e+06
6.25864e+06
5.75159e+06
5.26649e+06
4.8684e+06
4.5403e+06
4.26134e+06
4.01985e+06
3.80257e+06
3.61497e+06
3.44788e+06
3.28483e+06
3.12231e+06
2.96546e+06
2.81728e+06
2.67716e+06
2.53782e+06
2.3982e+06
2.26856e+06
2.14937e+06
2.03832e+06
1.92512e+06
1.81681e+06
1.719e+06
1.62929e+06
1.54302e+06
1.4563e+06
1.3797e+06
1.30844e+06
1.23803e+06
1.17429e+06
1.11322e+06
1.05491e+06
998838
948227
899130
856905
821759
8.27195e+06
7.4366e+06
6.70387e+06
6.12378e+06
5.6268e+06
5.1574e+06
4.78135e+06
4.47874e+06
4.21591e+06
3.99329e+06
3.79339e+06
3.61183e+06
3.44783e+06
3.28611e+06
3.1237e+06
2.96713e+06
2.81865e+06
2.67638e+06
2.5346e+06
2.39552e+06
2.26587e+06
2.14648e+06
2.0343e+06
1.91989e+06
1.8122e+06
1.71423e+06
1.62416e+06
1.53749e+06
1.45102e+06
1.37451e+06
1.30278e+06
1.23259e+06
1.16893e+06
1.10797e+06
1.04971e+06
993660
943392
894393
852396
819025
8.13433e+06
7.27743e+06
6.55156e+06
5.99123e+06
5.51044e+06
5.05749e+06
4.70264e+06
4.42479e+06
4.18139e+06
3.97245e+06
3.78632e+06
3.61337e+06
3.44531e+06
3.28561e+06
3.1259e+06
2.96713e+06
2.81576e+06
2.67312e+06
2.53222e+06
2.39266e+06
2.26155e+06
2.14104e+06
2.02844e+06
1.9158e+06
1.80738e+06
1.7091e+06
1.61832e+06
1.53164e+06
1.44554e+06
1.36954e+06
1.29682e+06
1.22702e+06
1.16366e+06
1.10276e+06
1.04457e+06
988680
938671
889768
848016
817395
7.9906e+06
7.12637e+06
6.4008e+06
5.8621e+06
5.4016e+06
4.96403e+06
4.63311e+06
4.37778e+06
4.15434e+06
3.95932e+06
3.78002e+06
3.61379e+06
3.44578e+06
3.28187e+06
3.12325e+06
2.96814e+06
2.8124e+06
2.66774e+06
2.52809e+06
2.38867e+06
2.25728e+06
2.13657e+06
2.02253e+06
1.91002e+06
1.80188e+06
1.70406e+06
1.61348e+06
1.52541e+06
1.44014e+06
1.36455e+06
1.29127e+06
1.22194e+06
1.15877e+06
1.09785e+06
1.03989e+06
984223
934422
885402
844045
817230
7.84042e+06
6.97462e+06
6.25871e+06
5.73847e+06
5.29921e+06
4.87931e+06
4.57046e+06
4.33837e+06
4.13358e+06
3.95003e+06
3.77716e+06
3.6117e+06
3.44349e+06
3.27971e+06
3.11929e+06
2.96468e+06
2.80851e+06
2.66207e+06
2.52197e+06
2.38371e+06
2.25163e+06
2.13103e+06
2.01705e+06
1.90349e+06
1.79589e+06
1.69854e+06
1.60854e+06
1.51816e+06
1.43494e+06
1.35938e+06
1.28524e+06
1.21676e+06
1.15358e+06
1.09296e+06
1.0351e+06
979550
929909
880988
839913
820298
7.6846e+06
6.81943e+06
6.12655e+06
5.62069e+06
5.20213e+06
4.804e+06
4.51765e+06
4.30607e+06
4.11874e+06
3.94322e+06
3.77418e+06
3.60904e+06
3.43985e+06
3.27554e+06
3.1149e+06
2.95973e+06
2.80308e+06
2.65672e+06
2.51644e+06
2.37739e+06
2.24589e+06
2.12587e+06
2.01148e+06
1.89651e+06
1.79007e+06
1.69399e+06
1.60276e+06
1.5121e+06
1.43037e+06
1.35417e+06
1.28018e+06
1.21209e+06
1.14931e+06
1.08835e+06
1.03099e+06
975769
926167
876884
836565
825678
7.53277e+06
6.6602e+06
5.99938e+06
5.51896e+06
5.10879e+06
4.72872e+06
4.47134e+06
4.2827e+06
4.10836e+06
3.93833e+06
3.77059e+06
3.60416e+06
3.4339e+06
3.2692e+06
3.10857e+06
2.95338e+06
2.79494e+06
2.64947e+06
2.51e+06
2.36852e+06
2.23854e+06
2.12012e+06
2.00331e+06
1.88816e+06
1.78454e+06
1.68741e+06
1.59498e+06
1.5057e+06
1.42448e+06
1.34719e+06
1.27483e+06
1.20607e+06
1.14364e+06
1.08276e+06
1.02647e+06
969891
921769
871189
832988
832265
7.37802e+06
6.49435e+06
5.87189e+06
5.42293e+06
5.02811e+06
4.67191e+06
4.43197e+06
4.2622e+06
4.09926e+06
3.9328e+06
3.76561e+06
3.59838e+06
3.42713e+06
3.26264e+06
3.10295e+06
2.94214e+06
2.78928e+06
2.64318e+06
2.49919e+06
2.36225e+06
2.23478e+06
2.11227e+06
1.99501e+06
1.88338e+06
1.77967e+06
1.68145e+06
1.58858e+06
1.50057e+06
1.42023e+06
1.34267e+06
1.26957e+06
1.20202e+06
1.14007e+06
1.07857e+06
1.02263e+06
966760
918437
867439
829050
844051
7.23287e+06
6.35821e+06
5.76653e+06
5.3321e+06
4.94038e+06
4.5919e+06
4.39585e+06
4.24885e+06
4.09214e+06
3.92656e+06
3.75856e+06
3.58914e+06
3.41766e+06
3.25299e+06
3.09162e+06
2.93242e+06
2.77799e+06
2.63104e+06
2.48979e+06
2.35178e+06
2.22271e+06
2.10176e+06
1.9862e+06
1.87325e+06
1.76871e+06
1.67141e+06
1.58053e+06
1.49196e+06
1.41062e+06
1.33341e+06
1.26199e+06
1.19415e+06
1.13189e+06
1.07123e+06
1.01544e+06
959367
911459
858792
826516
861556
7.05871e+06
6.16027e+06
5.63426e+06
5.23265e+06
4.84617e+06
4.54118e+06
4.37077e+06
4.23257e+06
4.07952e+06
3.91489e+06
3.74596e+06
3.57585e+06
3.40446e+06
3.24009e+06
3.0792e+06
2.91967e+06
2.76653e+06
2.6196e+06
2.47802e+06
2.34079e+06
2.21287e+06
2.09135e+06
1.97575e+06
1.86342e+06
1.76012e+06
1.66254e+06
1.57163e+06
1.48346e+06
1.40311e+06
1.32578e+06
1.25486e+06
1.18708e+06
1.12524e+06
1.06457e+06
1.00931e+06
953594
905683
851542
825683
884990
6.89776e+06
6.0212e+06
5.55001e+06
5.15661e+06
4.77124e+06
4.49175e+06
4.34316e+06
4.21283e+06
4.06222e+06
3.89786e+06
3.72845e+06
3.55769e+06
3.38654e+06
3.22298e+06
3.06279e+06
2.904e+06
2.75179e+06
2.60496e+06
2.46364e+06
2.32731e+06
2.2001e+06
2.07852e+06
1.96346e+06
1.85174e+06
1.74876e+06
1.65125e+06
1.56099e+06
1.47324e+06
1.39294e+06
1.31571e+06
1.24524e+06
1.17775e+06
1.11604e+06
1.05551e+06
1.00022e+06
944697
896699
841760
825798
913034
6.76346e+06
5.89284e+06
5.47261e+06
5.08484e+06
4.69515e+06
4.44909e+06
4.32622e+06
4.20174e+06
4.052e+06
3.88715e+06
3.71656e+06
3.5451e+06
3.37424e+06
3.21131e+06
3.05132e+06
2.89188e+06
2.73868e+06
2.59125e+06
2.44966e+06
2.31276e+06
2.18455e+06
2.06285e+06
1.94735e+06
1.83453e+06
1.73074e+06
1.6335e+06
1.54267e+06
1.45384e+06
1.37306e+06
1.29566e+06
1.22471e+06
1.15646e+06
1.09412e+06
1.03318e+06
977495
921704
872738
815182
815743
940623
6.4726e+06
5.63956e+06
5.36647e+06
4.95681e+06
4.56589e+06
4.39107e+06
4.31468e+06
4.19006e+06
4.02838e+06
3.85198e+06
3.67052e+06
3.48565e+06
3.30392e+06
3.13305e+06
2.96533e+06
2.79892e+06
2.64043e+06
2.48836e+06
2.34304e+06
2.20296e+06
2.07263e+06
1.94875e+06
1.83146e+06
1.71675e+06
1.61268e+06
1.51448e+06
1.423e+06
1.33322e+06
1.25272e+06
1.17487e+06
1.10415e+06
1.0355e+06
973650
912662
857809
801835
753548
695703
717759
938479
)
;

boundaryField
{
    inlet
    {
        type            calculated;
        value           uniform 13500000;
    }
    outlet
    {
        type            calculated;
        value           uniform 13500000;
    }
    fluid_to_graphite
    {
        type            calculated;
        value           uniform 13500000;
    }
    wedgeBack
    {
        type            wedge;
    }
    wedgeFront
    {
        type            wedge;
    }
    defaultFaces
    {
        type            empty;
    }
}


                                                                               
