                                                                               
                             
                                                                   
                                                            
                                          
                             
                                                                               
FoamFile
{
    format          ascii;
    class           volScalarField;
    location        1 / fluid;
    object          T;
}
                                                                               

dimensions      [ 0 0 0 1 0 0 0 ];

internalField   nonuniform List<scalar> 
4592
(
3199.89
3199.89
3199.89
3199.89
3199.89
3199.89
3199.89
3199.9
3199.9
3199.9
3199.9
3199.91
3199.9
3199.9
3199.9
3199.9
3199.91
3199.91
3199.91
3199.92
3199.92
3199.92
3199.91
3199.91
3199.9
3199.9
3199.89
3199.89
3199.89
3199.89
3199.89
3199.89
3199.89
3199.88
3199.89
3199.89
3199.89
3199.89
3199.89
3199.89
3199.89
3199.9
3199.9
3199.9
3199.9
3199.9
3199.89
3199.89
3199.89
3199.9
3199.9
3199.9
3199.9
3199.9
3199.9
3199.9
3199.89
3199.88
3199.88
3199.87
3199.87
3199.87
3199.87
3199.87
3199.89
3199.89
3199.89
3199.89
3199.89
3199.89
3199.89
3199.89
3199.9
3199.9
3199.9
3199.9
3199.9
3199.9
3199.9
3199.9
3199.9
3199.9
3199.91
3199.91
3199.91
3199.91
3199.91
3199.9
3199.9
3199.89
3199.88
3199.88
3199.88
3199.88
3199.88
3199.88
3199.89
3199.89
3199.89
3199.89
3199.89
3199.89
3199.89
3199.89
3199.9
3199.9
3199.9
3199.9
3199.9
3199.9
3199.9
3199.9
3199.9
3199.91
3199.91
3199.91
3199.91
3199.91
3199.91
3199.9
3199.9
3199.89
3199.89
3199.89
3199.88
3199.88
3199.88
3199.88
3199.89
3199.89
3199.89
3199.89
3199.89
3199.89
3199.9
3199.9
3199.9
3199.9
3199.91
3199.91
3199.91
3199.9
3199.9
3199.91
3199.91
3199.91
3199.92
3199.92
3199.92
3199.92
3199.92
3199.91
3199.91
3199.9
3199.9
3199.9
3199.9
3199.9
3199.9
3199.9
3199.89
3199.89
3199.89
3199.89
3199.89
3199.9
3199.9
3199.9
3199.9
3199.91
3199.91
3199.91
3199.91
3199.91
3199.91
3199.91
3199.91
3199.92
3199.92
3199.93
3199.93
3199.93
3199.92
3199.92
3199.91
3199.91
3199.91
3199.91
3199.91
3199.91
3199.91
3199.92
3199.89
3199.89
3199.89
3199.89
3199.9
3199.9
3199.9
3199.9
3199.9
3199.91
3199.91
3199.91
3199.91
3199.91
3199.91
3199.92
3199.92
3199.93
3199.93
3199.93
3199.93
3199.93
3199.93
3199.93
3199.92
3199.92
3199.92
3199.92
3199.92
3199.93
3199.93
3199.94
3199.89
3199.89
3199.89
3199.89
3199.9
3199.9
3199.9
3199.9
3199.91
3199.91
3199.91
3199.91
3199.91
3199.91
3199.92
3199.92
3199.93
3199.93
3199.94
3199.94
3199.94
3199.94
3199.94
3199.93
3199.93
3199.93
3199.93
3199.93
3199.94
3199.94
3199.95
3199.95
3199.89
3199.89
3199.89
3199.89
3199.9
3199.9
3199.9
3199.9
3199.91
3199.91
3199.92
3199.92
3199.92
3199.92
3199.92
3199.93
3199.93
3199.94
3199.94
3199.95
3199.95
3199.95
3199.94
3199.94
3199.94
3199.94
3199.94
3199.95
3199.95
3199.96
3199.97
3199.97
3199.89
3199.89
3199.89
3199.89
3199.9
3199.9
3199.9
3199.9
3199.91
3199.91
3199.92
3199.92
3199.92
3199.92
3199.92
3199.93
3199.94
3199.94
3199.95
3199.95
3199.95
3199.95
3199.95
3199.95
3199.95
3199.95
3199.95
3199.96
3199.97
3199.98
3199.98
3199.99
3199.89
3199.89
3199.89
3199.89
3199.9
3199.9
3199.9
3199.9
3199.91
3199.91
3199.92
3199.92
3199.92
3199.92
3199.93
3199.93
3199.94
3199.95
3199.95
3199.96
3199.96
3199.96
3199.95
3199.95
3199.96
3199.96
3199.97
3199.97
3199.98
3199.99
3200
3200
3199.89
3199.89
3199.89
3199.89
3199.9
3199.9
3199.9
3199.9
3199.91
3199.91
3199.92
3199.92
3199.92
3199.92
3199.93
3199.93
3199.94
3199.95
3199.96
3199.96
3199.96
3199.96
3199.96
3199.96
3199.96
3199.97
3199.97
3199.98
3199.99
3200
3200.01
3200.01
3199.89
3199.88
3199.89
3199.89
3199.89
3199.9
3199.9
3199.9
3199.91
3199.91
3199.92
3199.92
3199.92
3199.92
3199.93
3199.93
3199.94
3199.95
3199.96
3199.96
3199.97
3199.96
3199.96
3199.97
3199.97
3199.97
3199.98
3199.99
3200
3200.01
3200.02
3200.02
3199.89
3199.88
3199.89
3199.89
3199.89
3199.89
3199.9
3199.9
3199.91
3199.91
3199.92
3199.92
3199.92
3199.92
3199.93
3199.93
3199.94
3199.95
3199.96
3199.97
3199.97
3199.97
3199.97
3199.97
3199.97
3199.98
3199.99
3200
3200.01
3200.02
3200.03
3200.03
3199.89
3199.88
3199.89
3199.89
3199.89
3199.89
3199.9
3199.9
3199.9
3199.91
3199.91
3199.92
3199.92
3199.92
3199.93
3199.93
3199.94
3199.95
3199.96
3199.97
3199.97
3199.97
3199.97
3199.97
3199.98
3199.98
3199.99
3200
3200.01
3200.03
3200.04
3200.04
3199.89
3199.88
3199.88
3199.88
3199.89
3199.89
3199.89
3199.9
3199.9
3199.91
3199.91
3199.92
3199.92
3199.92
3199.92
3199.93
3199.94
3199.95
3199.96
3199.97
3199.97
3199.97
3199.97
3199.97
3199.98
3199.98
3199.99
3200.01
3200.02
3200.03
3200.04
3200.05
3199.89
3199.87
3199.88
3199.88
3199.88
3199.89
3199.89
3199.89
3199.9
3199.9
3199.91
3199.91
3199.92
3199.92
3199.92
3199.93
3199.94
3199.95
3199.96
3199.96
3199.97
3199.97
3199.97
3199.97
3199.98
3199.98
3199.99
3200.01
3200.02
3200.03
3200.05
3200.05
3199.88
3199.87
3199.88
3199.88
3199.88
3199.88
3199.89
3199.89
3199.89
3199.9
3199.9
3199.91
3199.91
3199.92
3199.92
3199.92
3199.93
3199.94
3199.95
3199.96
3199.97
3199.97
3199.97
3199.97
3199.98
3199.98
3199.99
3200.01
3200.02
3200.03
3200.05
3200.06
3199.88
3199.87
3199.87
3199.87
3199.88
3199.88
3199.88
3199.88
3199.89
3199.89
3199.9
3199.91
3199.91
3199.91
3199.91
3199.92
3199.93
3199.94
3199.95
3199.96
3199.96
3199.97
3199.97
3199.97
3199.98
3199.98
3199.99
3200
3200.02
3200.03
3200.05
3200.06
3199.88
3199.86
3199.87
3199.87
3199.87
3199.87
3199.88
3199.88
3199.88
3199.89
3199.89
3199.9
3199.9
3199.91
3199.91
3199.91
3199.92
3199.93
3199.94
3199.95
3199.96
3199.97
3199.97
3199.97
3199.98
3199.98
3199.99
3200
3200.01
3200.03
3200.05
3200.06
3199.87
3199.86
3199.86
3199.86
3199.87
3199.87
3199.87
3199.87
3199.88
3199.88
3199.89
3199.89
3199.9
3199.9
3199.91
3199.91
3199.91
3199.92
3199.93
3199.94
3199.95
3199.96
3199.97
3199.97
3199.97
3199.98
3199.98
3199.99
3200
3200.02
3200.04
3200.06
3199.87
3199.85
3199.86
3199.86
3199.86
3199.86
3199.87
3199.87
3199.87
3199.87
3199.88
3199.89
3199.89
3199.9
3199.9
3199.9
3199.91
3199.91
3199.92
3199.93
3199.94
3199.95
3199.96
3199.97
3199.97
3199.97
3199.98
3199.98
3199.99
3200.01
3200.02
3200.04
3199.87
3199.84
3199.85
3199.85
3199.85
3199.85
3199.86
3199.86
3199.86
3199.87
3199.87
3199.87
3199.88
3199.89
3199.89
3199.89
3199.9
3199.9
3199.91
3199.91
3199.92
3199.94
3199.95
3199.95
3199.96
3199.96
3199.97
3199.97
3199.98
3199.98
3200
3200
3199.86
3199.83
3199.84
3199.84
3199.84
3199.84
3199.84
3199.85
3199.85
3199.85
3199.85
3199.86
3199.86
3199.87
3199.87
3199.88
3199.88
3199.88
3199.88
3199.89
3199.89
3199.9
3199.91
3199.92
3199.92
3199.93
3199.93
3199.93
3199.93
3199.93
3199.93
3199.88
3199.84
3199.8
3199.81
3199.81
3199.81
3199.81
3199.81
3199.81
3199.8
3199.8
3199.8
3199.8
3199.8
3199.8
3199.79
3199.79
3199.79
3199.78
3199.78
3199.77
3199.76
3199.75
3199.74
3199.73
3199.72
3199.72
3199.7
3199.7
3199.68
3199.65
3199.55
3199.06
3199.73
3199.67
3199.66
3199.65
3199.62
3199.59
3199.55
3199.51
3199.45
3199.41
3199.32
3199.27
3199.17
3199.11
3198.99
3198.93
3198.79
3198.72
3198.58
3198.5
3198.34
3198.26
3198.08
3198
3197.82
3197.74
3197.56
3197.43
3197.17
3196.65
3195.48
3191.43
3198.98
3198.67
3198.01
3197.54
3196.69
3196.14
3195
3194.29
3192.86
3192.1
3190.61
3189.81
3188.24
3187.39
3185.7
3184.8
3183.04
3182.16
3180.42
3179.55
3177.84
3176.97
3175.13
3174.24
3172.25
3171.12
3168.71
3166.6
3163.06
3157.59
3149.78
3128.69
3187.12
3164.33
3143.39
3122.25
3102.6
3082.87
3064.81
3047.08
3031.22
3015.79
3002.18
2988.63
2976.7
2964.24
2953.34
2941.34
2931.05
2919.31
2909.55
2898.14
2889.12
2878.17
2870.04
2859.7
2852.51
2842.87
2836.52
2827.18
2821.1
2810.84
2803.21
2781.65
3199.89
3199.89
3199.9
3199.9
3199.9
3199.9
3199.89
3199.89
3199.88
3199.88
3199.87
3199.86
3199.85
3199.83
3199.82
3199.81
3199.79
3199.77
3199.76
3199.74
3199.73
3199.71
3199.7
3199.68
3199.66
3199.64
3199.63
3199.61
3199.6
3199.57
3199.55
3199.53
3199.5
3199.48
3199.44
3199.42
3199.38
3199.34
3199.3
3199.26
3199.21
3199.15
3199.1
3199.03
3198.98
3198.88
3198.82
3198.71
3198.64
3198.51
3198.41
3198.26
3198.13
3197.97
3197.82
3197.61
3197.44
3197.17
3196.91
3196.73
3196.36
3196.03
3195.66
3195.24
3194.78
3194.31
3193.69
3192.96
3192.27
3191.43
3190.48
3189.52
3188.24
3186.91
3185.29
3183.46
3181.34
3178.8
3175.94
3172.45
3168.48
3163.85
3158.46
3152.28
3144.45
3135.08
3124.31
3111.9
3097.38
3079.42
3057.86
3032.77
3199.87
3199.87
3199.87
3199.87
3199.87
3199.86
3199.86
3199.86
3199.85
3199.85
3199.84
3199.83
3199.82
3199.81
3199.79
3199.78
3199.76
3199.74
3199.73
3199.71
3199.69
3199.67
3199.65
3199.62
3199.61
3199.58
3199.56
3199.53
3199.51
3199.48
3199.46
3199.43
3199.4
3199.36
3199.34
3199.29
3199.26
3199.2
3199.17
3199.11
3199.07
3198.99
3198.94
3198.85
3198.8
3198.7
3198.63
3198.5
3198.43
3198.28
3198.17
3198.02
3197.89
3197.69
3197.54
3197.3
3197.13
3196.83
3196.59
3196.28
3195.97
3195.59
3195.19
3194.73
3194.24
3193.65
3193.07
3192.31
3191.54
3190.65
3189.63
3188.49
3187.2
3185.67
3183.95
3182
3179.72
3177.02
3174.01
3170.42
3166.3
3161.38
3155.82
3149.34
3141.19
3131.64
3120.72
3108.25
3093.51
3075.28
3053.65
3028.87
3199.88
3199.88
3199.88
3199.88
3199.88
3199.88
3199.87
3199.87
3199.86
3199.86
3199.85
3199.84
3199.83
3199.81
3199.8
3199.78
3199.77
3199.75
3199.73
3199.71
3199.69
3199.67
3199.65
3199.63
3199.61
3199.59
3199.57
3199.54
3199.53
3199.49
3199.47
3199.44
3199.42
3199.37
3199.35
3199.3
3199.27
3199.22
3199.19
3199.12
3199.08
3199
3198.96
3198.87
3198.81
3198.72
3198.63
3198.52
3198.44
3198.3
3198.18
3198.03
3197.9
3197.7
3197.55
3197.32
3197.11
3196.82
3196.6
3196.29
3196
3195.55
3195.16
3194.7
3194.24
3193.64
3193.05
3192.28
3191.52
3190.59
3189.55
3188.39
3187.12
3185.58
3183.89
3181.84
3179.55
3176.85
3173.7
3170.06
3165.89
3160.93
3155.34
3148.9
3140.47
3130.72
3119.83
3107.31
3092.45
3073.81
3051.79
3026.68
3199.88
3199.89
3199.89
3199.89
3199.89
3199.89
3199.88
3199.88
3199.87
3199.86
3199.85
3199.84
3199.83
3199.82
3199.8
3199.79
3199.77
3199.75
3199.73
3199.71
3199.7
3199.67
3199.66
3199.63
3199.62
3199.59
3199.58
3199.55
3199.53
3199.5
3199.49
3199.45
3199.43
3199.39
3199.36
3199.32
3199.29
3199.23
3199.2
3199.14
3199.1
3199.02
3198.98
3198.89
3198.83
3198.72
3198.66
3198.53
3198.46
3198.31
3198.22
3198.03
3197.93
3197.71
3197.57
3197.34
3197.13
3196.85
3196.64
3196.3
3196
3195.57
3195.24
3194.75
3194.25
3193.67
3193.06
3192.31
3191.59
3190.62
3189.65
3188.45
3187.16
3185.63
3183.92
3181.87
3179.58
3176.87
3173.68
3169.97
3165.77
3160.83
3155.24
3148.66
3140.01
3130.08
3119.1
3106.46
3091.48
3072.34
3049.73
3024.47
3199.9
3199.9
3199.91
3199.91
3199.91
3199.9
3199.9
3199.89
3199.88
3199.87
3199.86
3199.85
3199.84
3199.83
3199.81
3199.79
3199.78
3199.76
3199.74
3199.73
3199.71
3199.69
3199.68
3199.66
3199.64
3199.62
3199.61
3199.58
3199.56
3199.53
3199.52
3199.48
3199.47
3199.43
3199.4
3199.36
3199.33
3199.28
3199.25
3199.18
3199.15
3199.07
3199.03
3198.94
3198.89
3198.78
3198.72
3198.59
3198.51
3198.36
3198.27
3198.09
3197.99
3197.77
3197.64
3197.39
3197.22
3196.94
3196.7
3196.38
3196.09
3195.69
3195.32
3194.86
3194.36
3193.8
3193.22
3192.44
3191.76
3190.75
3189.84
3188.63
3187.34
3185.88
3184.17
3182.07
3179.84
3177.11
3173.96
3170.18
3165.9
3160.95
3155.41
3148.8
3139.88
3129.82
3118.63
3105.96
3090.78
3071.13
3047.7
3021.32
3199.92
3199.92
3199.92
3199.92
3199.92
3199.92
3199.91
3199.91
3199.9
3199.89
3199.88
3199.86
3199.85
3199.84
3199.82
3199.8
3199.79
3199.77
3199.76
3199.74
3199.73
3199.71
3199.7
3199.68
3199.67
3199.65
3199.64
3199.61
3199.6
3199.57
3199.56
3199.53
3199.51
3199.47
3199.45
3199.41
3199.38
3199.33
3199.3
3199.24
3199.2
3199.12
3199.08
3198.99
3198.94
3198.83
3198.77
3198.65
3198.57
3198.42
3198.34
3198.16
3198.06
3197.84
3197.72
3197.47
3197.31
3197.01
3196.78
3196.55
3196.15
3195.82
3195.43
3195.01
3194.51
3193.96
3193.39
3192.62
3191.95
3190.96
3190.04
3188.92
3187.65
3186.16
3184.49
3182.37
3180.26
3177.42
3174.27
3170.55
3166.16
3161.27
3155.74
3149.13
3139.96
3129.73
3118.4
3105.65
3090.1
3069.7
3045.88
3019.38
3199.94
3199.94
3199.94
3199.94
3199.94
3199.94
3199.93
3199.92
3199.91
3199.9
3199.89
3199.87
3199.86
3199.85
3199.83
3199.82
3199.8
3199.79
3199.78
3199.76
3199.75
3199.74
3199.73
3199.71
3199.7
3199.69
3199.68
3199.66
3199.64
3199.62
3199.61
3199.58
3199.56
3199.53
3199.5
3199.47
3199.43
3199.38
3199.35
3199.29
3199.24
3199.18
3199.14
3199.04
3198.99
3198.89
3198.84
3198.71
3198.63
3198.49
3198.39
3198.27
3198.11
3197.93
3197.78
3197.6
3197.36
3197.13
3196.95
3196.62
3196.21
3195.97
3195.59
3195.21
3194.63
3194.08
3193.6
3192.85
3192.23
3191.18
3190.29
3189.22
3187.91
3186.5
3184.82
3182.86
3180.65
3177.86
3174.68
3171.07
3166.63
3161.79
3156.19
3149.64
3140.11
3129.74
3118.25
3105.35
3089.36
3068.47
3043.4
3016.2
3199.96
3199.96
3199.96
3199.96
3199.95
3199.95
3199.94
3199.93
3199.92
3199.91
3199.9
3199.88
3199.87
3199.86
3199.85
3199.83
3199.82
3199.81
3199.8
3199.79
3199.78
3199.77
3199.76
3199.75
3199.74
3199.73
3199.72
3199.71
3199.69
3199.67
3199.66
3199.63
3199.61
3199.58
3199.54
3199.52
3199.48
3199.43
3199.39
3199.35
3199.29
3199.25
3199.17
3199.1
3199.06
3198.96
3198.89
3198.77
3198.7
3198.57
3198.45
3198.35
3198.15
3198.04
3197.86
3197.69
3197.46
3197.24
3197.02
3196.67
3196.36
3196.15
3195.75
3195.26
3194.8
3194.38
3193.74
3193.06
3192.4
3191.35
3190.7
3189.54
3188.32
3186.83
3185.14
3183.29
3181.04
3178.38
3175.26
3171.67
3167.23
3162.33
3156.65
3150.14
3140.3
3129.93
3118.11
3105.16
3088.66
3067.56
3041.52
3011.66
3199.98
3199.98
3199.98
3199.98
3199.97
3199.96
3199.95
3199.94
3199.93
3199.92
3199.91
3199.9
3199.88
3199.87
3199.86
3199.85
3199.84
3199.84
3199.83
3199.82
3199.82
3199.81
3199.8
3199.79
3199.79
3199.78
3199.76
3199.75
3199.73
3199.72
3199.7
3199.68
3199.65
3199.63
3199.59
3199.57
3199.52
3199.49
3199.44
3199.4
3199.35
3199.3
3199.22
3199.16
3199.11
3199
3198.93
3198.83
3198.76
3198.61
3198.52
3198.39
3198.22
3198.13
3197.92
3197.77
3197.53
3197.31
3197.13
3196.78
3196.58
3196.19
3195.9
3195.42
3194.92
3194.56
3193.92
3193.3
3192.67
3191.66
3191.03
3189.77
3188.57
3187.19
3185.73
3183.74
3181.62
3178.83
3175.8
3172.18
3167.84
3162.9
3157.34
3150.81
3140.8
3130.23
3118.07
3104.99
3088.18
3066.03
3039.28
3010.23
3199.99
3199.99
3199.99
3199.99
3199.98
3199.97
3199.96
3199.95
3199.94
3199.93
3199.92
3199.91
3199.9
3199.89
3199.88
3199.87
3199.87
3199.87
3199.86
3199.86
3199.85
3199.85
3199.84
3199.84
3199.83
3199.82
3199.81
3199.8
3199.78
3199.77
3199.74
3199.72
3199.69
3199.67
3199.63
3199.61
3199.56
3199.54
3199.48
3199.44
3199.38
3199.34
3199.26
3199.21
3199.14
3199.05
3198.96
3198.9
3198.78
3198.67
3198.59
3198.43
3198.31
3198.19
3197.97
3197.85
3197.63
3197.43
3197.21
3196.89
3196.7
3196.32
3196.02
3195.56
3195.11
3194.79
3194.09
3193.52
3192.85
3192.01
3191.29
3189.96
3188.98
3187.57
3186.34
3184.17
3182.08
3179.27
3176.36
3172.76
3168.63
3163.68
3158.21
3151.58
3141.42
3130.36
3118.07
3104.83
3087.74
3064.21
3035.92
3007.18
3200.01
3200.01
3200
3200
3199.99
3199.98
3199.97
3199.96
3199.95
3199.94
3199.93
3199.92
3199.92
3199.91
3199.9
3199.9
3199.9
3199.9
3199.9
3199.89
3199.89
3199.89
3199.88
3199.88
3199.87
3199.86
3199.85
3199.84
3199.82
3199.81
3199.78
3199.76
3199.73
3199.71
3199.67
3199.65
3199.6
3199.57
3199.51
3199.48
3199.41
3199.37
3199.29
3199.25
3199.16
3199.11
3199
3198.94
3198.82
3198.75
3198.63
3198.49
3198.4
3198.23
3198.04
3197.93
3197.72
3197.49
3197.3
3197
3196.81
3196.47
3196.04
3195.79
3195.26
3194.93
3194.25
3193.81
3192.95
3192.32
3191.5
3190.35
3189.42
3187.93
3186.72
3184.55
3182.68
3179.65
3177.1
3173.42
3169.4
3164.49
3159
3152.24
3141.98
3130.52
3118.35
3104.55
3087.12
3062.93
3033.87
3000.79
3200.02
3200.02
3200.02
3200.01
3200
3199.99
3199.98
3199.97
3199.96
3199.95
3199.95
3199.94
3199.93
3199.93
3199.93
3199.93
3199.93
3199.93
3199.93
3199.93
3199.93
3199.93
3199.92
3199.92
3199.91
3199.9
3199.89
3199.88
3199.86
3199.84
3199.81
3199.8
3199.76
3199.74
3199.7
3199.67
3199.63
3199.58
3199.55
3199.5
3199.44
3199.39
3199.35
3199.27
3199.19
3199.15
3199.05
3198.98
3198.86
3198.79
3198.68
3198.54
3198.44
3198.29
3198.1
3197.99
3197.83
3197.54
3197.39
3197.1
3196.89
3196.57
3196.17
3195.93
3195.43
3195.08
3194.42
3193.99
3193.3
3192.52
3191.67
3190.72
3189.81
3188.23
3187.02
3185.12
3183.3
3180.17
3177.74
3173.97
3170.16
3165.29
3159.93
3152.97
3142.69
3130.96
3118.63
3104.26
3086.63
3061.61
3031.99
2997.53
3200.03
3200.03
3200.02
3200.02
3200.01
3200
3199.99
3199.98
3199.97
3199.97
3199.96
3199.96
3199.95
3199.95
3199.95
3199.96
3199.96
3199.96
3199.97
3199.97
3199.96
3199.96
3199.95
3199.95
3199.94
3199.93
3199.92
3199.91
3199.88
3199.87
3199.84
3199.82
3199.78
3199.76
3199.72
3199.69
3199.65
3199.61
3199.57
3199.53
3199.47
3199.42
3199.37
3199.3
3199.22
3199.18
3199.08
3199.01
3198.89
3198.83
3198.7
3198.62
3198.45
3198.35
3198.17
3198.04
3197.89
3197.63
3197.49
3197.2
3196.96
3196.69
3196.32
3196.08
3195.58
3195.2
3194.65
3194.06
3193.64
3192.77
3191.87
3191.04
3190.18
3188.53
3187.48
3185.54
3183.83
3180.76
3178.32
3174.61
3170.88
3166.07
3160.81
3153.81
3143.34
3131.53
3118.83
3104.28
3086.24
3060.41
3028.53
2994.83
3200.04
3200.04
3200.03
3200.02
3200.01
3200.01
3200
3199.99
3199.98
3199.98
3199.97
3199.97
3199.97
3199.97
3199.98
3199.99
3199.99
3200
3200
3200
3200
3199.99
3199.99
3199.98
3199.97
3199.96
3199.94
3199.93
3199.91
3199.89
3199.86
3199.84
3199.8
3199.78
3199.74
3199.7
3199.68
3199.62
3199.59
3199.54
3199.49
3199.44
3199.39
3199.33
3199.24
3199.2
3199.11
3199.05
3198.93
3198.86
3198.74
3198.66
3198.51
3198.41
3198.23
3198.1
3197.94
3197.71
3197.57
3197.31
3197.02
3196.83
3196.43
3196.18
3195.71
3195.37
3194.86
3194.21
3193.8
3193
3192.18
3191.23
3190.5
3188.92
3187.86
3185.96
3184.2
3181.45
3178.93
3175.29
3171.51
3166.9
3161.66
3154.86
3144.02
3132.16
3118.98
3104.43
3085.84
3059.26
3025.15
2988.72
3200.05
3200.05
3200.04
3200.03
3200.02
3200.01
3200
3200
3199.99
3199.99
3199.99
3199.99
3199.99
3199.99
3200.01
3200.01
3200.02
3200.02
3200.03
3200.03
3200.02
3200.02
3200.01
3200.01
3199.99
3199.99
3199.97
3199.95
3199.92
3199.91
3199.87
3199.85
3199.81
3199.79
3199.75
3199.72
3199.69
3199.64
3199.61
3199.56
3199.51
3199.47
3199.41
3199.35
3199.28
3199.22
3199.15
3199.07
3198.96
3198.9
3198.79
3198.71
3198.54
3198.45
3198.29
3198.18
3198.01
3197.79
3197.65
3197.4
3197.1
3196.93
3196.57
3196.3
3195.82
3195.51
3195.03
3194.41
3193.98
3193.13
3192.44
3191.49
3190.77
3189.3
3188.19
3186.41
3184.5
3182.2
3179.4
3176.08
3172.06
3167.75
3162.33
3156
3144.73
3132.88
3119.23
3104.66
3085.1
3058.12
3023.18
2982.28
3200.05
3200.05
3200.05
3200.04
3200.03
3200.02
3200.01
3200
3200
3200
3200
3200
3200.01
3200.02
3200.03
3200.04
3200.05
3200.05
3200.05
3200.05
3200.05
3200.04
3200.04
3200.03
3200.01
3200
3199.98
3199.97
3199.94
3199.92
3199.88
3199.86
3199.83
3199.8
3199.77
3199.74
3199.7
3199.67
3199.62
3199.57
3199.53
3199.48
3199.43
3199.36
3199.3
3199.26
3199.16
3199.09
3199
3198.93
3198.84
3198.74
3198.59
3198.5
3198.37
3198.22
3198.08
3197.84
3197.7
3197.47
3197.19
3197.01
3196.67
3196.33
3196.05
3195.58
3195.09
3194.62
3194.16
3193.26
3192.59
3191.78
3191.04
3189.68
3188.36
3186.92
3184.71
3182.86
3179.72
3176.85
3172.67
3168.58
3163.17
3157.04
3145.63
3133.62
3119.58
3104.61
3084.51
3056.72
3021.6
2977.2
3200.06
3200.06
3200.05
3200.05
3200.04
3200.03
3200.02
3200.01
3200.01
3200.01
3200.01
3200.01
3200.02
3200.04
3200.05
3200.06
3200.07
3200.07
3200.07
3200.07
3200.07
3200.06
3200.05
3200.05
3200.03
3200.02
3199.99
3199.98
3199.95
3199.93
3199.89
3199.87
3199.84
3199.81
3199.78
3199.75
3199.71
3199.68
3199.63
3199.59
3199.54
3199.49
3199.44
3199.37
3199.32
3199.26
3199.18
3199.11
3199.03
3198.94
3198.87
3198.76
3198.61
3198.51
3198.42
3198.22
3198.11
3197.88
3197.75
3197.47
3197.27
3197.03
3196.71
3196.38
3196.11
3195.64
3195.13
3194.76
3194.26
3193.36
3192.69
3192
3191.04
3189.95
3188.54
3187.35
3184.92
3183.2
3180.19
3177.47
3173.31
3169.21
3164.06
3157.8
3146.52
3134.27
3120.03
3104.49
3084.06
3055.26
3019.81
2974.63
3200.06
3200.07
3200.06
3200.05
3200.04
3200.03
3200.02
3200.02
3200.01
3200.02
3200.02
3200.02
3200.04
3200.06
3200.07
3200.08
3200.09
3200.09
3200.09
3200.09
3200.09
3200.08
3200.07
3200.06
3200.04
3200.03
3200
3199.98
3199.95
3199.93
3199.9
3199.87
3199.85
3199.81
3199.79
3199.75
3199.72
3199.68
3199.64
3199.59
3199.54
3199.49
3199.45
3199.37
3199.32
3199.25
3199.19
3199.11
3199.02
3198.93
3198.87
3198.73
3198.64
3198.47
3198.39
3198.2
3198.09
3197.85
3197.71
3197.43
3197.26
3196.92
3196.72
3196.3
3196.04
3195.57
3195.14
3194.66
3194.16
3193.32
3192.81
3191.93
3190.89
3189.96
3188.69
3187.27
3185.23
3183.21
3180.53
3177.6
3173.81
3169.54
3164.67
3158.33
3147.54
3134.83
3120.71
3104.41
3083.97
3053.75
3016.98
2972.61
3200.07
3200.07
3200.07
3200.06
3200.05
3200.04
3200.03
3200.02
3200.02
3200.02
3200.02
3200.03
3200.05
3200.07
3200.09
3200.1
3200.1
3200.1
3200.11
3200.11
3200.1
3200.09
3200.09
3200.07
3200.06
3200.03
3200.01
3199.98
3199.96
3199.93
3199.91
3199.87
3199.85
3199.81
3199.79
3199.74
3199.71
3199.66
3199.63
3199.56
3199.53
3199.45
3199.41
3199.32
3199.27
3199.17
3199.11
3199
3198.93
3198.79
3198.72
3198.56
3198.47
3198.28
3198.18
3197.95
3197.83
3197.56
3197.41
3197.1
3196.92
3196.53
3196.32
3195.85
3195.59
3195.03
3194.71
3194.02
3193.62
3192.76
3192.24
3191.25
3190.34
3189.24
3188.16
3186.51
3184.89
3182.57
3180.24
3177.15
3173.68
3169.27
3164.76
3158.21
3148.01
3134.82
3120.78
3103.8
3083.68
3052.14
3013.43
2966.14
3200.07
3200.07
3200.07
3200.07
3200.05
3200.04
3200.03
3200.02
3200.02
3200.02
3200.02
3200.03
3200.05
3200.07
3200.09
3200.1
3200.1
3200.11
3200.11
3200.11
3200.11
3200.1
3200.09
3200.08
3200.06
3200.03
3200.01
3199.98
3199.96
3199.92
3199.9
3199.85
3199.83
3199.77
3199.74
3199.67
3199.64
3199.56
3199.52
3199.42
3199.37
3199.26
3199.19
3199.05
3198.97
3198.81
3198.72
3198.53
3198.44
3198.22
3198.11
3197.86
3197.73
3197.44
3197.3
3196.96
3196.79
3196.4
3196.2
3195.75
3195.53
3195
3194.74
3194.14
3193.83
3193.13
3192.77
3191.94
3191.51
3190.51
3189.99
3188.83
3188.02
3186.75
3185.7
3183.91
3182.57
3180.1
3177.99
3174.9
3171.67
3167.34
3163.03
3156.49
3147.3
3133.77
3120.34
3102.4
3082.85
3050.17
3010.56
2955.11
3200.07
3200.07
3200.07
3200.07
3200.06
3200.05
3200.03
3200.02
3200.02
3200.01
3200.01
3200.02
3200.03
3200.05
3200.07
3200.08
3200.09
3200.09
3200.09
3200.09
3200.08
3200.08
3200.06
3200.04
3200.03
3199.98
3199.96
3199.91
3199.88
3199.81
3199.77
3199.68
3199.63
3199.51
3199.45
3199.3
3199.23
3199.06
3198.98
3198.77
3198.65
3198.38
3198.24
3197.91
3197.75
3197.38
3197.2
3196.76
3196.56
3196.07
3195.84
3195.29
3195.04
3194.43
3194.15
3193.46
3193.15
3192.38
3192.05
3191.21
3190.84
3189.93
3189.54
3188.54
3188.12
3187.03
3186.57
3185.37
3184.85
3183.51
3182.91
3181.38
3180.69
3178.95
3178.03
3176.01
3174.82
3172.34
3170.5
3167.31
3164.43
3160.24
3156.16
3149.58
3142.63
3129.2
3117.92
3098.42
3081.28
3045.45
3009.17
2942.9
3200.05
3200.06
3200.06
3200.05
3200.04
3200.03
3200.02
3200.01
3200
3199.99
3199.98
3199.97
3199.97
3199.97
3199.97
3199.98
3199.97
3199.96
3199.95
3199.92
3199.9
3199.84
3199.81
3199.72
3199.68
3199.56
3199.49
3199.33
3199.24
3199.02
3198.91
3198.62
3198.47
3198.12
3197.94
3197.5
3197.29
3196.78
3196.48
3195.97
3195.52
3194.92
3194.35
3193.73
3193.03
3192.44
3191.52
3190.88
3189.88
3189.19
3188.08
3187.33
3186.11
3185.4
3184.04
3183.23
3181.77
3180.96
3179.44
3178.62
3177.01
3176.19
3174.46
3173.65
3171.9
3171.06
3169.25
3168.4
3166.56
3165.63
3163.69
3162.72
3160.62
3159.58
3157.36
3156.32
3153.9
3152.69
3149.75
3147.95
3144.05
3141.29
3136.2
3130.77
3126.73
3115.35
3108.52
3088.27
3074.63
3033.87
3005.13
2931.57
3199.97
3199.98
3199.96
3199.93
3199.9
3199.88
3199.87
3199.86
3199.85
3199.83
3199.77
3199.73
3199.67
3199.57
3199.53
3199.41
3199.35
3199.18
3199.09
3198.88
3198.76
3198.44
3198.28
3197.88
3197.68
3197.17
3196.92
3196.28
3195.96
3195.18
3194.8
3193.86
3193.4
3192.29
3191.75
3190.43
3189.81
3188.3
3187.59
3185.92
3185.09
3183.23
3182.22
3180.24
3179
3177.01
3175.56
3173.46
3171.8
3169.63
3167.85
3165.65
3163.65
3161.46
3159.27
3157.05
3154.73
3152.6
3150.17
3148.11
3145.55
3143.6
3140.88
3139.05
3136.29
3134.57
3131.77
3130.19
3127.38
3125.89
3123.04
3121.64
3118.7
3117.39
3114.39
3113.35
3110.4
3109.46
3106.11
3104.92
3100.41
3098.76
3092.3
3088.73
3088.94
3081.46
3081.84
3062.81
3055.23
3007.59
2991.63
2904.75
3199.61
3199.56
3199.42
3199.16
3198.93
3198.8
3198.74
3198.74
3198.64
3198.5
3198.2
3198
3197.69
3197.19
3196.93
3196.28
3195.88
3195.14
3194.61
3193.8
3193.19
3192.03
3191.44
3190.03
3189.31
3187.65
3186.83
3184.91
3183.89
3181.73
3180.54
3178.16
3176.76
3174.2
3172.54
3169.72
3167.83
3164.87
3162.78
3159.51
3157.17
3153.66
3151.16
3147.44
3144.62
3140.83
3137.82
3133.94
3130.71
3126.7
3123.26
3119.25
3115.62
3111.73
3107.93
3104.06
3100.07
3096.33
3092.24
3088.72
3084.55
3081.28
3076.99
3073.95
3069.65
3066.84
3062.54
3059.99
3055.81
3053.49
3049.39
3047.32
3043.29
3041.47
3037.55
3036.27
3032.7
3031.82
3028.04
3027.09
3022.2
3020.95
3013.28
3011.01
3014.77
3015.21
3020.4
3005.76
3009.43
2952.16
2961.5
2845.35
3197.35
3197.06
3196.18
3194.64
3193.38
3192.7
3192.22
3192.14
3191.38
3190.69
3189.32
3188.63
3186.88
3185.99
3183.81
3182.76
3180.21
3179.03
3176.22
3174.89
3171.79
3170.24
3166.91
3165.1
3161.43
3159.24
3155.41
3152.9
3148.71
3145.74
3141.27
3138.09
3133.36
3129.85
3124.78
3121.02
3115.73
3111.77
3106.28
3102.03
3096.2
3091.64
3085.66
3081.03
3074.77
3069.93
3063.33
3058.38
3051.63
3046.68
3039.7
3034.75
3027.52
3022.72
3015.36
3010.74
3003.27
2998.9
2991.36
2987.3
2979.76
2976.09
2968.61
2965.29
2958
2954.97
2947.87
2945.11
2938.38
2935.84
2929.49
2927.19
2921.25
2919.19
2913.71
2912.32
2907.63
2906.84
2902.25
2901.58
2895.97
2895.19
2887.1
2884.08
2893.49
2901.32
2907.58
2901.78
2917.02
2857.48
2901.7
2739.37
3183.1
3181.35
3177.52
3171.41
3166.97
3164.69
3163.39
3162.55
3159.78
3157.63
3153.76
3151.57
3146.98
3144.51
3139.31
3136.43
3130.68
3127.61
3121.7
3118.16
3111.74
3107.98
3101.4
3097.44
3090.3
3085.88
3078.36
3073.77
3065.81
3060.83
3052.39
3047.25
3038.48
3033.07
3023.75
3018.2
3008.61
3003.08
2993.18
2987.56
2977.25
2971.57
2961.04
2955.38
2944.57
2938.91
2927.72
2922.04
2910.55
2905.02
2893.31
2887.89
2875.96
2870.68
2858.59
2853.51
2841.41
2836.63
2824.65
2820.15
2808.42
2804.18
2792.8
2788.88
2777.93
2774.38
2763.91
2760.76
2750.8
2748.06
2738.63
2736.33
2727.64
2725.49
2717.63
2716.17
2709.66
2708.76
2702.91
2702.23
2695.43
2695.06
2686.11
2681.66
2697.25
2713.75
2724.37
2727.73
2742.15
2694.87
2798.64
2567.63
3105.27
3103.49
3095.06
3080.42
3071.48
3066.97
3065.41
3061.11
3057.42
3048.45
3041.15
3033.15
3025.21
3016.69
3008.46
2999.7
2991.32
2982.67
2974.43
2965.75
2957.27
2948.19
2939.36
2929.97
2920.78
2910.9
2901.18
2890.78
2880.57
2869.75
2859.19
2848.09
2837.24
2825.85
2814.73
2803.23
2792.07
2780.55
2769.36
2757.81
2746.59
2734.99
2723.66
2712.07
2700.73
2689.16
2677.8
2666.14
2654.68
2642.84
2631.28
2619.38
2607.85
2595.93
2584.58
2572.61
2561.48
2549.47
2538.69
2526.7
2516.49
2504.6
2495.14
2483.34
2474.81
2463.06
2455.59
2443.92
2437.6
2425.92
2420.76
2409.2
2405.12
2393.96
2390.74
2380.39
2378.31
2369.75
2367.16
2360.97
2355.54
2352.37
2342.56
2332.58
2356.9
2377.22
2393.56
2403.34
2418.39
2379.79
2531.07
2249.39
2766.69
2759.82
2748.25
2732.54
2720.84
2711.53
2706.87
2695.83
2683.31
2669.87
2658.21
2645.72
2632.15
2618.11
2603.42
2588.83
2574.09
2559.97
2545.99
2532.5
2518.83
2505.45
2491.83
2478.44
2464.72
2451.15
2437.14
2423.21
2408.75
2394.31
2379.28
2364.29
2348.68
2333.2
2317.13
2301.3
2284.96
2269
2252.62
2236.76
2220.53
2204.92
2188.94
2173.65
2157.92
2142.91
2127.35
2112.5
2097.02
2082.22
2066.7
2051.87
2036.25
2021.35
2005.65
1990.71
1975.01
1960.14
1944.59
1929.91
1914.66
1900.33
1885.51
1871.64
1857.38
1844.08
1830.43
1817.77
1804.73
1792.76
1780.27
1769.12
1757.02
1746.89
1734.75
1725.8
1713.23
1706.22
1692.98
1688.55
1674.1
1672.46
1656.84
1646.46
1653.86
1662.17
1668.4
1669.63
1675.74
1651.35
1743.91
1575.43
3003.84
2970.38
2931.38
2886.51
2840
2789.55
2740.26
2695.54
2644.71
2584.46
2535.82
2501.79
2451.02
2385.29
2345.29
2327.19
2291.39
2235.73
2200.13
2188.77
2174.61
2138.08
2115.09
2108.61
2098.06
2070.95
2053.4
2047.03
2037.52
2009.33
1988.95
1979.58
1958.88
1933.16
1915.45
1896.97
1871.07
1847.5
1827.99
1812.72
3000.56
2968.09
2930.86
2888.77
2846.24
2799.58
2753.35
2711.69
2670.14
2621.97
2568.16
2522.73
2493.63
2459.51
2404.4
2351.34
2324.17
2312.13
2291.8
2242.9
2200.74
2183.07
2177.63
2170.44
2146.23
2109.08
2093.99
2088.49
2080.64
2056.95
2032.25
2022.26
2008.18
1986.69
1967.06
1951.23
1932.49
1910.84
1891.4
1871.36
2997.92
2965.79
2928.37
2883.11
2840.63
2801.03
2751.91
2699.39
2664.12
2630.14
2571.38
2513.34
2485.34
2463.82
2415.71
2357.18
2324.28
2312.34
2295.4
2249.05
2207.55
2192.39
2186.44
2172.37
2134.85
2113.69
2106.96
2098.56
2072.47
2048.46
2039.7
2029.09
2001.13
1984.54
1970.82
1950.69
1930.4
1911.6
1893.4
1875.26
2995.18
2960.94
2923.16
2882.69
2837.29
2788.93
2748.84
2707.67
2661.28
2614.48
2566.44
2526.5
2497.27
2456.2
2401.33
2363.64
2348.66
2330.71
2287.38
2242.91
2220.98
2213.8
2205.07
2176.31
2137.88
2121.28
2115.62
2107.95
2082.62
2052.45
2041.72
2032.55
2011.08
1989.47
1973.46
1957.18
1935.99
1916.21
1899.39
1881.07
2992.14
2959.5
2916.88
2870.63
2835.85
2791.82
2733.09
2692.69
2666.48
2618.25
2553.95
2513.47
2494.92
2461.56
2404.93
2361.53
2344.36
2331.57
2298.09
2251.25
2225.69
2217.13
2208.71
2182.28
2143.7
2126.11
2119.88
2110.37
2080.51
2054.59
2045.94
2031.65
2008.53
1990.11
1972.92
1955.32
1934.45
1914.91
1898.38
1880.67
2987.31
2951.45
2915.06
2869.89
2819.58
2778.07
2739.41
2689.9
2647.04
2605.98
2555.94
2516.71
2491.45
2451.4
2399.66
2367.36
2354.8
2336.76
2293.58
2253.47
2234.53
2227.44
2216.57
2182.49
2147.2
2132.92
2126.66
2114.11
2079.4
2057.22
2049.15
2034.09
2005.69
1991.47
1975.43
1953
1933.72
1916.7
1898.42
1879.85
2985.99
2947.39
2898.87
2863.22
2827.96
2767.13
2712.94
2687.61
2656.08
2595.72
2538.3
2509.81
2492.14
2453.85
2399.28
2364.79
2352.09
2339.3
2303.72
2260.04
2238.23
2230.39
2220.42
2189.31
2152.2
2136.65
2129.81
2115.74
2079.64
2059.21
2050.69
2032.5
2006.01
1988.82
1974.78
1952.82
1930.22
1913.81
1897.44
1878.69
2978.66
2947.24
2897.59
2841.61
2810.8
2776.41
2712.51
2658.9
2635.64
2602.89
2540.18
2498.01
2481.48
2454.49
2404.02
2365.26
2350.1
2339.72
2312.29
2266.73
2241.47
2232.58
2223.42
2195.61
2156.36
2139.14
2131.67
2115.4
2080.13
2064.81
2050.43
2028.76
2007.01
1987.53
1972.46
1951.39
1928.46
1912.15
1895.78
1877
2971.43
2933.09
2897.95
2843.64
2786.42
2758.64
2717.46
2652.84
2619.62
2593.87
2537.58
2491.99
2474.58
2453.84
2407.06
2367.56
2351.46
2341.5
2316.17
2271.55
2246.85
2237.9
2226.53
2192.91
2159.7
2147.35
2136.28
2106.33
2080.21
2069.85
2050.39
2021.5
2007.06
1988.3
1967
1948.58
1928.63
1908.82
1891.97
1874.84
2972.2
2923.19
2876.07
2846.01
2791.23
2734.09
2699.59
2656.41
2615.69
2577.69
2529.21
2494.68
2477.81
2446.64
2401.52
2372.51
2361.43
2346.14
2307.24
2273.66
2259.43
2249.14
2222.87
2184.79
2164.46
2155.28
2137.86
2101.49
2078.54
2069.06
2051.02
2018.75
2003.54
1987.68
1965.79
1944.78
1926.14
1907.14
1889.38
1872.58
2966.57
2924.81
2863.66
2821.52
2793.99
2732.98
2676.46
2648.06
2616.02
2566.29
2519.82
2496.79
2477.15
2438.66
2399.64
2380.4
2369.56
2345.88
2305.34
2276.98
2264.68
2253.11
2223.7
2185.91
2164.45
2155.12
2140.9
2104.88
2074.14
2062.02
2052.2
2024.06
1998.02
1983.17
1966.59
1943.74
1921.63
1904.79
1888.03
1870.34
2956.3
2913.89
2863.9
2812.38
2772.74
2726.04
2668.06
2636.73
2611.01
2560.27
2513.89
2494.72
2477.49
2440.25
2401.75
2381.99
2371.4
2349.53
2309.88
2277.87
2262.37
2253.08
2233.46
2191.14
2160.2
2147.32
2138.55
2115.5
2075.25
2057.23
2047.81
2024.51
2000.02
1979.9
1962.94
1942.69
1919.82
1901.71
1885.77
1868.34
2954.03
2899.14
2848.34
2812.22
2768.82
2707.93
2656.2
2632.46
2605.47
2553.39
2508.78
2490.77
2477.5
2446.37
2405.21
2378.92
2367.4
2354.87
2322.79
2281.46
2257.35
2247.47
2235.64
2201.98
2161.63
2143.65
2135.28
2117.19
2076.52
2056.84
2046.44
2022.63
1999.15
1977.99
1961.17
1941.05
1917.91
1899.72
1884.3
1866.78
2951.09
2897.69
2829.54
2792.48
2767.35
2707.46
2643.67
2616.83
2599.45
2555.61
2506.9
2485.16
2474.84
2453.87
2410.73
2378.6
2364.37
2354.39
2330.81
2285.84
2257.28
2246.13
2235.36
2204.86
2162.57
2142.95
2134.47
2116.98
2076.3
2056.85
2044.94
2021
1998.59
1976.97
1958.73
1939.16
1917.63
1898.11
1881.88
1865.29
2941.03
2895.24
2828.24
2766.9
2740.97
2712.55
2646.02
2598.7
2583.1
2555.17
2510.3
2484.77
2473.7
2453.89
2413.38
2380.86
2365.95
2355.74
2331.79
2287.06
2258.56
2247.3
2235.94
2203.82
2162.89
2144.46
2135.55
2115.1
2075.23
2058.32
2044.41
2018.4
1999.08
1976.26
1956.33
1938.34
1916.85
1896.17
1880.27
1864.36
2928.33
2885.16
2829.05
2759.58
2715.14
2695.95
2654.89
2593.56
2567.17
2551.41
2514.75
2486.87
2473.85
2450.48
2413.7
2385.09
2371.88
2358.77
2326.23
2285.55
2262.31
2252.21
2236.96
2197.35
2162.19
2147.4
2137.63
2111.66
2072.85
2057.69
2044.57
2015.67
1997.61
1976.11
1953.72
1936.46
1916.66
1894.85
1878.03
1863.4
2915.8
2867.74
2824.75
2760.64
2700.27
2675.97
2651.98
2597.53
2557.13
2543.98
2520.32
2489.07
2471.79
2449.88
2415.51
2389
2376.16
2357.79
2321.88
2285.85
2266.3
2255.95
2235.72
2193.73
2161.54
2147.97
2137.95
2110.52
2071.65
2056.99
2042.76
2014.84
1996.9
1975.41
1951.97
1934.43
1915.95
1894
1876.16
1862.47
2912.02
2847.46
2809.67
2759.66
2697.15
2662.55
2642.42
2598.57
2554.31
2536.71
2525.17
2496.43
2464.27
2447.54
2424.53
2392.84
2371.14
2356.13
2327.79
2289.45
2262.94
2251.45
2237.16
2199.62
2161.55
2144.82
2135.25
2110.59
2072.8
2058.71
2039.35
2013.7
1997.2
1974.89
1950.31
1932.83
1914.79
1893.17
1874.55
1862.56
2911.68
2839.32
2786.72
2749.81
2698.86
2654.31
2630.99
2593.45
2553.6
2536.17
2525.99
2502.39
2463.51
2439.69
2427.63
2403.68
2367.16
2349.21
2331.6
2294.95
2262.58
2248.53
2235.24
2200.3
2162.31
2146.03
2135.32
2106.25
2073.36
2060.67
2036.61
2012.81
1996.63
1973.5
1948.75
1932.01
1913.5
1891.59
1872.93
1863.44
2904.64
2839.02
2769.41
2728.2
2693.87
2652.59
2620.34
2583.79
2551.42
2537.94
2527.39
2501.5
2462.04
2438.28
2427.23
2407.91
2367.01
2343.77
2329.81
2297.56
2263.05
2248.11
2233.41
2196.68
2162.72
2149.04
2134.37
2098.68
2075.89
2061.88
2031.79
2011.57
1995.02
1972.1
1946.31
1930.32
1910.88
1890.36
1869.79
1865.66
2886.03
2831.78
2762.74
2703.14
2675.9
2648.36
2611.35
2572
2546.8
2536.66
2525.64
2497.48
2458.82
2436.84
2426.17
2405.91
2364.03
2341.92
2327.29
2293.14
2262.67
2249.42
2227.7
2188.76
2163.82
2151.7
2126.57
2092.85
2077.51
2057.69
2026.66
2008.3
1993.48
1966.93
1942.31
1926.87
1907.18
1885.37
1865.84
1868.23
2864.7
2802.72
2747.34
2687.09
2649.51
2624.2
2593.15
2559.04
2537.35
2528.17
2516.94
2488.48
2451.47
2431.47
2420.45
2397.38
2356.4
2337.2
2319.96
2283.6
2259.63
2244.99
2213.3
2180.89
2166.16
2141.77
2111.15
2089.14
2074.73
2044.58
2018.17
1998.49
1986.09
1957.2
1936.14
1912.2
1900.41
1873.38
1859.51
1868.36
2839.59
2755.72
2700.51
2651.89
2614.52
2581.87
2554.28
2529.71
2513.31
2504.73
2493.36
2465.63
2431.52
2415.3
2401.71
2370.36
2345.54
2321.84
2291.01
2269.62
2250.41
2218.36
2188.02
2170.24
2150.21
2117.21
2088.71
2072.58
2056.41
2023.74
1995.58
1978.83
1964.92
1934.05
1915.8
1893.66
1877.06
1852.11
1833.51
1865.06
2782.6
2688.62
2625.99
2581.96
2550.93
2511.49
2486.41
2472.39
2461.82
2454.26
2442.58
2414.78
2386.87
2373.74
2353.98
2326.48
2301.36
2277.38
2252.28
2226.83
2200.92
2175.69
2154.18
2126.38
2095.28
2073.71
2059.33
2029.21
1997.76
1976.69
1964.21
1938.12
1911.57
1887.19
1874.13
1850.19
1830.65
1806.8
1776.12
1849.29
2676.57
2566.09
2514.68
2473.64
2437.17
2400.76
2385.01
2376.88
2367.27
2359.75
2349.62
2325.55
2301.11
2285.7
2266.53
2241.18
2219.13
2191.91
2168.2
2144.37
2121.09
2092.15
2071.35
2042.44
2018.26
1992.97
1974.27
1942.61
1923.51
1896.51
1879.05
1850.54
1834.97
1806.2
1792.38
1762.9
1751.4
1719.34
1670.26
1806.23
2513.15
2382.95
2342.38
2307.71
2266.52
2227.98
2222.32
2220.24
2214.49
2206.82
2196.86
2175.95
2153.73
2139.22
2119.14
2096.3
2072.71
2047.12
2025.32
2001.2
1975.23
1950.48
1929.2
1897.53
1874.42
1852.06
1831.06
1797.64
1779.97
1754.1
1736.34
1706.45
1690.6
1662.48
1648.99
1619.26
1609.48
1566.03
1490.91
1708.86
2208.73
2069.35
2026.98
2029.98
1951.95
1926.57
1929.78
1929.64
1925
1917.41
1907.13
1888.77
1867.78
1853.71
1834.12
1810.99
1791.42
1766.97
1745.9
1721.15
1701.1
1675.44
1655.25
1625.29
1608.88
1583.28
1564.92
1535.51
1521.26
1495.09
1480.65
1454.01
1441.3
1415.91
1404.69
1376
1374.1
1326.21
1235.33
1506.71
1556.29
1448.25
1436.88
1427.88
1384.94
1361.9
1365.06
1362.93
1358.29
1352.07
1344.55
1333.84
1321.38
1312.69
1302.01
1288.91
1277.67
1264.71
1253.36
1239.79
1229.41
1216.49
1206.24
1191.77
1183.55
1172.06
1163.72
1151.13
1144.82
1134.79
1128.84
1119.69
1115.03
1107.03
1103.2
1095
1099.7
1074.79
1003.17
1174.98
)
;

boundaryField
{
    inlet
    {
        type            fixedValue;
        value           uniform 3200;
    }
    outlet
    {
        type            zeroGradient;
    }
    fluid_to_graphite
    {
        type            fixedValue;
        value           uniform 893.836;
    }
    wedgeBack
    {
        type            wedge;
    }
    wedgeFront
    {
        type            wedge;
    }
    defaultFaces
    {
        type            empty;
    }
}


                                                                               
