# Probe 0 (0.151410366795 0.011821249472999999 0)
# Probe 1 (0.152401606784 0.011803651873 0)
# Time                   0                        1                       
2.6000000000000258       972.0247210524027        946.78591734473821      
2.69999999999993         979.98596854926836       954.335777932361        
2.7999999999999847       987.82696967870856       961.78407763323764      
2.9000000000000572       995.55706808931916       969.1362784782898       
3.0000000000000302       1003.1815393655262       976.39710423840086      
3.1000000000000787       1010.7048340978249       983.56871916943896      
3.1999999999999194       1017.9850894190367       990.55143355486382      
3.3000000000000069       1025.0077167040376       997.2974009178289       
3.400000000000011        1031.8433042506915       1003.8700333004069      
3.499999999999976        1038.4968375021333       1010.2893709632659      
3.6000000000000201       1044.9882308925214       1016.5403294349109      
3.7000000000000224       1051.359165982363        1022.6788581037963      
3.7999999999999421       1057.6278518301469       1028.7243002717169      
3.8999999999999684       1063.7780279597557       1034.6616659463921      
3.9999999999999085       1069.8184475973849       1040.4923149484728      
4.0999999999997963       1075.7563378248574       1046.2259932706493      
4.2000000000001005       1081.5957694227016       1051.8648443085174      
4.2999999999997796       1087.3303553052099       1057.4069372757576      
4.3999999999997694       1092.9693927967849       1062.8575236411589      
