                                                                               
                             
                                                                   
                                                            
                                          
                             
                                                                               
FoamFile
{
    format      ascii;
    class       volScalarField;
    location    "1.0050000000000052/fluid";
    object      omega;
}
                                                                               

dimensions      [0 0 -1 0 0 0 0];

internalField   nonuniform List<scalar> 
4592
(
246.56024349871009
245.55405591969344
244.67207620214987
243.8231379082809
243.02845733429945
242.26849637848696
241.56563990630548
240.91198197948728
240.32330849755482
239.80295347323067
239.36742756645509
239.02810908074923
238.79935105403953
238.69063878121491
238.71400885489484
238.88317178525082
239.2149991458765
239.72581677352747
240.43197143098726
241.34891965020546
242.49082570732736
243.87478895973405
245.51448858929419
247.42151669765298
249.60558286011641
252.07573849777879
254.83877859820529
257.90167751417221
261.2801951107644
264.97855801739991
268.9975870863031
273.34214905749201
246.57602213638097
245.59167085208767
244.7390684292387
243.91959218967955
243.16022344302434
242.43930242352539
241.78380018213434
241.18620623580622
240.66622073155787
240.22926032895205
239.89521721329419
239.67843942839175
239.59787754538343
239.67011117131739
239.91769030051444
240.36315448940667
241.02951941032558
241.93898804318124
243.11214343624292
244.56726630497934
246.32012799316507
248.38389760157358
250.78083713551925
253.51949314255722
256.6051450159456
260.04114152504241
263.82623527750553
267.95883893452719
272.44785896728672
277.28547117469003
282.45524539803409
287.94731497341439
246.58492149740266
245.60745236424575
244.76591965438786
243.95110925826
243.19740543513086
242.47769563485753
241.82415287729972
241.2262057085369
240.70725141492412
240.27151090649619
239.94149227898129
239.73123171962942
239.6617804698154
239.75058792719062
240.02285828743058
240.50410780204768
241.22089247008074
242.19803932032804
243.45896091815953
245.02474121422853
246.91409847560601
249.14275645920756
251.7276583214495
254.68542066767455
258.02344728998253
261.74649104270031
265.85334425018789
270.34349870839122
275.21396451451568
280.46605746555412
286.07769212422318
292.04194501529781
246.59538424195836
245.62086692920124
244.78761252075611
243.97305216885709
243.2213371198053
242.49819160307675
241.84247968195785
241.23966727532354
240.71784252022263
240.27955024185977
239.95063652862072
239.7448124700783
239.68541196447256
239.79114969249736
240.09059321153012
240.61149536863081
241.38267180653207
242.43065123190323
243.78099860466307
245.45685776592384
247.47920634924793
249.86580717712101
252.63087979493159
255.79158553374367
259.35891702356059
263.33899920571503
267.73182620692666
272.53796055126259
277.74697967761506
283.37057750006272
289.38126622395674
295.77559505519002
246.60333409827194
245.62787714911201
244.79949487105725
243.98083035897926
243.22674496588428
242.49438763198634
241.83025834396599
241.21447349539531
240.68065890693458
240.22854922421504
239.887984332538
239.67161566381071
239.6059806892861
239.71030991605318
240.01648872923656
240.55464008058092
241.35635591750844
242.45016141495009
243.86444964649809
245.62497780226352
247.75568089355735
250.2769069836678
253.20584699564787
256.55553252689458
260.34065950574939
264.5686485865902
269.24182461771323
274.36083821964445
279.91846743470012
285.91501728761722
292.33210614394761
299.16227053417731
246.60960785503045
245.63591390574391
244.81391892350368
243.99302023005558
243.23681356130814
242.49451984574603
241.81916982181093
241.185371806116
240.63193729919479
240.15520670353374
239.78889892974547
239.54415169485438
239.45083244007932
239.527223701373
239.80641645077847
240.32118991744719
241.10575407539318
242.19029768103101
243.60610416087221
245.38168156214545
247.54418528513736
250.11694350289457
253.12059073274364
256.57128681599153
260.48213520271236
264.86377387574754
269.72189293323004
275.0569117662364
280.86705310221879
287.14452520925232
293.88287468815474
301.07013062945629
246.62247104463967
245.66748908954602
244.86684620250497
244.06141715112761
243.31923572558227
242.58363162687931
241.91285094598999
241.27607460131242
240.71758493722032
240.22977853940512
239.85089375113827
239.59024126308776
239.48099525634967
239.5415141515395
239.80607991775599
240.30939158897127
241.08837291029363
242.175357209846
243.6049564717467
245.40893852375785
247.61790080090628
250.25853289874792
253.35498186103283
256.92669469321595
260.99070436618058
265.55752188843803
270.6375443173564
276.23048298234255
282.34081272979648
288.95573422901595
296.07886215590116
303.69213655768152
246.64866451150834
245.7488162037958
244.99841471936767
244.24193803431291
243.54131256058466
242.83958976341299
242.19639322137155
241.57696635264045
241.03044485175002
240.54532857097627
240.16440946134165
239.8952055360318
239.77445015918607
239.82025793068166
240.06763019583212
240.55138819410624
241.31293244593834
242.38788045080497
243.81488772975445
245.63013916189374
247.86866426238493
250.56201100541972
253.73881088594351
257.42352785168197
261.63777616305026
266.39611383008906
271.71348781065103
277.59074150927842
284.0394076555055
291.04096751925664
298.61428140429183
306.73691801584295
246.69870030476594
245.91113975660571
245.25586192876935
244.60003003160176
243.98503587519255
243.36150325269023
242.78627874960614
242.22209005973005
241.72289436075368
241.27321147786776
240.92094089402195
240.67150358916507
240.56578377231105
240.62064601498747
240.87428530627594
241.36170941186322
242.12949425005485
243.21742565635699
244.66884489175763
246.52525220082688
248.82695218649249
251.61194625030859
254.91415702946514
258.76529262005585
263.19195882660438
268.21584892483884
273.85666507658055
280.11999047889412
287.02388481151291
294.5472551924459
302.72497446137731
311.53408491525499
246.78162991498212
246.19014521079717
245.69149442845654
245.20484982891185
244.73184921865723
244.24222874214837
243.78503685374974
243.32315781209653
242.91422654104755
242.53812674622606
242.24833980715673
242.04806344432413
241.98314376322585
242.06914957556108
242.34884920547435
242.8596414754827
243.65348544130288
244.77465588600452
246.2716085883005
248.19199029298395
250.58246925302899
253.48961562019534
256.95389065085197
261.01756180809332
265.71292578863893
271.07397918053488
277.12455704945359
283.88250403556015
291.36980779042705
299.57183360910238
308.53704261182105
318.25339782931798
246.90918629221872
246.63531476493472
246.37752405842033
246.14995271260543
245.89208645621383
245.60268648688142
245.32473206756637
245.02103403530845
244.75421506508422
244.49919491356582
244.31315015047889
244.19810181675533
244.2051030788989
244.35239070151829
244.68999041896748
245.25841712064815
246.11346004405249
247.30319500660971
248.88198594272535
250.90470637447694
253.42567055698601
256.50225300069712
260.18302514618011
264.52486138235002
269.56675977153475
275.3622589218042
281.93800582746553
289.33650657375881
297.57774379192222
306.67194134051681
316.6728011630845
327.6035769413337
247.11278867027548
247.37690590121824
247.49582348498407
247.6811125929072
247.74728475064259
247.75002896174266
247.71795240707516
247.62148216300707
247.5355724561249
247.43591916218983
247.38814015017465
247.38922216291212
247.49421017563796
247.72773456274652
248.14728396997961
248.79521292321243
249.73159319843998
251.0088576222773
252.68849422444228
254.83373249461582
257.50826009283963
260.78275745867467
264.71672196746249
269.38664483056141
274.84097835810644
281.16242116093298
288.38004566205854
296.57995771662655
305.77074888141237
316.02198369045277
327.37332434923695
339.93721025049075
247.41976937331194
248.55614825235841
249.2587558836598
250.0926662135997
250.64844633140106
251.09391910873265
251.41828472749376
251.61169540194757
251.76596219660578
251.86042923886046
251.97924530181254
252.12340340545393
252.36000871595388
252.70479473918013
253.21646866211805
253.94096367101534
254.95029419101772
256.30707851822928
258.08289548540972
260.34945326468403
263.18159602288074
266.66554937154547
270.87634270409171
275.91529395824807
281.84631945590979
288.79211853552164
296.78762337626256
305.98765231142301
316.37904550216678
328.14844170901654
341.28700303418992
356.11095011511588
247.86283519331027
250.28618215962197
251.82082806106459
253.53551555898898
254.77290933144556
255.82422317046641
256.65947815023856
257.28151224911727
257.79891854372676
258.18802898675995
258.5534743639235
258.89804948826315
259.30764271731755
259.80570523498051
260.45616022823248
261.28954652127885
262.37983705273155
263.8060564482588
265.66127361191803
268.03417512317844
271.01600285477127
274.70899843379527
279.20880773197172
284.64606714516452
291.11161304407551
298.7793398781609
307.70453653933566
318.14076009520932
330.05362029627929
343.83712097002245
359.38949511767117
377.47358089793431
248.45421635376908
252.66793695868134
255.30138501577548
258.14848325026009
260.26024698224853
262.07753780295496
263.5653001544926
264.74221146404307
265.74464347712643
266.54665091420333
267.2707710708591
267.91707606136777
268.58417854532678
269.29776340354272
270.14110315280152
271.16068728747223
272.42955112271864
273.99684522861929
275.96050583475335
278.4433487008435
281.5734049987887
285.48225693230933
290.29867705561054
296.18500858604426
303.27695326120079
311.81013573803187
321.89547637305975
333.91628977846653
347.85420413996275
364.43726320939862
383.47064529438245
406.6912472387146
249.27060769010058
255.90148743278053
259.93520380734202
264.14515391782919
267.31065502595959
270.02842359523015
272.29327534466779
274.1321383466335
275.72444682507313
277.04233124379357
278.23180284748901
279.28974353601308
280.32668485446135
281.36623285946558
282.50299308092752
283.78706760598021
285.31752136090893
287.169743586479
289.43552233388061
292.18579327068812
295.55971683791677
299.75704300510057
304.97271293360541
311.42063804201319
319.31666976846128
328.96470011023808
340.60147443082872
354.76572865321992
371.6017419379657
392.34473449059345
416.99927055288714
449.72531352190765
250.2929085393431
260.13211333424999
265.94270420176235
271.81713935675754
276.27613983894224
280.09103635608341
283.30754579673976
285.95834261488619
288.27406560958337
290.22718840285023
291.99290527473403
293.56966939230722
295.08599799739045
296.56791729961026
298.12612198325183
299.81495079721304
301.7507506253657
304.01653406443103
306.74795756875187
310.06193521340612
314.09904439806525
318.9601743295085
324.85639728309917
332.16259690111667
341.27535217199471
352.61326843664443
366.71086969697035
384.31046962223746
406.11099951499091
434.16813943213691
470.5264432714896
527.37647460712788
251.7619166491121
265.85163700531962
273.88835734747448
281.65025902953772
287.5915940860998
292.63612870125519
296.95114638556186
300.56081374645356
303.76941944940268
306.55288770286899
309.12611991318096
311.49924780745408
313.82966888209148
316.15529308340996
318.61063174689923
321.25943728544996
324.23942668504344
327.64348852992765
331.65836551790403
336.45637811981226
342.28115963781892
349.32620009549976
357.85033519701329
367.97146436460082
380.02738139302011
394.90273565491896
414.11618245432948
438.79574958391601
471.61836224225539
516.93004038270954
588.25331587915196
729.4118931494246
253.64760703754541
273.26131121753997
284.15860495850683
294.34658660442363
302.28880345627806
309.07506888017139
315.02993964180172
320.18175439298483
324.92917603161357
329.27441724795477
333.51557141970494
337.78026386359699
342.34249540166229
347.31583607735814
352.88486786879594
359.13873803924128
366.24001289728318
374.3473773655104
384.14869289232092
396.44636909058426
411.52560557287973
429.2400825141757
449.74517166441638
473.172147100742
500.21664010155416
530.94009682639501
566.16644922986882
608.60613320193477
671.04392414471397
772.32871925949905
973.25553349660822
1417.8349834842481
257.53353599409127
284.77701271623624
299.76097608210728
313.16002991984908
324.12507015667308
333.93899791769292
343.31606169181214
352.35388524621663
361.61064380418691
371.2038380994166
382.01225493462698
395.51159597029215
412.18935674219802
431.87037729150512
454.37213696278928
479.54849159804019
507.50544886822502
538.66109126319191
575.17708062657891
619.54434066856788
671.84018194676446
730.98500029981085
797.27218443198478
871.12617903380431
955.37854768264071
1051.783845026129
1165.5947754195117
1300.1257428161764
1466.1238992252011
1732.9397071118774
2364.7316680833183
3654.6073377908092
268.7248555466652
308.06210314804571
331.24489178517996
352.60251284320691
374.0681704740565
397.69704197630466
424.45008665952685
454.33207164110763
487.84199094499075
525.35036590129869
569.50415991272143
625.672579041056
693.53196703798096
771.51262787847656
858.76162334932849
954.19920138299324
1059.5561717426081
1177.0076497860994
1308.4316809096204
1454.8782718571551
1620.6371062763681
1808.6607465138343
2024.4097346666965
2269.4661078612921
2552.8188290602106
2876.1248533063076
3254.9058116204415
3697.7910166589986
4265.6733975267971
5165.0361441296091
6847.9683473064033
9209.3613479721153
324.92682629737044
395.96803376530607
450.79294815860544
507.51523675173263
581.32725999600939
675.22245143564373
787.93831475745696
917.21169144775979
1063.1318239332149
1228.0727386382955
1414.8042241322707
1621.3250136563361
1852.8830943804157
2116.9271610663336
2419.3677851150301
2761.531544634001
3150.0819732816235
3588.2419889706853
4080.7823927167574
4624.5337081823545
5222.5449454553936
5865.9327171857412
6554.9543698116386
7272.0451488160861
8027.5617934236334
8808.0102555790327
9654.0050734203414
10581.149254870896
11753.645871662644
13469.224206220802
15426.939874818545
17454.04600641628
611.45973495862768
822.07590733240045
1051.4818464341438
1326.8521045335897
1657.4471436959018
2048.1109089202678
2506.183527898716
3018.0897802245531
3589.4160078238488
4229.6964041304836
4947.8693027238805
5743.5243010526656
6620.1529579291036
7571.6566766616352
8582.5091309491454
9637.8218434998125
10723.619016167971
11816.956837420619
12908.387505361263
13973.537345126198
15012.170138524867
15999.558954280035
16937.589370089256
17807.078046852806
18652.724864305728
19461.222405904049
20321.338989443982
21249.965605820456
22498.28262977285
23621.286459941468
24672.047539389288
25740.364119667443
1938.2304506768228
2830.519660726819
3865.4276060229795
5157.0618710032386
6634.1839309134157
8225.6512940324847
9891.4963650658501
11596.278973257427
13327.383269738675
15067.365124949529
16789.47710029834
18476.82510685403
20102.129297005056
21634.15197475563
23049.210948956235
24345.11061093392
25532.737547990568
26603.880015616967
27570.234760263877
28415.128465287573
29155.943849541847
29774.26616038342
30308.471552294486
30776.292033744714
31236.727454948985
31653.338467591439
32170.294214074966
32690.783001518575
33085.449523932504
33336.453686098117
33625.07574904924
34076.853357150081
7134.6822541129713
11294.703727418915
15552.085360994453
19726.953723668739
23643.039954978623
27172.868836655132
30306.982458108581
33075.980954139421
35489.125359689511
37559.804867904328
39297.341033197001
40712.547250746728
41814.832536459333
42692.569584374047
43420.965704807561
44009.471643224606
44484.38778650407
44838.166319148746
45094.811150941838
45238.057203036602
45297.38772629499
45255.580007815224
45174.655306962879
45093.334333954968
45078.506213158958
45036.46358189392
44936.214336934376
44704.859397570202
44449.251588202074
44167.38689623274
43985.503526700748
43979.405913059723
24746.189233381727
39107.38133870747
50067.417698520112
57764.946177588405
63236.473143445663
67096.231745367055
69795.59572782398
71590.865922062818
72665.347211777145
73135.525201128665
73123.637087349736
72739.554022851473
72053.027477761672
71269.78556348561
70503.295817559687
69716.540717540702
68948.44310344207
68154.830594081941
67384.571297035174
66584.980235251496
65816.749819327597
65018.571081407594
64246.458124966201
63385.000451977408
62490.682949086047
61519.977235667699
60555.14124538163
59551.621893205018
58620.450952894869
57754.936362473403
57129.855728175426
56806.649299276345
79232.112251354411
118454.05626543562
135473.63839005725
142264.00831981041
144534.27663748874
144504.02839792485
143153.27462686665
140858.92298681219
137886.82137479997
134411.31315075728
130618.18624576651
126614.20676752455
122603.06403949567
118628.19488514785
114765.3822675658
111042.78963928523
107516.01046056257
104165.86839500727
101031.10443114274
98066.028685421377
95312.455380266911
92705.977580773746
90298.357426222254
88004.652936301864
85909.719636927417
83917.639851061394
82147.04650936673
80507.506650307434
79138.544322762769
77993.914761721739
77316.693542282665
76988.886384370926
78200.978962986672
106344.27640818525
124991.30750436825
137637.35511191442
146156.63697076932
151754.88289562348
155269.91191818644
157294.54852027915
158249.21870851825
158448.61904535355
158110.8015413408
157409.56648318982
156456.20101132005
155350.74772612689
154141.82069320837
152889.13594102277
151604.06011449135
150326.612380762
149044.54285184189
147791.00124959461
146537.4914173944
145317.58089419606
144073.80732258596
142849.12482428312
141582.71168174615
140321.82889822932
138985.33759446186
137611.80755825882
136084.97160850387
134405.2678078475
132394.59584299466
129979.4652770691
277.99147253533334
282.89090288952497
288.3573651507744
294.45841374818974
300.94829882773234
307.98344690823046
315.69630420519667
324.2458922991371
333.89403186115436
343.99651902191147
355.03299006386328
367.04346314964408
380.05758265569324
394.18185371471196
409.45163165091833
425.96262781598767
443.73570283135302
462.89390689120546
483.5024298997667
505.64950995250507
529.38491588416775
554.78295676187599
581.92489718474542
610.90203344645465
641.8149554918798
674.76820812455503
709.87582332320437
747.24967671189302
787.0144680822541
829.27041402391967
873.73443108355468
919.61579885700758
966.9055963284394
1015.5900073343513
1065.6805921528876
1117.1933145753942
1170.1677796801728
1224.6411543050897
1280.6710561207406
1337.8771511308908
1396.7757079942394
1457.4351101059622
1519.9448457177327
1584.3800137234696
1650.8448464342111
1719.4288281397328
1790.2445094934585
1862.7919251244002
1937.8289679609952
2015.468208303256
2095.8625982597609
2179.1454751199049
2265.4904090436867
2355.0502747049723
2447.2201494729488
2543.0203954768244
2642.6817104465508
2746.4021711369896
2854.4518697244275
2967.0553373992384
3083.4745917740706
3205.0861624167928
3332.2807677813485
3465.3562351119522
3604.7545118445883
3750.8420788852968
3904.105895681038
4063.6707147057609
4231.5434429286006
4408.145959797278
4594.0268652259865
4787.9575889987
4992.4203801546346
5207.7555982138883
5435.6023323060945
5678.1800098951389
5937.1155297661453
6210.5419840979384
6501.9084388129322
6809.9047360952245
7129.5490605290024
7460.6100215365368
7793.564549829759
8152.5802362973573
8518.4632031326346
8879.982946727052
9224.5766790494999
9556.3217531015962
9880.3586848225968
10179.233659007259
10438.225964532678
10680.213573362444
293.78527564097749
299.94234147738649
306.95033840200972
314.76138525084195
322.80860098568655
331.40394172808868
340.77122268241465
351.22005411314012
362.94564344065594
374.74479851800237
387.59508301359017
401.59771208595726
416.66105713383058
432.94712945828195
450.42579112249422
469.19308130380313
489.25170224610963
510.62149066001894
533.3230489353009
557.52645344299424
583.29096209045804
610.69457104861806
639.80033129767673
670.71690731001343
703.54020936236634
738.37099880584663
775.31666843065204
814.49115822009048
856.0151955429136
900.01730144409237
946.63255694595659
996.00520992298163
1048.2669990631575
1101.9341247628606
1157.2176550007716
1214.1554196043505
1272.7886689513496
1333.1642744713247
1395.3397518793556
1459.3820753680707
1525.3661062192984
1593.3721539719913
1662.9533180022363
1734.7585959596877
1808.8901302095562
1885.4621262726027
1964.5926271097921
2046.4071610961357
2131.0409151189992
2217.8973680960003
2307.9024849472239
2401.2201839336835
2498.0255970026906
2598.4994730207486
2702.8439058769682
2811.2682796026124
2923.0059773481139
3039.3647986485516
3160.5908206921831
3286.9828333760538
3418.822243114018
3556.4434871896992
3700.1698943419906
3849.0762525008131
4004.9773143977932
4168.3135567980462
4339.5869516731427
4519.255409707509
4707.8223475255782
4904.2130567905097
5110.828338116773
5328.1386781592691
5556.6310049829644
5795.1361920605059
6047.4545379706733
6314.8027938415889
6598.857653820909
6900.9206068851854
7220.9716426001505
7554.9400784906284
7905.02795921088
8267.2428864434569
8632.9354230366316
9023.2649741744044
9418.9035334012351
9809.5709072160735
10187.034255931327
10554.51224657057
10917.102230543138
11255.533300884405
11553.354265343896
11850.512007648746
298.41953149943583
305.05733937173369
312.74107732659695
321.33492058333326
329.90109178790317
338.98700690229299
348.92933027981292
360.20502093315787
372.92997287956166
385.1628724408119
398.59526157643211
413.31964234207538
429.12584572531119
446.20940539517591
464.45260578233149
483.97402055321805
504.72500890202565
526.68498846348587
549.89326433411702
574.5813568555111
600.79803383711419
628.61620461629207
658.12013959754972
689.39584565960251
722.53766820965382
757.6457668510642
794.8037910505426
834.14764066548219
875.79849491983816
919.88496681280719
966.54213353526086
1015.9159123682912
1068.1600328653792
1123.4390589863108
1181.9291902402451
1243.7898948083655
1308.3247288991724
1374.807761432462
1443.3017220916556
1513.8895955898274
1586.6491276420309
1661.663606785178
1739.0243559116657
1818.8355453662055
1900.5761377817551
1985.0351707989425
2072.3406923168573
2162.6429778830338
2256.0995579728119
2352.8768117851864
2453.1516960797621
2557.1156013325312
2664.1003164769354
2775.2491232552934
2890.7900313561449
3010.973582975013
3136.0655761496628
3266.3607870346405
3402.1407504674598
3542.5782133474272
3689.2904911574597
3842.6622498919096
4003.0856756098005
4171.0109785708937
4346.8919094338235
4531.2183346185257
4722.9926717378894
4924.5691558014296
5136.6123642850534
5359.6784583445624
5594.3453262640478
5839.4362841767079
6097.8629876320301
6370.5029565927098
6659.1177689210499
6965.0957417222116
7289.677451738773
7633.7699844419885
7995.1543157179431
8376.8571908967915
8776.5719868594388
9187.1636429881783
9607.6375031911193
10047.137275094341
10494.228829484471
10932.595898433434
11358.727500016859
11773.064436564107
12183.747209942614
12570.237288417995
12910.232398245922
13268.472796272454
302.65848328503597
309.76186628440706
318.16017897166165
327.58900182142497
336.70566761953262
346.28676812240633
356.81231725849784
368.93020183082865
382.67706475709912
395.36617692015062
409.38817551300082
424.85057545695588
441.41669470372068
459.32723126207844
478.42673376987119
498.79885192996289
520.32924530497348
542.97293307005975
566.7361037982804
591.94400918040117
618.63626974129193
646.88097932522669
676.76328302504066
708.36768612828973
741.78826823880104
777.12309882582281
814.47725167165765
853.96286715902863
895.69899140897257
939.78746942282044
986.38732399052128
1035.6439085969587
1087.708896578966
1142.7473871937193
1200.9326445933605
1262.4528702559089
1327.5061168760608
1396.3093636164981
1469.0669485578342
1546.0304750031639
1626.1672187905951
1708.7644925316051
1793.9410066213686
1881.8397952741907
1972.5988048805777
2066.3459145028778
2162.4671609791803
2261.9145117851585
2364.862620115679
2471.4910050118606
2581.9894374065084
2696.5897373690095
2815.5070165540201
2938.9983157933775
3066.2662422572084
3198.735745770517
3336.7223745840197
3480.5342731198748
3630.519714432085
3787.0576958719757
3950.5488915525229
4119.9344483679297
4297.3165285940349
4483.2186857389343
4678.1343593304191
4882.6469201236378
5097.3688359388761
5322.9709245469812
5558.1050230493056
5805.9309330116903
6067.1882972385374
6342.537360024744
6632.560219322555
6935.9151993081141
7258.1271942800067
7600.712027782145
7963.8227945510334
8348.7303743091761
8756.2203234220542
9185.5159179436214
9630.8741918582255
10094.144865300881
10567.096245337227
11067.593879114458
11569.91789392946
12054.142966303054
12528.560238040664
12984.624566826355
13448.776803533387
13887.553076179407
14270.515994857931
14712.573670064086
306.56742410819226
314.18502501704143
323.32702370112384
333.61682203058655
343.33733217007489
353.51733223181674
364.74394331253848
377.8176721839526
392.71937538959634
406.01301330817978
420.80361320953642
437.18290533313387
454.71137299110734
473.6574608077965
493.80922359821386
515.22946438130714
537.76034445269056
561.31950997956721
585.94839431207629
611.99730900807219
639.49351410822567
668.46071529755068
699.02676168863354
731.27667836338196
765.30469803330982
801.20891950042756
839.09461247886577
879.0733765480403
921.26224361907089
965.78836686506543
1012.7852532688606
1062.3678675050958
1114.7182664979118
1170.0037515956556
1228.3950706467067
1290.0825201017981
1355.2605836951416
1424.1470099190144
1496.9624310398654
1573.9595004358071
1655.3678716940617
1741.4949211460164
1832.6310598162938
1929.1062916739672
2030.4479221156591
2135.0162413273279
2243.0056836080525
2354.6475140707953
2470.1779384259867
2588.9256516103355
2712.060604254671
2839.8572039078845
2972.5238024344399
3110.3847901044378
3253.7211452759143
3402.8770299795724
3558.2050938584025
3718.807501884261
3886.5159878678096
4061.7789819578134
4245.0629086096033
4436.8909967604359
4637.7753547549801
4848.3626935423508
5067.3031547854453
5297.5344284491321
5539.6815090147784
5794.6934342689356
6063.2778272584237
6346.3977920783445
6644.7690488339877
6957.233563373683
7287.4822855638422
7636.3143835282281
8006.7988813031261
8400.6845226675632
8818.1024151180063
9259.7786255840711
9721.2233369381956
10209.402473097956
10721.807331300988
11254.314750626303
11793.20772375593
12365.518619001967
12932.419176132978
13478.465928545971
14011.115594960445
14524.290168158157
15048.202073343351
15550.397673609879
15987.394742181357
16535.520997759642
308.90669194968984
316.92217224251687
326.67526469093349
337.64020378980314
347.79319131003132
358.38946564141276
370.1512766567086
384.01764048485433
399.89623865541165
413.66064154871833
429.10415656830577
446.26257382733911
464.62790623809047
484.49245894991134
505.58410272129436
527.95359996662171
551.39335944789514
575.78368004112758
601.16821902727065
627.94895403723501
656.14098182270175
685.80447674415791
717.02519368998105
749.88598975487685
784.43434732754258
820.81675951780187
859.1374396407482
899.50688220561904
942.04201228302986
986.87009426586098
1034.1227704116654
1083.9461889211973
1136.4911127889447
1191.9250104632504
1250.3833513700549
1312.093361402372
1377.2464960559942
1446.0604499047527
1518.7491628126747
1595.5628633930546
1676.746547126791
1762.5865663858185
1853.3667103973521
1949.3978741236674
2051.0237733146196
2158.644316567043
2272.6438914424675
2393.4672962687841
2521.5731553177616
2655.2064318801249
2793.46825155741
2936.7384635087151
3084.2714367434387
3237.7308778523243
3397.4608730799473
3563.8446213787356
3737.2623334740451
3918.1932509445446
4107.083482170252
4304.5063302700119
4509.3477276271333
4724.1328111099874
4949.4488806382269
5186.1346882416128
5434.756918544068
5696.2998211676477
5971.4248925821212
6261.2784485290786
6564.2297401489022
6884.6059793220484
7223.2178324331226
7581.2793753294281
7959.5000339949038
8355.247569951056
8777.7068695050748
9228.9608993841157
9708.5032152899003
10215.848191651583
10751.405717813643
11315.936295675387
11906.862355277004
12515.012093819305
13139.704339711552
13807.544902546486
14452.362768054471
15078.269042433411
15683.224915806712
16269.899196928494
16874.044567771707
17458.727935641378
17962.973384639547
18664.834524595066
312.02570015032092
320.50499606669189
330.91556869915166
342.57345481778981
353.19200301456272
364.2327195632293
376.53748602561365
391.14884035160583
407.9160296271844
422.13945999361385
438.22377737863394
456.17827057318573
475.42000993201987
496.25707103535626
518.34106772825737
541.72744543784688
566.16127001367488
591.48382489763503
617.74155449384239
645.38582950657963
674.41890974981447
704.89655938226622
736.90335571208323
770.51899013801085
805.83675442698836
842.95085289212273
881.9091663429698
922.88114492137527
965.98624629782887
1011.3494635299287
1059.1064686462514
1109.4008932694067
1162.3908904427703
1218.2395986350684
1277.1203680186818
1339.2227705374401
1404.744516694145
1473.8570607182642
1546.8248831240987
1623.8896388158719
1705.3079179434867
1791.3553548188313
1882.3111335689889
1978.5174504718398
2080.2967965250355
2188.0325257136601
2302.0918909549064
2422.9452630913279
2551.0740607441653
2686.9977883525698
2831.2673840070215
2984.5540979365096
3147.4617555704444
3320.7993066912541
3502.5632031022701
3690.1512746877092
3885.7009630057569
4089.9551986777019
4303.5363458443353
4527.3110365309485
4761.9613859181463
5008.3042505273761
5267.0142170822537
5539.0433059676379
5823.1206258599686
6122.8537016156097
6439.1045715404907
6773.2369212896629
7126.1158438312832
7499.4039222981637
7893.7773571075249
8307.8616114526285
8746.8509701280655
9212.0737199175292
9707.5067420576815
10237.181656885492
10800.178087305183
11396.311280239453
12024.648800353863
12684.422338663106
13371.334960507924
14088.227909182844
14823.829728801271
15603.069538243255
16353.572750940324
17072.986696792825
17755.144191175612
18428.914384609463
19127.95343258209
19815.707101336298
20404.181474873738
21374.55857409356
315.65319944481649
324.6349646646733
335.72910428176226
348.04160789854808
359.08225734748407
370.5171398233179
383.31149605606362
398.5770734011457
416.07296397287286
430.6354583192371
447.21889237338434
465.75850233002427
485.65347799453116
507.22431609318534
530.14221510381469
554.41807904221366
579.76062896605197
605.9755254115297
633.06730209369084
661.57071283543314
691.47578821786885
722.83163061756909
755.71868817247832
790.211096925265
826.39874163704724
864.37139755909038
904.23203472447801
946.08816266846554
990.0621193406414
1036.2138162891367
1084.7618177635998
1135.853982872392
1189.6584354823062
1246.342953697032
1306.1006084519101
1369.1256768717271
1435.6426296921991
1505.8737066705569
1580.0740311756811
1658.4978786448414
1741.3890085043417
1829.0987851404154
1921.9543965562136
2020.3062394952274
2124.5210086479237
2234.993556141309
2352.1449109463638
2476.4283414726324
2608.3109568108184
2748.3218749827101
2896.9091998258523
3054.7562558433683
3222.4666930728577
3400.7850261349395
3590.4392260541922
3792.3835577498462
4007.4588530220076
4236.9195921199062
4481.7662057492425
4743.5791293470693
5023.2002522636685
5316.6481342511115
5624.9979505642086
5949.657204450742
6291.9134142880712
6653.314967026171
7035.2578139817579
7439.5635945628464
7864.5712508627958
8316.5016605993642
8796.8661892848631
9308.0996478185098
9850.665700697944
10426.186208980549
11032.26719806282
11682.394958053041
12374.300081106427
13107.19448504166
13877.734935825798
14688.517835381886
15538.825257342452
16424.709813678335
17334.619123109485
18252.132966421847
19138.113069404688
19976.772738001884
20776.278123458134
21555.753307259027
22364.390361980441
23188.520679148307
23892.225831337182
25353.844259503247
321.22781299806201
330.87345996748155
342.83247832693218
355.94483521099238
367.528336498182
379.46197279410063
392.83216358820567
408.790728629905
426.98796015761059
441.92403161242595
459.01437401610536
478.08692374082386
498.55300684013184
520.73119423688763
544.30379628946378
569.26873255958401
595.32437049542409
622.25757724729283
650.13601898238494
679.49698872579381
710.32105384268323
742.60156856774711
776.46631954830468
811.98803319139142
849.25251669037652
888.34741054024289
929.37799641645393
972.45994958264896
1017.729453906974
1065.3363858431821
1115.4544584463447
1168.2690170664755
1223.9960828324347
1282.7971089453813
1345.0293366621654
1410.9890878784975
1481.0122431774778
1555.4231545624189
1634.5422973838711
1718.7476298505974
1808.4792008818627
1904.1822394140577
2006.3107170592364
2115.3182950247219
2231.5897848201225
2355.6072465727721
2487.7762428707965
2628.5095162309535
2778.149959424612
2936.7548423569069
3104.5194222714567
3282.1453532926712
3470.0947650395497
3669.0255698642873
3879.3616558638096
4101.9005817604711
4337.2046175719724
4586.394048288902
4850.1120803770755
5129.8930254657944
5426.805455508932
5742.7543336849649
6079.2718366867912
6438.9696098635295
6824.0472281962047
7237.7488922792227
7683.2594596989711
8164.9586213324874
8687.128129651388
9255.0103230444911
9874.0999628614172
10552.292955100022
11275.303114694818
12047.179049953773
12872.91510202638
13756.446161850574
14694.2143298226
15685.475243303448
16726.398214205401
17817.732447340662
18955.77690429255
20129.435419113433
21352.03427328929
22515.883894603357
23614.866355529557
24636.611229803642
25621.20567108965
26557.880731629713
27523.549299204678
28566.992301731385
29461.03277752161
31650.724671936587
328.97262851206045
339.46089401218148
352.49767834889758
366.56787094998759
378.8041209773998
391.32920151850749
405.36245710754832
422.08539001638553
441.0058614216573
456.34969127280931
473.96551623850354
493.54026584056641
514.52294042491633
537.20490080922355
561.29567852575008
586.77439964108498
613.34948468183734
640.80761445501628
669.25302229183956
699.27444325146132
730.86625624299802
764.09756596668581
799.06011868561586
835.84371738787218
874.55621256022459
915.25015361137969
958.14729435125673
1003.4396268111914
1051.3706357424792
1102.2367238263189
1156.3527645518229
1214.0426003104969
1275.7942815221295
1342.2150691456807
1413.987073940961
1491.8322168651725
1576.5011084340636
1668.0882940829827
1766.190016122441
1872.7828418641445
1988.9524907733442
2115.3121098150173
2252.213343065695
2399.8267218700221
2558.1884559960722
2727.2007302729894
2906.6966498196757
3096.4409628274157
3296.1179534707762
3505.4692191060935
3724.1742171277579
3952.0877721521547
4189.0032411379143
4434.9906959517075
4690.0511544616265
4954.516721061209
5228.6941723971577
5513.3845735693803
5809.158506816314
6117.3091224334685
6438.8799626672708
6775.7095556639797
7129.3242514132644
7502.3063927439525
7896.8909791474025
8316.4130480583226
8764.0727569490937
9244.219317237601
9761.4374265473671
10321.373564544123
10930.495726064848
11596.863562331975
12328.765467734347
13137.450800088109
14042.049782767737
15067.327510666524
16225.001989236816
17524.802823527723
18975.434837828478
20582.694775061413
22237.03610997623
23953.445008246825
25714.29122940329
27501.187751221227
29141.624479489383
30584.360231218539
31975.285192556636
33269.323122119727
34611.198804446722
36099.21379159794
37354.239113232921
40403.799633607916
339.70655297214955
351.31564376199202
365.77791830104513
381.09409691105685
394.18548243262387
407.47083128381706
422.31420986307995
439.93114370931966
459.67158602806478
475.52584749440382
493.7674723084898
513.90950921320359
535.47102132588577
558.68719232891522
583.30766750391865
609.2784217099354
636.32727003071523
664.25317073935423
693.21690334500954
723.88161010584849
756.30261032115561
790.64329732080387
827.10975107872503
865.95329681518581
907.4991006136338
952.06549311956019
1000.1052113986032
1052.2976094685782
1109.5325385379292
1172.7951382708643
1242.0840073692077
1317.3067822164137
1402.3707425397595
1499.4521431440367
1609.980914039525
1734.9677312212252
1875.1251048469128
2030.756825266405
2201.824686428356
2387.8989769388681
2588.276001971406
2801.8488945889035
3027.3874832570209
3263.4253226395108
3508.5888881631977
3761.3442985386387
4020.4764249381783
4284.6768252985657
4553.0205159613897
4824.5363311573765
5098.8067622720619
5375.2804740725987
5654.0573293760726
5935.0026493275409
6218.6938375450245
6505.4293949579487
6796.3028147010473
7092.0278058877902
7394.1061681290139
7703.7675049235495
8023.0139667312078
8353.5847991522223
8697.9632390062325
9058.5918727234457
9438.6229552359382
9841.212702064342
10270.503337046888
10730.790282550508
11227.595606082708
11766.457709480585
12354.781649706139
13000.181456589966
13712.536576384859
14503.342992341215
15393.295553531947
16402.385120359802
17549.316943294969
18847.407848015722
20312.326292364036
21950.144619840517
23758.855380829536
25714.031998001679
27746.4578417183
30461.960614740514
33311.356512695776
35749.652536981266
37981.017315524623
40042.736355149405
42276.130713211765
44610.475277774371
46507.203022283516
50442.99029226425
353.91481994148495
366.99060305910399
383.33189586850222
400.24555040079065
414.41571701999874
428.63759609729635
444.43841073115482
463.08883926256254
483.76951075300718
500.22901962376983
519.20146000550176
539.98897385238274
562.22908161491284
586.07423147950556
611.34143432928624
637.94939325670703
665.68426087056457
694.42700534801827
724.50303409245657
756.81361573949721
791.73301578118731
829.89216342410498
872.08410951071392
919.45618070678256
973.62004428345233
1032.8333027502852
1101.371673434159
1183.502151528327
1282.2053061964148
1399.9602212479344
1538.7931999895447
1700.0801657176173
1884.637368907245
2092.3079732693004
2322.0852158437669
2572.0872790061917
2839.8869302093826
3122.5120078316618
3416.8624992302834
3719.6573779436803
4027.9453201202755
4338.6930952717357
4649.5604911577439
4958.3645672715948
5263.6439283183272
5564.042292578155
5859.0111354600476
6147.8705676202353
6430.7705031595224
6707.6499950552252
6979.2584956061946
7245.9231314507579
7508.933129259477
7768.9030233746826
8027.5481209587333
8285.6717995501931
8545.2919777816714
8807.5361784213474
9074.8106313701446
9348.6446889682884
9632.0071673125312
9926.7560262530969
10236.194244847886
10562.78813248286
10910.690619194416
11283.390946811045
11686.415924869225
12124.943898224314
12606.724162521516
13132.642172125332
13708.832808787618
14342.040064804562
15041.117551846843
15816.832531582042
16696.321928799676
17697.585343249822
18839.498898847392
20135.927863420246
21602.28246232586
23245.104483321749
25065.434700855469
27040.321980465425
29098.844993298026
32096.673774243365
35439.68801992479
38730.382795907273
41906.193457758556
45078.723361877128
48815.55516032748
52500.04389355571
55401.092269077468
60130.774257927122
372.69845492019846
387.7250805139941
406.6112231043013
425.61728220339586
441.14341599819289
456.49766322266015
473.39226680546363
493.21284544282491
514.97373761860422
532.1516633637807
552.00450093744848
573.57617803511516
596.71684039577156
621.50874156575082
647.95505470104411
676.12239544225622
706.26558766821393
738.89361060126146
775.1695326330937
817.38568752662991
866.49896490829951
924.88098204923153
998.09108290261702
1090.9282188784427
1207.8990967947259
1352.9070530061961
1529.4181308763048
1739.5411570570136
1983.4989618634099
2259.7943851416198
2565.3554121627421
2895.8051165217926
3245.9573801446109
3609.9467797260982
3982.081317607252
4357.0355350451191
4730.1461109732818
5097.476102259262
5455.9443352913604
5803.1831485085158
6137.5694123971189
6458.1233753679826
6764.6200905465121
7057.1208310605925
7336.1839839325385
7602.5769551788926
7857.3476450841272
8101.4587700250986
8336.2829723665072
8562.8597680602143
8782.6512332480434
8997.1418125007021
9208.4573485302499
9417.8818454615921
9627.1569196451146
9837.7829458001725
10052.019432072359
10271.805237154776
10500.069805411953
10739.676338361945
10991.450158578313
11256.618480892574
11538.223797972898
11838.809562483653
12162.048648509588
12511.167568815388
12890.712880363442
13304.871241576508
13758.80259248991
14258.745194388041
14811.979698239136
15426.040071603828
16110.116035562445
16875.130039072483
17749.718632448774
18754.888985345027
19907.19186220799
21221.846187588202
22712.158348983205
24386.587456171957
26241.741272014933
28254.503756705661
30366.199997201737
33536.277457146345
37074.511524151378
40627.687812666903
44100.277464610626
47670.649386105484
52211.245003932701
57416.1662461538
61810.901464033414
67533.277365845497
397.83277722102349
415.44532723961925
437.83962521556691
459.5814449238726
476.76393020195633
493.42445150412846
511.4896917533697
532.58968059788481
555.62696541298237
573.7679564872841
594.95482417758308
617.98517186217737
643.49344167462152
671.93600870276782
704.31293335841133
742.42061984104328
788.15417610127815
846.00777130661209
922.25840743543222
1024.1794786641394
1158.5650755316847
1331.5526833844651
1548.6077854494413
1812.7159951222911
2123.8333522541379
2478.7494447883623
2871.2121137263107
3292.2982258384909
3731.9009348014442
4181.3401253338534
4632.4451035502416
5078.1129893947109
5512.3567023009909
5930.6802469907298
6330.1750904101054
6709.0051313097956
7066.274322956031
7401.8044533818356
7715.9570749796139
8009.2932238075455
8283.2194591035168
8539.195323025895
8778.7056505601668
9003.2560564042324
9214.7390066394437
9415.5248508997283
9606.9819134734807
9790.5690369291715
9967.6997737103648
10139.965880642974
10309.304227516499
10477.587471657685
10645.300943380718
10813.481110752366
10983.547902506547
11157.021865656141
11335.581051472795
11520.948934073409
11715.01258026731
11919.793050647757
12137.261975388905
12369.645772452955
12619.690071172246
12889.835989325309
13184.060181048377
13505.995918636298
13859.905208850489
14250.440721760117
14683.042057248755
15163.835697136792
15699.984526362323
16299.665815622975
16972.052122792997
17728.955559916863
18600.72129684806
19611.299943226542
20778.961868315819
22119.910672841994
23645.542344476933
25364.474986240984
27270.973622544418
29348.384300953221
31542.109893970937
34905.61884227227
38636.246565484413
42381.64171394454
46037.38143058143
49803.145502475832
54655.990081251264
60237.816566635229
65658.825273718467
72350.029193800176
433.1459291408313
454.36819236322032
482.05307615168954
507.74858621251536
527.14199884030154
545.48440615389791
565.12064620877334
588.43010107657312
614.57914652535135
636.48512074708026
663.75982821377647
696.00091426113488
737.08280595387873
791.64785758030121
867.84948047504281
974.93884486604315
1122.9776675715218
1320.4827904400786
1575.6088310705354
1894.7115276168265
2276.9999886934647
2714.0845534185232
3196.7463843660216
3712.9785779011445
4249.1589942887531
4791.6488820801796
5327.8640487549619
5847.5644489412052
6344.8294482479405
6816.0275125546459
7258.1265130289512
7669.6408606551213
8050.2453461357964
8400.9781508722353
8723.4638060601883
9019.4776989141556
9290.8233023483081
9539.3031763598101
9766.9688390407482
9977.9337768077039
10174.206030657087
10357.400457381151
10529.18244736313
10691.432478688299
10845.987542536192
10993.823896878048
11135.588386391986
11272.524988718073
11405.749004687674
11536.584084388411
11666.199566434372
11795.508050508404
11925.107946369732
12056.395167714296
12190.681811449711
12329.445686174637
12474.1612130008
12626.201854449131
12787.676548307843
12960.627251834099
13147.111014173352
13349.526285822383
13570.399847313258
13812.678535498706
14079.592418200524
14374.925331030645
14702.775836400917
15068.044875631547
15476.107572858677
15933.420194108412
16447.226311974169
17026.200326074973
17679.705982871641
18420.998025398483
19284.786459609048
20300.129878807133
21481.354359552708
22847.652988492777
24411.029290177099
26181.895514508538
28152.946785908491
30305.740495495855
32592.394100764817
36175.485859585388
40133.968580092624
44098.945523846931
47949.245539443153
51893.766943757699
56960.094321426062
62768.423633988648
68571.973240136736
75754.273961938714
489.08129819436755
516.38786114848676
554.77426504512187
590.1345286350894
615.93235140138597
640.42187983421343
667.69120822208686
702.72699146796378
748.72753553618747
799.65434309707916
873.2171623656393
974.55801799572237
1121.2608601754889
1327.3596121677674
1613.583493611392
1986.8930280618119
2442.3366757134422
2967.6912397521078
3548.4569103846738
4172.1664544991827
4815.1099457140672
5458.7822541314463
6090.4504360629635
6697.3652633234024
7270.175870231069
7803.1898604197995
8293.7962702530003
8742.1622851774537
9150.5455690703238
9520.7877893203458
9855.1907576103076
10156.259014941777
10426.701723689863
10670.667829103744
10892.352224843518
11093.960754221174
11277.607479347122
11445.639633754259
11601.39490719188
11747.220605667177
11883.201505033814
12010.638372881467
12130.765571997657
12244.49700378277
12352.703955136432
12455.760501024628
12554.724693708235
12650.660616925068
12744.436173809605
12836.96207050522
12928.501452666942
13020.638035095722
13114.477571857495
13211.314228315519
13312.093478270343
13418.194198807476
13530.861550169708
13651.708869616476
13782.308386157587
13924.646498621156
14080.554906047697
14252.465418006701
14442.694861145912
14654.308957267509
14890.269770275956
15154.5073047859
15450.969466015124
15784.755712521517
16160.680784875902
16586.335457869609
17069.033274247915
17617.978980712945
18243.243586789238
18959.102746830085
19800.442455748122
20799.480647290758
21973.571641758099
23345.147931743115
24929.124438801904
26739.660386356925
28769.922978548788
30997.031491826849
33376.272756377912
37211.465591323707
41454.007645035308
45699.179235400501
49809.416586585437
53972.83602973244
59244.559415957709
65259.735893998986
71407.690022623923
79068.712259609252
608.75189436553626
654.96284610916825
731.7560681006521
821.88216109667189
892.39927571946532
961.81438739435509
1042.2242431337563
1149.1287742499435
1306.7910282643938
1502.0039540659684
1785.6673712045049
2160.9713802226715
2651.1030580638321
3250.7496381618193
3946.5646923476997
4700.5303829719533
5476.2581396988626
6243.1720871792277
6980.4944037173091
7681.4011069819608
8333.82989774013
8934.7253331980464
9480.5835265059977
9971.6504157307299
10410.644938090776
10801.107684997833
11146.881902720934
11452.162461110007
11723.565307379085
11966.449700463854
12183.84238393964
12378.620852578973
12554.478885984161
12715.257279361647
12862.551409347741
12996.921016306893
13119.833922172043
13232.800491590946
13336.969272028344
13431.775545783392
13518.359827410155
13597.825322837673
13670.841299327798
13738.582726851588
13802.309695096223
13862.866211566779
13920.900501664801
13977.217528134039
14032.405799804706
14087.29601604295
14142.694902477195
14200.018511111721
14259.956641283527
14323.589467375747
14391.148432790578
14464.178111617426
14543.878088742105
14631.763815607703
14729.116855882294
14837.98567460085
14960.083439520487
15097.890520223062
15253.574351407293
15430.121807054358
15630.688206890616
15859.281493028771
16119.686378524042
16417.113876568787
16756.702160889967
17145.412419346405
17590.467969211211
18101.268307344115
18687.891450925268
19365.023846853674
20167.806083631534
21129.664315534606
22271.517007153907
23619.278820636158
25191.689613702278
27008.792533850923
29067.128099849429
31343.347392139276
33811.445676274438
37951.022755711456
42528.026449996738
47125.677686899275
51565.577586747597
55998.493680921936
61481.407275313322
67698.083588829875
74216.851717497324
82276.518592669367
980.6614723978322
1110.5376145701618
1356.8965187414808
1695.4844552272882
1947.632126375237
2182.2821259250354
2439.1941035189502
2778.9755855074982
3296.4310903308319
3864.5958393869755
4572.9213828075699
5369.5292474706739
6236.881797658918
7127.9744930638499
8000.5196360671835
8822.1273073837874
9575.306091699118
10248.235501741616
10844.840835027748
11376.215228309873
11845.386733877876
12256.534719436006
12614.845368149818
12928.781933416602
13206.155870331488
13450.917494659936
13666.890613370198
13859.201215808571
14033.317004769811
14190.684552532834
14332.128222271644
14459.545215858974
14574.528036183348
14677.59365748382
14768.735142299871
14849.2484754874
14920.231510919739
14982.694419325764
15037.484099260442
15085.350185421616
15126.959237952975
15163.016209926422
15194.003015738213
15220.820789232721
15244.048076803138
15264.402984754732
15282.47978091444
15299.131441329402
15314.794269988164
15330.557598723619
15347.442694071246
15366.400721900247
15388.013151699288
15413.270390680393
15443.144566868055
15479.292180765477
15522.345961931851
15573.66066060616
15634.367107883967
15706.678291358439
15791.992989346218
15892.837949832367
16011.328396281408
16150.637348947452
16313.530841858032
16504.08565724433
16726.012069682685
16984.58106670871
17284.848082994395
17633.756956457237
18038.398881244444
18508.127079013357
19052.880623275472
19687.39192290348
20446.01289401919
21362.151122941006
22458.382594273324
23763.617757489603
25299.002732679768
27089.750275682774
29134.915462127676
31420.865848758312
33950.861522767846
38348.876966067415
43297.88506592084
48321.687370673688
53154.142526931864
57904.749507086031
63593.00283283805
69988.096027605527
76937.418252603835
85399.742438088302
2186.6631742056097
2567.8403446059851
3288.2944068240854
4221.8517434163205
4890.8969804222916
5423.9202819164957
5960.8289691984764
6633.3158479454742
7597.5552648446119
8408.6383079340376
9268.3410756471985
10114.19223411754
10925.295409804801
11673.577198673609
12348.369876701991
12944.088135859787
13461.322165449048
13905.117001533617
14288.061709496011
14624.688529310259
14918.765430523359
15174.476298845106
15398.32226028016
15598.084548574405
15776.389853119059
15934.022757940376
16073.528232144574
16197.450714482255
16305.889425047864
16399.111117543314
16478.784443951816
16546.29429730132
16602.664132795722
16649.159482297768
16686.555099095458
16715.568439569233
16736.850587967492
16751.145956974244
16758.748670274115
16760.34709176367
16756.507430156962
16747.856020182062
16734.887389956635
16718.225669011124
16698.354167666821
16675.942885130138
16651.529459268197
16625.40028788328
16598.729547879226
16572.416642508346
16546.982354095435
16523.463619625043
16502.491018137647
16485.389439876166
16473.489713180563
16468.236594883732
16470.073685097639
16481.144924794487
16502.558337929993
16536.481177961854
16583.365990727674
16646.271069762672
16726.981027214679
16828.714376263462
16954.243652389785
17107.638090055869
17292.553855331669
17514.199546984277
17777.554088047375
18089.449046002985
18456.886587262197
18889.010956282909
19395.650271607112
19991.322082516224
20709.039245362928
21581.406101663677
22631.862405623266
23890.794041039095
25380.747141306299
27130.924051065937
29143.045381977448
31412.13236083839
33956.315973716795
38511.08913320431
43768.312279632926
49214.682423685277
54474.38589510278
59576.711720681516
65445.999240231962
71983.539716421772
79376.623140154072
88375.846370590778
5438.996753404982
6262.5610146309782
7543.9727149471537
8976.5893911376061
9901.0267136122857
10597.192509346296
11191.881216971904
11889.694397033967
12735.806012019861
13392.790469102898
14044.40364962083
14657.424030251781
15221.618624084804
15724.94272278087
16175.096167139471
16568.598633800622
16907.436115584562
17198.115102569325
17452.883963357879
17676.239277636265
17868.918594293253
18035.05007921769
18178.741925223778
18301.23877550862
18403.019925770768
18486.266240051147
18553.256821815368
18605.876861420267
18645.589741462154
18673.528447313951
18690.653137595717
18697.813746045791
18695.744931952489
18685.133160444533
18666.584651464891
18640.686803230026
18608.003391117585
18568.452203805155
18523.325195507856
18473.221310917812
18418.515214100637
18359.732339503109
18297.275526603309
18231.733379168483
18163.537135028739
18093.357042617834
18021.666887994237
17949.098110737079
17876.398088158581
17804.502389163597
17733.921430914146
17665.824440827117
17600.793334102837
17540.260315802738
17484.891094877672
17436.512362872738
17395.885207207859
17365.911464387129
17347.408249618682
17342.796988597525
17353.101923577065
17381.793325378036
17428.925575769063
17498.313613199341
17592.325974574545
17714.906024821212
17869.770328096743
18061.936677438531
18296.385301020087
18579.710716150734
18918.945065543747
19322.90268032176
19801.442076407446
20368.733177391252
21056.044900407207
21894.646669981383
22908.352819347972
24129.080949760068
25580.904050881356
27295.577859065059
29275.344592479862
31521.737743255195
34070.209493037684
38706.265664223996
44164.566886818175
49928.058705563577
55554.860949801368
60976.279887135774
66948.607303378318
73565.209839177405
81410.195479403643
90818.499982020367
11575.174502347894
12460.151438349076
13602.32700710994
14778.816386612505
15474.845558672168
15947.83411751438
16358.383229512641
16827.447828998414
17401.441512012098
17889.666189184994
18368.23336579667
18816.730500410125
19224.336946127583
19589.760811903798
19914.721133348281
20191.25220579718
20422.651584971576
20615.608774163731
20773.938320771307
20898.278454641808
20994.539800601706
21066.722851093265
21118.072555028077
21151.324517328427
21167.633155913514
21169.633958907471
21158.903256503818
21136.56338677484
21103.568974310463
21060.748599527855
21008.820617016263
20948.435464340484
20880.170534270463
20804.583801862893
20722.174666166822
20633.471335013703
20538.929097924483
20438.86072754013
20334.062192546196
20225.089206310069
20112.364893072663
19996.500506967139
19877.949625149649
19757.381013855553
19635.286675505358
19512.419747587806
19389.316339833531
19266.842813138399
19145.566797139971
19026.54875643488
18910.344034045946
18798.238936031252
18690.846297228032
18589.680532608301
18495.458781307989
18409.976842256514
18334.114577702017
18270.03555875042
18218.876351491621
18183.465640502262
18165.846564503259
18168.854998369894
18193.492923719499
18244.136488797431
18320.857342232299
18427.800938690263
18568.552287192946
18747.803060908362
18970.669977616468
19243.434130781246
19573.349042473121
19968.828139159137
20439.956709611986
21000.569113959747
21679.652844550765
22506.800009416664
23506.213540744589
24711.63903569285
26150.171860775441
27855.78547976289
29830.179644133932
32081.267994221285
34660.610598445186
39365.202752606354
44941.675363119641
50880.441145998346
56724.087882639222
62314.116053676567
68366.05200141971
74982.849681467633
83191.75131376629
92879.819740774939
19096.359863922542
19391.004224147251
19849.513402078159
20439.926158661761
20795.396068948041
21029.5216183046
21258.071235892312
21572.617119020946
22010.154889744659
22418.951578266249
22810.11304503847
23169.686288693185
23487.614090911986
23756.158278968644
23964.858208536578
24117.402182955415
24220.665777063001
24285.832791115885
24322.767284970996
24334.486067631438
24324.230923396401
24294.666645825837
24247.981863559493
24186.123426817456
24110.369135238183
24022.674466418037
23924.193432545231
23815.928507845514
23698.746633726958
23573.424104376463
23440.650730733596
23301.076842560287
23155.286640219514
23003.87221547385
22847.358301120974
22686.34683064913
22521.281044766492
22352.797148615024
22181.398641863547
22007.766353489795
21832.396803135634
21656.001231990289
21479.118684318044
21302.497102313842
21126.723815674177
20952.618624960218
20780.812220126187
20612.240446260254
20447.552344791264
20287.825483122593
20133.786814111092
19986.778122886444
19847.468337857827
19717.40536949454
19597.454960985644
19489.36797557311
19394.231932428644
19314.096324565424
19250.335089434218
19205.384524970228
19181.156717740083
19180.546901373396
19207.437185509258
19265.057653059215
19354.548912650927
19479.483333158802
19640.858732703993
19843.058753267414
20091.692401648532
20392.807249962862
20754.304285484694
21184.331023354789
21693.561446306478
22295.882733999075
23016.916026040904
23884.716343655644
24922.937263110689
26169.862293207196
27657.616716316094
29423.197365619541
31466.045991159597
33800.208779541972
36492.924964274578
41328.293689275597
46975.449132614624
52941.457637345338
58793.257900527926
64300.988150022335
70169.211177599835
76576.705561512877
84853.662892824141
95468.412642491079
26463.631889753386
26073.782499990688
25926.082809875381
26067.483297254941
26198.681128524604
26299.94572270256
26447.816339683468
26712.058600647757
27078.579673130986
27421.479598730602
27724.190923960061
27972.014102955312
28156.683046746046
28272.462335265085
28323.605001033615
28319.947550123758
28275.876946244858
28205.897483680626
28118.430481314619
28009.674182366838
27882.33137251782
27738.83638034961
27581.196035299708
27411.235436856059
27230.484561081448
27040.31741539605
26841.921433133743
26636.339606121517
26424.485360594772
26207.190628372053
25985.196942567978
25759.221697141576
25529.903018738205
25297.911533789618
25063.836096236588
24828.140388007894
24591.749269203716
24355.346444768318
24119.419952312561
23884.716062507632
23651.786106936252
23421.418342020039
23194.268843134851
22971.155893471852
22752.823322592092
22540.162520058242
22333.978518328033
22135.296350887216
21944.925371107944
21764.125557508549
21593.684424461015
21435.169132130504
21289.376741554417
21158.098211433378
21042.372611584306
20944.208150962124
20864.877050496514
20806.742904792256
20771.367118613889
20761.57145023355
20779.468216989437
20828.463505897344
20911.716413172075
21033.490669986659
21200.186447614222
21414.238117380592
21670.841388294677
21973.931985210282
22331.05207377236
22748.355054749663
23236.048126892216
23802.848606483105
24461.807955877026
25228.287844086146
26122.774994952346
27172.929697453164
28396.802592481883
29847.307965001302
31563.727964531172
33590.272578940654
35916.688216718205
38565.46230725255
41619.046616790409
46836.150190415479
52563.815976295984
58333.218588807489
63866.173848600833
68899.9951674568
74126.0257908247
79993.776584296123
87512.753814846452
101599.01487833294
34188.125495948319
33234.999994106009
32619.236689832022
32370.873933310424
32283.519412211965
32245.719234032782
32292.884879915568
32458.85718843028
32682.678836412753
32909.864543945368
33072.547674377776
33155.542122585677
33159.77378737722
33091.590642904557
32965.188743787752
32794.607029478473
32596.430451861444
32384.698230592116
32164.220871169178
31927.619521278964
31677.118318941179
31414.933284658498
31142.866299191119
30862.582545485293
30575.510759264591
30282.926150419862
29985.950339546423
29685.595957262598
29382.772600372107
29078.345857598226
28773.103665527946
28467.853308072485
28163.322083940537
27860.319190316291
27559.549844050056
27261.82606398909
26967.94255818383
26678.851395035093
26395.267247665619
26118.220482456934
25848.516761661693
25587.197576090948
25335.231768542133
25093.668046084578
24863.613190470485
24646.197157132505
24442.614703740866
24254.188967358081
24082.094170032353
23928.058703061353
23793.121568551815
23679.529579770933
23588.273778498587
23521.910105081737
23481.674747396002
23470.272105422155
23489.220079740626
23541.711781483431
23629.681518895446
23757.009894088471
23926.78990414384
24144.043337780964
24413.610429512224
24740.848609152745
25131.355555626982
25587.514699383373
26105.440078981439
26691.137804018115
27358.253534455464
28113.217574672977
28976.622333444015
29968.335834526071
31116.035224765012
32441.092184435402
33958.345525111967
35700.409200595757
37659.358722079072
39932.972213002577
42550.065093600169
45579.620583220101
48962.066349726243
52751.073704915187
56965.793826773726
63403.78631971751
69478.504109793532
74695.929125711802
79296.642713501977
83245.344216526399
87494.179819113007
92670.650677994287
97745.857048203339
124917.69747300848
43441.300845581885
41761.628083301541
40605.134490012788
39873.624269868029
39439.094880726101
39134.949738284493
38987.806213589778
38997.742767022413
39021.599986551853
39081.296929863034
39051.207193133458
38928.635372879151
38731.117146097102
38471.14165619605
38167.904320440808
37835.404379897693
37488.539230645147
37142.400205646802
36799.873644059684
36448.414979292327
36089.280394537636
35724.164174838013
35354.454118870723
34981.537807573208
34606.678936962053
34231.08345530714
33855.888876280733
33482.20389180987
33111.088300812546
32743.636663552639
32380.893171759177
32024.007097674985
31674.047525959355
31332.262947789946
30999.760934343511
30677.935449933171
30367.938573710373
30071.34907691133
29789.386370803848
29523.758365724683
29275.856079268211
29047.388399234107
28840.036535750041
28655.493648283827
28495.692186669003
28362.439835000489
28257.803707064402
28183.934534919474
28142.824219364018
28137.389184321502
28169.306391752893
28242.343484512803
28358.095203326953
28519.901081731652
28728.681664701646
28988.26048800323
29300.526281010189
29669.960874476888
30099.736203212222
30595.97330332339
31168.128825744185
31826.159558851934
32585.549383944734
33445.156542454592
34417.545859065751
35500.121165148143
36720.07155505375
38091.45349763758
39638.98446274591
41370.05247960586
43328.493807147228
45563.292289188197
48137.340252650334
51104.254862628062
54497.111386030709
58407.652666521186
62759.651510360316
67785.138560986321
73410.562763363327
79788.870288466424
86672.345937707767
94236.612083392232
102255.36055321684
113610.52119131781
121823.38262019421
126575.8821684648
129821.45971681848
133051.57584375271
138570.01380344966
144996.74434872231
145059.70130467691
214192.18488078224
55700.668389589991
53237.313582156443
51306.2525943125
49884.40758517549
48945.195834753758
48196.420108361337
47621.16470091627
47163.789855417963
46747.214749409533
46610.606241941736
46424.241979739905
46172.842893706416
45868.752892004813
45514.965053037369
45123.308462625282
44707.528216652885
44284.129227181678
43872.140671461173
43474.080629221178
43070.753290478344
42662.94138300496
42252.788787526471
41842.245421414606
41433.428048447618
41028.413789443781
40629.29489130876
40238.112594828286
39856.939210649536
39487.767036010344
39132.70860579524
38793.754423313898
38473.137767842949
38172.885955253791
37895.412224437867
37642.789171234355
37417.671682294545
37222.165854768857
37059.228770845737
36931.01953070474
36840.722436372133
36790.731325129367
36784.230192041432
36824.059485095007
36913.361901852884
37055.300686251401
37253.291976117718
37510.541707808974
37831.117303252664
38218.077099357244
38676.54369176153
39209.645655285967
39822.763975075977
40521.024434964915
41294.821170312098
42145.78169052954
43081.3571267363
44105.89017987415
45227.784740422168
46454.971415565873
47800.531793305898
49291.020758920364
50951.463232142894
52819.236052780587
54898.608262440895
57232.059219787341
59863.422511061457
62855.85607315685
66231.774146746844
70031.401328410851
74284.834511100998
79023.466034276265
84292.491137252655
90104.673384602414
96618.529070184537
103936.32664292757
112402.41038020245
121843.28043706482
132797.94931768448
145016.80783886029
158876.50040472174
173824.24502194198
190331.34455648379
207886.07011425411
234522.35553804907
254565.18952309713
267439.84482881066
277971.01596821228
291993.08333051082
317736.11866497039
343278.36570773611
341672.34657242929
504738.75294775714
75165.654590681836
70607.807164203507
67496.839958903234
65863.711220535435
64379.40540313891
62739.440364800372
61414.135574967826
60764.362521331524
60818.265074339084
61376.578676835357
61731.520251581918
61837.090053108914
61768.683212761156
61561.275402089879
61256.496046305954
60895.872118660227
60519.539267742708
60170.247903049683
59856.46892010211
59541.219922100165
59226.251581789686
58917.959031819963
58621.594265038482
58342.323226698361
58084.881757038653
57853.854207141987
57653.38037767879
57487.639446400412
57360.286566685463
57275.339861060951
57236.131880466222
57246.739180109944
57310.281952919366
57431.009562220308
57611.893097409586
57857.455057745363
58170.537350862913
58556.097322126145
59016.822587409544
59558.138555475562
60182.754953873271
60896.454884279483
61702.101583097166
62606.143929526144
63610.957423879219
64724.802657595836
65949.080962294494
67293.937326024985
68761.308971242339
70361.221951702551
72101.426337835539
73986.448577968345
76039.046403002416
78215.735377776189
80543.170843687069
83049.491797786744
85753.142028488437
88684.371650441884
91865.621241942863
95328.170698594055
99096.047533896708
103205.02295722521
107685.60051224992
112619.24094457165
118054.04404491599
124062.05613001034
130687.7203262711
138042.3988428977
146160.40033746921
155218.31338459378
165222.408380212
176468.04776626409
188901.65504958396
203062.78078093022
219064.01053506363
237818.46840942808
258912.92738613396
283170.47070578457
310176.32638528751
340786.36857813725
374020.21894690231
410964.85821670608
451233.48411639297
514364.16035760584
567507.51763352158
617794.82192120061
678663.72191917244
762551.65049742826
886496.23000362644
1005927.1805475261
1050646.2345878182
1321533.0945449101
126858.94274879243
130994.97660530616
130096.20463432441
131489.75344765792
135541.68192182833
139760.49506541356
142919.95650533709
144251.70160148139
144155.92052531301
144532.91882593124
145511.84407174325
146326.5362234278
147015.06044287403
147591.94881180613
148085.38881308842
148524.75674136748
148942.31925569815
149367.40137879146
149808.86753002007
150248.33087657619
150682.34820324628
151115.12440620584
151550.49388348125
151992.44219791421
152445.01428507827
152912.37494416372
153398.95417027842
153909.38906005854
154448.77579527127
155022.44491464712
155636.38844216915
156296.79383905226
157010.69850267333
157785.23180200864
158628.53875458764
159548.66454423586
160554.93164304091
161656.25176824798
162863.29743706784
164186.02087720981
165636.5818983354
167226.56292068746
168969.77353381293
170880.01086160107
172973.5764505913
175266.76651322993
177779.41520386323
180531.05755208433
183545.73833572119
186847.34820474259
190464.40887163565
194427.6623338082
198767.24249245293
203538.80306420804
208771.78740410923
214495.48777516707
220754.3173203175
227591.62388377896
235067.20478373268
243239.41237950596
252185.51877286413
261981.71126306898
272727.65657945833
284523.11847065698
297501.72180302441
311788.49071706628
327561.07185966696
344978.77730900835
364284.7765338298
385689.86780482734
409545.60343027837
436105.95939798024
465901.19633235718
499252.54324533627
537407.36048654851
581077.58752785414
631690.55347228248
689540.12661860744
756459.33693016472
832442.62432679487
919842.20560505125
1017748.6038854606
1129988.1215460273
1293902.0744470903
1517796.8406223916
1790521.2577820178
2091798.5355706054
2420449.4680665196
2774424.2841976956
3181103.7699663537
3637943.835494827
4058592.7562225373
10875.510257788826
11016.652390970925
11095.405874144461
11114.62186229172
11082.935913151987
11010.623160549301
10898.254301157775
10767.252213699643
10620.906577776954
10465.347564984766
10303.173445878372
10135.680336060181
9970.5305533926821
9814.7312342181103
9661.4188929190768
9505.782087799249
9361.1070692482808
9237.8913944092383
9126.4323161435277
9015.1834470400645
8910.3978487104941
8827.6237131950111
8764.756592871805
8706.5679679960176
8644.6490837094971
8585.625407972424
8535.4561393180247
8484.168450844465
8421.6895144705522
8349.3952337002993
8274.7573233134844
8195.7099853559885
8105.9795148577377
8010.3658241437261
7915.0984111359512
7815.6377785285249
7712.7693511356983
7609.0300475814083
7510.0065622555876
7411.9487028663871
12099.309644800956
12293.840494953696
12420.565807062998
12473.309331479117
12466.21487078823
12414.156058530751
12306.944135197877
12164.103870457093
12002.723856796767
11811.401561801109
11584.656817611078
11387.339727567774
11206.975606712836
11015.093383732008
10818.591798790014
10635.730192853865
10472.709051264137
10318.627382913044
10168.120014034728
10029.336983173647
9906.4140178128819
9792.5703562048893
9684.2168770470544
9584.97321864687
9502.8641308165897
9430.3769771562602
9356.6324645465775
9280.018252916414
9206.0199943337684
9135.9808965133743
9060.8174773547344
8976.5831699942191
8888.2243615831321
8797.4107654880445
8702.4424644083574
8603.42636798887
8498.5925203604456
8392.9052767718567
8286.0264764691383
8187.433409446161
13572.834585608389
13820.564603536539
13993.799890972716
14076.871106121376
14086.789640443774
14048.058628479001
13939.100114393032
13779.241482759684
13590.07142452669
13334.768049668444
13008.26754728704
12658.169473487796
12321.131638120431
12006.203151220399
11743.945694586848
11559.684838726411
11391.390044838497
11211.785145961696
11035.22584927885
10880.414649890739
10750.718009066351
10633.02909247897
10520.19153167247
10416.168073205767
10331.066028326766
10264.506210090707
10201.02433265973
10130.865363905132
10057.92639334291
9989.9761857569101
9921.8963788868496
9843.6535958245604
9756.5528398677889
9666.6616748085107
9572.985247095201
9475.8657909321591
9368.0194747597707
9261.2982366767337
9147.6278786815201
9028.5713666416359
15100.377960938549
15432.145322249271
15677.319533013469
15812.604101916686
15858.729120562173
15842.864038021178
15732.345064621923
15558.577168636408
15346.841041070775
15045.510889525276
14664.373172592523
14275.753298417434
13897.073369299522
13524.629769883115
13195.026619032349
12946.71276963068
12754.837905252602
12557.618696704563
12361.137214094468
12184.304583871684
12039.069193283
11916.182159978784
11803.695079657251
11700.511439634533
11612.747085403576
11541.086605800547
11477.774993535832
11414.369682797151
11347.029567702324
11278.347163485014
11209.186820816183
11135.048884929891
11050.118530076101
10955.492650736522
10859.642448258322
10767.3453132666
10658.420970811052
10546.903939695048
10417.190364492277
10263.808486036973
17027.724339156233
17470.084458414349
17811.023490867585
18008.968502396387
18104.786944023293
18132.637614354819
18011.592879544121
17802.893277264331
17560.556891530905
17220.857723576064
16758.42031821403
16278.705303887587
15838.826805495295
15418.343482370507
15030.286343336853
14728.46737210135
14479.98303589953
14223.746425617601
13995.109427675476
13813.55501293803
13659.150691886238
13519.346953237011
13400.39956070488
13308.327064547857
13232.799426508147
13161.04765860306
13087.451551695302
13014.785233585482
12961.16023153081
12906.180056529767
12830.309477936298
12747.355440491508
12662.997644059913
12573.114981678556
12475.357316239601
12377.058972036357
12260.798395214886
12147.556278810245
12001.22425439996
11801.642758892493
19317.338669810793
19942.238082616288
20459.852698540355
20781.281729858834
20958.162787324825
21066.464629024413
20960.139376432297
20706.493837831757
20398.148176664883
19976.843729492412
19449.02079970832
18857.901261864827
18287.4048726812
17770.054081834747
17332.878428310196
16978.613933160505
16659.634330857178
16360.486221136369
16112.216361852557
15911.552926059718
15745.871018194814
15604.099609776098
15483.487939971739
15388.96295171679
15315.063208163097
15250.392396700036
15169.392225094545
15084.11537611735
15018.164419023457
14953.339410318513
14871.486910367057
14781.081050206401
14682.793519161021
14582.547427120518
14483.866018568418
14387.127778020289
14263.431344134351
14148.132075012909
13981.466877934352
13720.700123458237
22326.928156289527
23295.66469331555
24132.90864672526
24700.603492654827
25051.925408964944
25288.46466179554
25192.719108012956
24890.659352263337
24449.786052530417
23842.815134938464
23174.28279567452
22469.854736406098
21750.972773579335
21078.139736884554
20510.22003094227
20047.467090492413
19653.655563548018
19307.972395117813
19018.905396637561
18779.678702695197
18580.372144131019
18421.987159047618
18274.876183537799
18150.239618811982
18065.231247218086
17998.692070144487
17909.678952837636
17817.145806963286
17740.675988579333
17660.749180882754
17571.976457355628
17469.926722562064
17352.051186138393
17230.253432763806
17104.736621087039
16984.305310332358
16829.071003894947
16693.39310911352
16480.967667992085
16132.947951804334
26842.475315680425
28407.134832161501
29754.358345655379
30668.524108691796
31285.772032169818
31734.462821105386
31626.110620728195
31208.751177382081
30555.22980173113
29673.583049574059
28679.360743689143
27698.184094247183
26758.795557157748
25882.483569244785
25127.396146170631
24519.608519187841
24018.567918991386
23567.840141775963
23163.932983358864
22833.708196019779
22597.352339911358
22405.368773468595
22209.483336926049
22042.407658858916
21944.468413933573
21861.360974715786
21751.698310458582
21648.011360151446
21546.962990602788
21435.27671174649
21325.39423348862
21201.334126283386
21044.435853868516
20878.766947226857
20712.957040440582
20552.306688268913
20342.318747878184
20162.088413396057
19860.700851942081
19350.759500767945
33854.65366400034
36154.77706710159
38115.404572063919
39405.321583190504
40245.39019784725
40867.603095749851
40753.824013812722
39997.64604416606
38898.39920384578
37600.321129056028
36247.805207371814
34923.574895489161
33655.901433874671
32492.65808213464
31509.761273403419
30724.754617728846
30059.785323544296
29442.327939462339
28889.72205851294
28465.288919604951
28183.290492355409
27916.674733104337
27626.058951422543
27390.073191395335
27244.554782987241
27100.236009998967
26930.275990626265
26771.294918686417
26609.051843943544
26431.787308250769
26257.6394286574
26068.55817886108
25842.25716204198
25603.98990787565
25363.415013103138
25132.717770496285
24844.311367077215
24590.415775734426
24170.513159282684
23407.142496605033
43351.868684308232
46313.875065470318
48755.840486607012
50383.039220834587
51397.39371765752
51920.722856904809
51403.122963109876
50375.091854513325
48820.708556904174
46947.368342204987
45123.374821278245
43454.394547651245
41900.278334272858
40481.870565176534
39277.993454787545
38300.903582144223
37454.909492048049
36665.194412636651
35969.495654570557
35446.364571543265
35062.314820114407
34654.876846431187
34236.083706722704
33909.881748379608
33661.937073209265
33389.761320029822
33102.342908421124
32841.146661576378
32574.710671262128
32282.863204612473
31995.103049436228
31702.895788115704
31372.313095432568
31025.560409439589
30680.659967684638
30346.14922254617
29954.861598639276
29605.140363204097
29056.550910560865
28026.363070224397
54071.661805593096
57563.169964764573
60248.552033636268
61954.30649183855
63057.859093798616
63012.475967766739
61707.475207935931
60167.342172572433
58391.473066139006
56236.343991831454
54062.684331747929
52105.380905346661
50338.749735789635
48750.028395686692
47415.491713377094
46325.01625273285
45339.662381821792
44397.353517988347
43577.814239050698
42960.324269637553
42426.178696045346
41844.158647441407
41288.86802176755
40843.612907691007
40436.348750100682
39990.455993462223
39551.026895632211
39154.709974916601
38747.453259331378
38307.577403092582
37876.392979040138
37450.46826861686
36995.721280144608
36523.758951316362
36052.827569564324
35597.660391875906
35098.269658990423
34637.030666352897
33969.09959291901
32726.160155189162
64287.925076095889
68188.247193676259
70932.031871236744
71920.260094413999
72351.215220564423
72037.023878650522
70379.334026637254
68191.962775060398
65986.741039297398
63741.010962148328
61542.043968591126
59572.851180491612
57777.281593952226
56176.55480416902
54857.560589535016
53737.695863140325
52653.683016935232
51608.650377810387
50728.302173540797
50033.132206569004
49328.359149612363
48584.622559526411
47905.279904541756
47319.086005986144
46734.858702892816
46119.60812370135
45533.250997074072
44993.903908579348
44434.001618377632
43845.683005038591
43278.541603873098
42723.165341228945
42146.15579150361
41557.231403172693
40971.96727145771
40396.031891505991
39801.842332272572
39244.152830456966
38485.064172427701
37111.379132548034
72269.374935408792
76507.607332582425
78926.228083651818
79083.26321901851
78503.62600017582
77583.724024748866
76013.028664155107
73780.023646635804
71322.434551461847
69039.934770666048
66994.116485109116
65173.923111734461
63533.797669614556
62118.555896084261
60909.58719381749
59780.345969365248
58663.018857338138
57623.053253125385
56727.975060267672
55916.46568240958
55075.216431242741
54231.523351673197
53452.900480939228
52732.195948954861
52010.80643795371
51270.130258315192
50563.020255695483
49900.508019803645
49219.032132688611
48523.249729397248
47846.716833543236
47178.696801530648
46510.553749155057
45837.14992667154
45164.473276939563
44499.128162609828
43839.741222710916
43203.842597320065
42393.285635756438
40975.630629522806
77570.821937433997
81685.165737342992
83679.179784643769
83735.082718613296
82642.564162387542
80851.65077353848
79074.178541713118
77103.969270255009
74761.059011369507
72587.650859084504
70736.960572414857
69122.039815009164
67728.290097780744
66536.789144047449
65420.780164812306
64311.113022386424
63240.490425615484
62243.634189303644
61310.855841445242
60407.890078659562
59505.294604909068
58603.144087032771
57740.650970483781
56936.096009474
56132.269698754149
55303.531798220582
54515.465486416215
53767.738488843795
53006.92109790277
52234.433346327496
51482.281729209673
50755.950558322133
50032.883730735877
49295.18181936194
48568.276500140615
47850.240596528747
47147.716478969109
46462.534151166823
45638.519906133995
44246.652061478104
81238.956968316605
85049.47481219488
86502.35758743716
86577.973162849928
85629.753189600233
83388.456604937979
81116.831129769198
79185.898523508644
77087.161788357262
75131.385977662052
73507.910958433436
72091.791258822064
70871.466384227184
69821.268618328162
68807.401444895353
67762.545476240339
66717.046012164137
65701.280360158606
64757.112019003325
63852.29092307487
62908.696478218888
61926.044982774722
61026.865604965744
60231.55382370502
59355.097282031486
58452.381046800394
57643.615803527864
56857.823515631702
56042.196939261165
55234.443757867317
54462.09455253576
53698.210836591163
52931.191074588249
52169.409807872718
51424.840433391008
50676.240786240218
49947.027983760367
49241.48799127432
48417.579705410608
47061.307612463323
84869.948748641997
88550.281505604158
89240.131661922249
88845.675372905403
88007.48299655295
85783.044169089117
83173.347781275501
81049.317907278892
79074.277412858632
77341.462517618231
75938.88764056431
74727.146988583117
73632.921583503135
72638.564754381223
71665.997557630471
70682.960289003531
69659.457725093263
68615.567697183593
67663.460344076535
66772.505205966125
65797.395193137447
64784.901580833277
63899.233021052336
63065.868183211336
62159.211532429072
61275.238700443821
60454.242461548616
59637.362763266552
58824.430876685474
58024.875901466425
57238.934971225273
56464.938810275715
55707.671166555752
54948.409561793545
54194.431293951639
53440.168485274262
52710.321686029551
52011.673759602672
51177.558087130084
49788.444745012363
88198.010727919842
91919.805087458531
91998.194169806782
90821.691072470858
89674.150517964503
87566.748758118862
84970.348197493309
82790.041261272636
80925.686686706293
79425.182964661813
78205.525843870229
77170.40452008057
76225.961862777272
75290.600939813827
74364.064250984622
73443.116353327219
72390.527412799827
71337.639144654371
70498.254093212585
69629.024141776026
68565.620709054914
67593.485793297252
66802.642588400267
65940.144633135162
65043.248270997959
64203.159124239828
63403.008698385594
62611.475330757872
61833.105460251078
61050.250659610982
60297.848437015469
59564.836679954336
58828.892081618716
58080.094504944464
57354.390033543816
56637.066982287732
55927.60263754124
55266.344020062665
54412.324548124518
52882.077805972454
90990.676928960442
94476.303394822069
94515.680940443315
92671.933009136759
90854.122834669761
88654.936939975159
86234.605155815007
84240.582364580332
82635.220087561553
81410.089441141477
80411.056114901876
79570.733702670128
78780.63924744734
77919.890248782802
77099.380552058443
76214.537129519551
75181.157282652537
74251.864235674497
73502.843819579852
72615.717939456488
71602.391699980712
70740.9345571351
70035.318300814179
69232.37399366466
68387.535331480671
67620.611784321678
66929.072857315346
66219.747013993896
65513.054522275961
64814.543568262176
64157.138595529374
63502.186822142125
62846.259945123857
62174.888949979519
61533.287472203629
60905.917189019776
60260.422200819026
59711.856106092404
58822.484368734615
56966.840738440202
93621.191148032623
95987.783747319787
95972.535091250873
94212.90979814445
91883.929537995762
89232.779346013049
86961.472447395106
85319.474010461447
84235.909803359376
83438.31965999784
82659.018982234207
82005.741730510534
81439.489740360936
80813.999355036256
80081.741214590977
79216.601524182697
78420.014246697174
77738.059050622644
76990.545071504253
76127.22988144285
75409.971045915256
74796.792551910097
74140.517548788266
73444.291357103881
72872.798989947827
72327.618732742718
71785.903965985461
71259.911968515255
70801.001444401918
70309.248444146084
69862.600128828199
69414.553659090947
68979.185384261407
68502.726385194677
68079.728230343768
67689.765830589124
67221.612428329114
66990.046035881503
66004.243715445904
63365.449900275489
96140.809420862177
97675.050977161416
96419.305220987764
94769.850750975267
92708.370465547647
89938.403611820569
87819.292158493146
86589.627330766729
86017.420930680673
85726.749868219282
85410.615967826147
85161.748625565699
84925.577796477039
84498.428765268953
83970.678642983912
83437.496637295655
82896.245614636879
82445.037235693148
82002.24127801662
81462.627741712335
81089.028245888985
80844.011519459484
80547.081200045955
80244.241389492629
80134.702691263665
80058.067020983581
80014.971627914289
80007.850132312029
80097.854877737933
80171.72983611864
80337.105554244234
80472.403625871855
80628.689484442875
80735.442679007014
80931.399514111632
81274.478199760517
81347.393151190001
82165.69206279912
80830.971377360154
75933.70161549405
97871.36213200065
99795.861601179218
97860.934550301419
95806.26410570048
94053.320229731049
91632.648612938472
90148.519834815117
89702.301695900198
89730.407847124661
89958.169513590212
90312.245337467088
90738.416045024322
90899.429343722819
90762.562774702732
90786.693538229054
90843.73041722631
90765.128176022612
90830.090102666305
91083.731878167673
91357.723091987922
91795.353283976496
92352.127466697071
93126.662665079872
94016.594905143706
95128.239301535432
96318.238064887541
97793.345618555351
99395.537371493527
101139.38677867503
102886.71629383501
104946.75730258643
106946.71889639978
109005.09395146859
110990.89292898947
113221.65479000457
115955.29311350442
117940.51806849947
122195.57782373235
119837.2957252362
107590.02706318154
100526.63946886882
103737.25176407979
102604.87829804301
101676.27452397445
101377.45799989619
99660.181461106622
98933.085050671114
99476.373094865208
100712.01820188573
101954.86762802789
103214.71761663783
104518.46519582317
105514.90769656278
106399.04081986981
107519.49793622833
108504.96681866472
109775.13031511642
111493.81198844442
113550.11662436911
115840.04303122095
118888.62810180885
122330.10440358025
126249.77457583736
130650.31420240867
135851.32451682823
141234.25086346429
147295.07100826097
153745.92270521569
160582.54797249765
167448.61560616922
174967.61000839208
182298.06097485489
189748.20445133332
197031.69338150063
204700.43595645184
213437.85200456125
220543.57000947374
232368.24420865224
227544.69245503633
194190.12836239149
110249.32824182011
119645.73409241372
120946.81191734255
124380.00601373603
129291.40432589363
131090.67153787799
132441.83827790926
134222.25021009386
137097.58780234991
140416.60865915797
144074.63619411617
147669.53280211211
150889.31397064001
154306.01641336587
158426.35000664523
162581.25857348961
168116.83975494234
175254.00186448498
183607.02081222355
192862.89902812068
204049.19550395888
216270.7284825489
229672.92611106799
244221.37658499647
259948.40579845678
275813.51444092457
292626.69563313224
309721.42876473564
326532.04116640275
342987.37776931573
359493.715364684
375120.6955443084
389794.16561818152
403693.05465478223
416875.80069211009
430989.95099274185
441720.73610619927
458041.58609224792
447357.64968875941
377818.26906719001
146532.50380410458
174777.81732496247
184202.24488777987
200245.09654809831
218185.75882275903
228110.33533551369
233889.59290206962
239157.87667117731
246860.12281375634
255756.07941180104
266020.42306019581
276718.24065345665
287172.72265324835
298866.16063843312
313036.58496405976
329429.37827764719
349155.35004765081
372292.32918657298
397512.25623407424
424052.64941917686
452522.81152088026
481227.87437741051
510219.1219233803
539265.80323114316
567181.77593346767
593412.62788332521
618244.66392775916
641176.45225752576
660970.07012919779
678890.63886492944
694252.08063795231
707345.47614755668
717374.30725341174
725854.62917548383
731699.32114437362
737369.65769296151
738997.67484447104
746106.97559555562
727784.40928487573
635554.74837352464
267404.2033496527
336329.45670476847
361009.5070720244
403013.14180578513
446796.04128887918
474369.46350688441
490607.67717408418
505440.59504715126
526959.63145036181
552039.40173410473
581114.55527012853
611107.3765437539
641317.49968215078
675673.77113962208
717644.79402088246
758770.23230951
801616.79367598426
845513.50473505014
886682.7403554488
925655.52363049029
961216.75434573984
992963.9668347612
1020070.9875631175
1043880.9802896573
1062023.1107470761
1076850.993719301
1087296.3478689385
1094905.4144073525
1097523.5000890482
1098826.1139692883
1096332.585523091
1092361.911051109
1084771.2166189717
1076907.6342651856
1065923.7087806771
1055346.9572991196
1041631.2962305674
1036942.2548973284
1016098.0335016093
929453.53703531285
610866.27576287929
746445.31733889319
795832.14689587918
891581.7796895951
981739.65629280603
1047186.0717950371
1088251.0211428795
1125957.4196014157
1175614.1669259644
1231231.7786243595
1293149.7522596326
1353743.376929054
1409636.6214177257
1470252.9524785299
1524016.5012509192
1569336.8523825754
1607462.1117439223
1641487.8069544225
1664372.9026391834
1683607.2625041248
1693932.1152710302
1700573.7073982214
1699497.6670191551
1697030.4862219153
1686870.9675470833
1676678.7774253159
1661077.0833990246
1645724.8026116986
1624453.8536720173
1605460.7176291482
1581806.101630776
1559720.3626656828
1533292.1840023708
1509630.6045266888
1482039.2859656482
1457476.0256534533
1429014.2081156655
1420399.1516053779
1397589.7540967569
1325332.3781388965
1494803.8353507782
1722258.5597672882
1887902.0205094961
2069118.2635025152
2233816.6016844348
2364373.75725216
2449228.620644514
2516926.8566764994
2590660.7514195759
2670071.6875546081
2749105.8272815165
2816418.7783029894
2864538.5127587635
2906611.49601027
2933018.8730321373
2952712.4629207905
2962332.6424091915
2967810.1013436527
2960416.4706095355
2950836.741350526
2931493.1444159104
2910642.5223268461
2881635.3640072509
2853352.0242545251
2817379.4243419808
2782573.7555287969
2742211.8688103268
2703894.897079715
2660203.6073446595
2619775.1218976346
2575282.4334395728
2533956.7993670641
2488681.2884949748
2447101.2548374073
2401951.0104018399
2360641.9254542259
2315626.744692564
2289613.7182754823
2278208.0510484958
2198552.4171626205
4652357.4335634075
5262760.4596506245
5811431.2557217395
6090883.0244892975
6289076.7452937132
6436836.0931177009
6439623.5836614352
6372557.2097573793
6287972.5924516097
6194789.3507777639
6097300.3603393016
6001338.223983963
5912862.8727332959
5829879.5135113122
5750543.5442289924
5679694.3384785522
5612798.6728411261
5547496.3919414589
5485725.8496963838
5426450.6160031678
5367934.050877193
5310271.577227396
5253197.4139438812
5194981.3921438297
5137121.0021028686
5078362.2609965317
5018807.9590286473
4957525.9798326734
4896925.153386482
4834150.5635970235
4770914.8884280538
4706072.8112214208
4642013.8167711375
4576305.5962158432
4512067.3614101158
4448976.6982967341
4383309.6049196385
4307459.1732012955
4197641.8983259471
4252341.5978672048
)
;

boundaryField
{
    inlet
    {
        type            fixedValue;
        value           uniform 247.536;
    }
    outlet
    {
        type            inletOutlet;
        inletValue      uniform 247.536;
        value           uniform 247.536;
    }
    fluid_to_graphite
    {
        beta1           0.074999999999999997;
        blended         0;
        type            omegaWallFunction;
        value           uniform 247.536;
    }
    wedgeBack
    {
        type            wedge;
    }
    wedgeFront
    {
        type            wedge;
    }
    defaultFaces
    {
        type            empty;
    }
}


                                                                               
