UGKP_SOURCE_RESIDUAL_SCHEMA1 136
15074 0.00000000000000000e+00
15075 0.00000000000000000e+00
15076 0.00000000000000000e+00
15077 0.00000000000000000e+00
15078 0.00000000000000000e+00
15079 0.00000000000000000e+00
15080 0.00000000000000000e+00
15081 0.00000000000000000e+00
15082 0.00000000000000000e+00
15083 0.00000000000000000e+00
15084 0.00000000000000000e+00
15085 0.00000000000000000e+00
15086 0.00000000000000000e+00
15087 0.00000000000000000e+00
15088 0.00000000000000000e+00
15089 0.00000000000000000e+00
15090 0.00000000000000000e+00
15091 0.00000000000000000e+00
15092 0.00000000000000000e+00
15093 0.00000000000000000e+00
15094 0.00000000000000000e+00
15095 0.00000000000000000e+00
15096 0.00000000000000000e+00
15097 0.00000000000000000e+00
15098 0.00000000000000000e+00
15099 0.00000000000000000e+00
15100 0.00000000000000000e+00
15101 0.00000000000000000e+00
15102 0.00000000000000000e+00
15103 0.00000000000000000e+00
15104 0.00000000000000000e+00
15105 0.00000000000000000e+00
15106 0.00000000000000000e+00
15107 0.00000000000000000e+00
15108 0.00000000000000000e+00
15109 0.00000000000000000e+00
15110 0.00000000000000000e+00
15111 0.00000000000000000e+00
15112 0.00000000000000000e+00
15113 0.00000000000000000e+00
15114 0.00000000000000000e+00
15115 0.00000000000000000e+00
15116 0.00000000000000000e+00
15117 0.00000000000000000e+00
15118 0.00000000000000000e+00
15119 0.00000000000000000e+00
15120 0.00000000000000000e+00
15121 0.00000000000000000e+00
15122 0.00000000000000000e+00
15123 0.00000000000000000e+00
15124 0.00000000000000000e+00
15125 0.00000000000000000e+00
15126 0.00000000000000000e+00
15127 0.00000000000000000e+00
15128 0.00000000000000000e+00
15129 0.00000000000000000e+00
15130 0.00000000000000000e+00
15131 0.00000000000000000e+00
15132 0.00000000000000000e+00
15133 0.00000000000000000e+00
15134 0.00000000000000000e+00
15135 0.00000000000000000e+00
15136 0.00000000000000000e+00
15137 0.00000000000000000e+00
15138 0.00000000000000000e+00
15139 0.00000000000000000e+00
15140 0.00000000000000000e+00
15141 0.00000000000000000e+00
15142 0.00000000000000000e+00
15143 0.00000000000000000e+00
15144 0.00000000000000000e+00
15145 0.00000000000000000e+00
15146 0.00000000000000000e+00
15147 0.00000000000000000e+00
15148 0.00000000000000000e+00
15149 0.00000000000000000e+00
15150 0.00000000000000000e+00
15151 0.00000000000000000e+00
15152 0.00000000000000000e+00
15153 0.00000000000000000e+00
15154 0.00000000000000000e+00
15155 0.00000000000000000e+00
15156 0.00000000000000000e+00
15157 0.00000000000000000e+00
15158 0.00000000000000000e+00
15159 0.00000000000000000e+00
15160 0.00000000000000000e+00
15161 0.00000000000000000e+00
15162 0.00000000000000000e+00
15163 0.00000000000000000e+00
15164 0.00000000000000000e+00
15165 0.00000000000000000e+00
15166 0.00000000000000000e+00
15167 0.00000000000000000e+00
15168 0.00000000000000000e+00
15169 0.00000000000000000e+00
15170 0.00000000000000000e+00
15171 0.00000000000000000e+00
15172 0.00000000000000000e+00
15173 0.00000000000000000e+00
15174 0.00000000000000000e+00
15175 0.00000000000000000e+00
15176 0.00000000000000000e+00
15177 0.00000000000000000e+00
15178 0.00000000000000000e+00
15179 0.00000000000000000e+00
15180 0.00000000000000000e+00
15181 0.00000000000000000e+00
15182 0.00000000000000000e+00
15183 0.00000000000000000e+00
15184 0.00000000000000000e+00
15185 0.00000000000000000e+00
15186 0.00000000000000000e+00
15187 0.00000000000000000e+00
15188 0.00000000000000000e+00
15189 0.00000000000000000e+00
15190 0.00000000000000000e+00
15191 0.00000000000000000e+00
15192 0.00000000000000000e+00
15193 0.00000000000000000e+00
15194 0.00000000000000000e+00
15195 0.00000000000000000e+00
15196 0.00000000000000000e+00
15197 0.00000000000000000e+00
15198 0.00000000000000000e+00
15199 0.00000000000000000e+00
15200 0.00000000000000000e+00
15201 0.00000000000000000e+00
15202 0.00000000000000000e+00
15203 0.00000000000000000e+00
15204 0.00000000000000000e+00
15205 0.00000000000000000e+00
15206 0.00000000000000000e+00
15207 0.00000000000000000e+00
15208 0.00000000000000000e+00
15209 0.00000000000000000e+00
