# Probe 0 (0.15194510296300001 0.0218 0)
# Probe 1 (0.15194510296300001 0.041799999999999997 0)
# Time                   0                        1                       
1                        391.44403884065395       300.68099153354842      
1.1000000000000023       417.11075030721929       304.2528224768796       
1.1999999999999731       417.11075030721929       304.2528224768796       
1.2999999999999825       436.80909477302157       307.22553216422682      
1.4000000000000494       452.48842741217811       309.85202585626001      
1.5000000000000171       465.40462477397864       312.31275263476408      
1.5999999999999996       476.34006958190213       314.71078922410163      
1.699999999999962        485.84912138806385       317.09715202970625      
1.7999999999999372       494.2978435740028        319.49193636010131      
1.9000000000000199       501.95160014337466       321.89846456265781      
1.9999999999999893       509.00304731885558       324.31192843077372      
2.0999999999999854       515.59233755516459       326.72426803819565      
2.1999999999999851       521.82166736966565       329.12690478817751      
2.3000000000001659       527.75747269212411       331.51212874599503      
2.4000000000001069       533.45066136203911       333.87351015915419      
2.4999999999999156       538.93879186398692       336.20598718157026      
2.6000000000000258       544.24809905527206       338.50597953310171      
2.69999999999993         549.39613318820761       340.77117275429237      
2.7999999999999847       554.39871632283803       343.00014246632412      
2.9000000000000572       559.27057532886909       345.19215428738335      
3.0000000000000302       564.02429007700255       347.34704121693227      
3.1000000000000787       568.66936632838235       349.46544786121206      
3.1999999999999194       573.21303289244963       351.54828772110483      
3.3000000000000069       577.66137704060384       353.59655009607525      
3.400000000000011        582.01972521131597       355.61130245897129      
3.499999999999976        586.29284333348596       357.59368395481965      
3.6000000000000201       590.48481924024588       359.54499399169106      
3.7000000000000224       594.59863728383891       361.46705557821838      
3.7999999999999421       598.63696161354176       363.361373250555        
3.8999999999999684       602.60289050094957       365.22917704032034      
3.9999999999999085       606.50055456699624       367.07158771614888      
4.0999999999997963       610.33331254964094       368.88969993842483      
4.2000000000001005       614.10455273671187       370.6845344850102       
4.2999999999997796       617.81675247569808       372.45721324554626      
4.3999999999997694       621.47203818253013       374.20949094035973      
4.4999999999999964       625.07270192705494       375.94279439116269      
