FoamFile
{
    version     2.0;
    format      ascii;
    class       volScalarField;
    location    "0";
    object      epsilonS;
}

dimensions [0 0 0 0 0 0 0];
internalField nonuniform List<scalar>
400
(
9.9999999999999995e-07
1.0010000000000002e-06
1.0020000000000001e-06
1.0020000000000001e-06
1.003e-06
1.003e-06
1.004e-06
1.0050000000000001e-06
1.0050000000000001e-06
1.0060000000000002e-06
1.0060000000000002e-06
1.0070000000000001e-06
1.0070000000000001e-06
1.0080000000000001e-06
1.0080000000000001e-06
1.0080000000000001e-06
1.009e-06
1.009e-06
1.009e-06
1.009e-06
1.0100000000000001e-06
1.0100000000000001e-06
1.0100000000000001e-06
1.0100000000000001e-06
1.0100000000000001e-06
1.0100000000000001e-06
1.0100000000000001e-06
1.0100000000000001e-06
1.0100000000000001e-06
1.0100000000000001e-06
1.009e-06
1.009e-06
1.009e-06
1.009e-06
1.0080000000000001e-06
1.0080000000000001e-06
1.0080000000000001e-06
1.0070000000000001e-06
1.0070000000000001e-06
1.0060000000000002e-06
1.0060000000000002e-06
1.0050000000000001e-06
1.0050000000000001e-06
1.004e-06
1.003e-06
1.003e-06
1.0020000000000001e-06
1.0020000000000001e-06
1.0010000000000002e-06
9.9999999999999995e-07
9.9999999999999995e-07
9.9900000000000009e-07
9.9800000000000002e-07
9.9800000000000002e-07
9.9700000000000015e-07
9.9700000000000015e-07
9.9600000000000008e-07
9.95e-07
9.95e-07
9.9400000000000014e-07
9.9400000000000014e-07
9.9300000000000006e-07
9.9300000000000006e-07
9.9199999999999999e-07
9.9199999999999999e-07
9.9199999999999999e-07
9.9100000000000013e-07
9.9100000000000013e-07
9.9100000000000013e-07
9.9100000000000013e-07
9.9000000000000005e-07
9.9000000000000005e-07
9.9000000000000005e-07
9.9000000000000005e-07
9.9000000000000005e-07
9.9000000000000005e-07
9.9000000000000005e-07
9.9000000000000005e-07
9.9000000000000005e-07
9.9000000000000005e-07
9.9100000000000013e-07
9.9100000000000013e-07
9.9100000000000013e-07
9.9100000000000013e-07
9.9199999999999999e-07
9.9199999999999999e-07
9.9199999999999999e-07
9.9300000000000006e-07
9.9300000000000006e-07
9.9400000000000014e-07
9.9400000000000014e-07
9.95e-07
9.95e-07
9.9600000000000008e-07
9.9700000000000015e-07
9.9700000000000015e-07
9.9800000000000002e-07
9.9800000000000002e-07
9.9900000000000009e-07
9.9999999999999995e-07
9.9999999999999995e-07
1.0010000000000002e-06
1.0020000000000001e-06
1.0020000000000001e-06
1.003e-06
1.003e-06
1.004e-06
1.0050000000000001e-06
1.0050000000000001e-06
1.0060000000000002e-06
1.0060000000000002e-06
1.0070000000000001e-06
1.0070000000000001e-06
1.0080000000000001e-06
1.0080000000000001e-06
1.0080000000000001e-06
1.009e-06
1.009e-06
1.009e-06
1.009e-06
1.0100000000000001e-06
1.0100000000000001e-06
1.0100000000000001e-06
1.0100000000000001e-06
1.0100000000000001e-06
1.0100000000000001e-06
1.0100000000000001e-06
1.0100000000000001e-06
1.0100000000000001e-06
1.0100000000000001e-06
1.009e-06
1.009e-06
1.009e-06
1.009e-06
1.0080000000000001e-06
1.0080000000000001e-06
1.0080000000000001e-06
1.0070000000000001e-06
1.0070000000000001e-06
1.0060000000000002e-06
1.0060000000000002e-06
1.0050000000000001e-06
1.0050000000000001e-06
1.004e-06
1.003e-06
1.003e-06
1.0020000000000001e-06
1.0020000000000001e-06
1.0010000000000002e-06
9.9999999999999995e-07
9.9999999999999995e-07
9.9900000000000009e-07
9.9800000000000002e-07
9.9800000000000002e-07
9.9700000000000015e-07
9.9700000000000015e-07
9.9600000000000008e-07
9.95e-07
9.95e-07
9.9400000000000014e-07
9.9400000000000014e-07
9.9300000000000006e-07
9.9300000000000006e-07
9.9199999999999999e-07
9.9199999999999999e-07
9.9199999999999999e-07
9.9100000000000013e-07
9.9100000000000013e-07
9.9100000000000013e-07
9.9100000000000013e-07
9.9000000000000005e-07
9.9000000000000005e-07
9.9000000000000005e-07
9.9000000000000005e-07
9.9000000000000005e-07
9.9000000000000005e-07
9.9000000000000005e-07
9.9000000000000005e-07
9.9000000000000005e-07
9.9000000000000005e-07
9.9100000000000013e-07
9.9100000000000013e-07
9.9100000000000013e-07
9.9100000000000013e-07
9.9199999999999999e-07
9.9199999999999999e-07
9.9199999999999999e-07
9.9300000000000006e-07
9.9300000000000006e-07
9.9400000000000014e-07
9.9400000000000014e-07
9.95e-07
9.95e-07
9.9600000000000008e-07
9.9700000000000015e-07
9.9700000000000015e-07
9.9800000000000002e-07
9.9800000000000002e-07
9.9900000000000009e-07
9.9999999999999995e-07
9.9999999999999995e-07
1.0010000000000002e-06
1.0020000000000001e-06
1.0020000000000001e-06
1.003e-06
1.003e-06
1.004e-06
1.0050000000000001e-06
1.0050000000000001e-06
1.0060000000000002e-06
1.0060000000000002e-06
1.0070000000000001e-06
1.0070000000000001e-06
1.0080000000000001e-06
1.0080000000000001e-06
1.0080000000000001e-06
1.009e-06
1.009e-06
1.009e-06
1.009e-06
1.0100000000000001e-06
1.0100000000000001e-06
1.0100000000000001e-06
1.0100000000000001e-06
1.0100000000000001e-06
1.0100000000000001e-06
1.0100000000000001e-06
1.0100000000000001e-06
1.0100000000000001e-06
1.0100000000000001e-06
1.009e-06
1.009e-06
1.009e-06
1.009e-06
1.0080000000000001e-06
1.0080000000000001e-06
1.0080000000000001e-06
1.0070000000000001e-06
1.0070000000000001e-06
1.0060000000000002e-06
1.0060000000000002e-06
1.0050000000000001e-06
1.0050000000000001e-06
1.004e-06
1.003e-06
1.003e-06
1.0020000000000001e-06
1.0020000000000001e-06
1.0010000000000002e-06
9.9999999999999995e-07
9.9999999999999995e-07
9.9900000000000009e-07
9.9800000000000002e-07
9.9800000000000002e-07
9.9700000000000015e-07
9.9700000000000015e-07
9.9600000000000008e-07
9.95e-07
9.95e-07
9.9400000000000014e-07
9.9400000000000014e-07
9.9300000000000006e-07
9.9300000000000006e-07
9.9199999999999999e-07
9.9199999999999999e-07
9.9199999999999999e-07
9.9100000000000013e-07
9.9100000000000013e-07
9.9100000000000013e-07
9.9100000000000013e-07
9.9000000000000005e-07
9.9000000000000005e-07
9.9000000000000005e-07
9.9000000000000005e-07
9.9000000000000005e-07
9.9000000000000005e-07
9.9000000000000005e-07
9.9000000000000005e-07
9.9000000000000005e-07
9.9000000000000005e-07
9.9100000000000013e-07
9.9100000000000013e-07
9.9100000000000013e-07
9.9100000000000013e-07
9.9199999999999999e-07
9.9199999999999999e-07
9.9199999999999999e-07
9.9300000000000006e-07
9.9300000000000006e-07
9.9400000000000014e-07
9.9400000000000014e-07
9.95e-07
9.95e-07
9.9600000000000008e-07
9.9700000000000015e-07
9.9700000000000015e-07
9.9800000000000002e-07
9.9800000000000002e-07
9.9900000000000009e-07
9.9999999999999995e-07
9.9999999999999995e-07
1.0010000000000002e-06
1.0020000000000001e-06
1.0020000000000001e-06
1.003e-06
1.003e-06
1.004e-06
1.0050000000000001e-06
1.0050000000000001e-06
1.0060000000000002e-06
1.0060000000000002e-06
1.0070000000000001e-06
1.0070000000000001e-06
1.0080000000000001e-06
1.0080000000000001e-06
1.0080000000000001e-06
1.009e-06
1.009e-06
1.009e-06
1.009e-06
1.0100000000000001e-06
1.0100000000000001e-06
1.0100000000000001e-06
1.0100000000000001e-06
1.0100000000000001e-06
1.0100000000000001e-06
1.0100000000000001e-06
1.0100000000000001e-06
1.0100000000000001e-06
1.0100000000000001e-06
1.009e-06
1.009e-06
1.009e-06
1.009e-06
1.0080000000000001e-06
1.0080000000000001e-06
1.0080000000000001e-06
1.0070000000000001e-06
1.0070000000000001e-06
1.0060000000000002e-06
1.0060000000000002e-06
1.0050000000000001e-06
1.0050000000000001e-06
1.004e-06
1.003e-06
1.003e-06
1.0020000000000001e-06
1.0020000000000001e-06
1.0010000000000002e-06
9.9999999999999995e-07
9.9999999999999995e-07
9.9900000000000009e-07
9.9800000000000002e-07
9.9800000000000002e-07
9.9700000000000015e-07
9.9700000000000015e-07
9.9600000000000008e-07
9.95e-07
9.95e-07
9.9400000000000014e-07
9.9400000000000014e-07
9.9300000000000006e-07
9.9300000000000006e-07
9.9199999999999999e-07
9.9199999999999999e-07
9.9199999999999999e-07
9.9100000000000013e-07
9.9100000000000013e-07
9.9100000000000013e-07
9.9100000000000013e-07
9.9000000000000005e-07
9.9000000000000005e-07
9.9000000000000005e-07
9.9000000000000005e-07
9.9000000000000005e-07
9.9000000000000005e-07
9.9000000000000005e-07
9.9000000000000005e-07
9.9000000000000005e-07
9.9000000000000005e-07
9.9100000000000013e-07
9.9100000000000013e-07
9.9100000000000013e-07
9.9100000000000013e-07
9.9199999999999999e-07
9.9199999999999999e-07
9.9199999999999999e-07
9.9300000000000006e-07
9.9300000000000006e-07
9.9400000000000014e-07
9.9400000000000014e-07
9.95e-07
9.95e-07
9.9600000000000008e-07
9.9700000000000015e-07
9.9700000000000015e-07
9.9800000000000002e-07
9.9800000000000002e-07
9.9900000000000009e-07
9.9999999999999995e-07
);

boundaryField
{
    left
    {
        type zeroGradient;
    }
    right
    {
        type zeroGradient;
    }
    sides
    {
        type empty;
    }
}
