FoamFile
{
    version     2.0;
    format      ascii;
    class       volScalarField;
    location    "0";
    object      p;
}

dimensions [1 -1 -2 0 0 0 0];
internalField nonuniform List<scalar>
400
(
1.0004397506270939
1.0013175163864592
1.0021900825105632
1.0030540053795516
1.0039058754845491
1.004742330883434
1.005560070468887
1.0063558669963537
1.0071265798205051
1.0078691672899298
1.0085806987511416
1.0092583661145311
1.0098994949366116
1.0105015549748264
1.0110621701732596
1.0115791280398438
1.0120503883780552
1.0124740913386372
1.0128485647595757
1.0131723307653591
1.0134441115994772
1.0136628346671424
1.0138276367683319
1.013937867504443
1.0139930918451203
1.0139930918451203
1.013937867504443
1.0138276367683319
1.0136628346671424
1.0134441115994772
1.0131723307653591
1.0128485647595757
1.0124740913386372
1.0120503883780552
1.0115791280398438
1.0110621701732596
1.0105015549748264
1.0098994949366116
1.0092583661145311
1.0085806987511416
1.0078691672899298
1.0071265798205051
1.0063558669963537
1.005560070468887
1.004742330883434
1.0039058754845491
1.0030540053795516
1.0021900825105632
1.0013175163864592
1.0004397506270939
0.99956024937290622
0.99868248361354084
0.99780991748943682
0.99694599462044842
0.99609412451545076
0.99525766911656588
0.99443992953111304
0.9936441330036464
0.99287342017949476
0.99213083271007019
0.99141930124885835
0.99074163388546888
0.99010050506338831
0.98949844502517359
0.98893782982674039
0.98842087196015616
0.98794961162194483
0.98752590866136281
0.98715143524042426
0.98682766923464083
0.98655588840052277
0.98633716533285754
0.98617236323166813
0.98606213249555685
0.98600690815487979
0.98600690815487979
0.98606213249555685
0.98617236323166813
0.98633716533285754
0.98655588840052277
0.98682766923464083
0.98715143524042426
0.98752590866136281
0.98794961162194483
0.98842087196015616
0.98893782982674028
0.98949844502517359
0.99010050506338831
0.99074163388546888
0.99141930124885835
0.99213083271007019
0.99287342017949476
0.99364413300364629
0.99443992953111304
0.99525766911656588
0.99609412451545076
0.99694599462044842
0.99780991748943682
0.99868248361354084
0.99956024937290622
1.0004397506270937
1.0013175163864592
1.0021900825105632
1.0030540053795516
1.0039058754845491
1.004742330883434
1.005560070468887
1.0063558669963537
1.0071265798205051
1.0078691672899298
1.0085806987511416
1.0092583661145311
1.0098994949366116
1.0105015549748264
1.0110621701732596
1.0115791280398438
1.0120503883780552
1.0124740913386372
1.0128485647595757
1.0131723307653591
1.0134441115994772
1.0136628346671424
1.0138276367683319
1.013937867504443
1.0139930918451203
1.0139930918451203
1.013937867504443
1.0138276367683319
1.0136628346671426
1.0134441115994772
1.0131723307653591
1.0128485647595757
1.0124740913386372
1.0120503883780552
1.0115791280398438
1.0110621701732596
1.0105015549748264
1.0098994949366116
1.0092583661145311
1.0085806987511416
1.0078691672899298
1.0071265798205051
1.0063558669963537
1.005560070468887
1.004742330883434
1.0039058754845491
1.0030540053795516
1.0021900825105632
1.0013175163864592
1.0004397506270939
0.99956024937290622
0.99868248361354084
0.99780991748943682
0.99694599462044842
0.99609412451545076
0.99525766911656588
0.99443992953111304
0.9936441330036464
0.99287342017949476
0.99213083271007019
0.99141930124885835
0.99074163388546888
0.99010050506338831
0.98949844502517359
0.98893782982674039
0.98842087196015616
0.98794961162194483
0.98752590866136281
0.98715143524042426
0.98682766923464083
0.98655588840052277
0.98633716533285754
0.98617236323166813
0.98606213249555685
0.98600690815487979
0.98600690815487979
0.98606213249555685
0.98617236323166813
0.98633716533285754
0.98655588840052277
0.98682766923464083
0.98715143524042426
0.98752590866136281
0.98794961162194483
0.98842087196015616
0.98893782982674028
0.98949844502517359
0.99010050506338831
0.99074163388546888
0.99141930124885835
0.99213083271007019
0.99287342017949476
0.9936441330036464
0.99443992953111304
0.99525766911656588
0.99609412451545076
0.99694599462044842
0.99780991748943682
0.99868248361354084
0.99956024937290622
1.0004397506270939
1.0013175163864592
1.0021900825105632
1.0030540053795516
1.0039058754845491
1.004742330883434
1.005560070468887
1.0063558669963537
1.0071265798205051
1.0078691672899298
1.0085806987511416
1.0092583661145311
1.0098994949366116
1.0105015549748264
1.0110621701732596
1.0115791280398438
1.0120503883780552
1.0124740913386372
1.0128485647595757
1.0131723307653591
1.0134441115994772
1.0136628346671424
1.0138276367683319
1.013937867504443
1.0139930918451203
1.0139930918451203
1.013937867504443
1.0138276367683319
1.0136628346671424
1.0134441115994772
1.0131723307653591
1.0128485647595757
1.0124740913386372
1.0120503883780552
1.0115791280398438
1.0110621701732596
1.0105015549748264
1.0098994949366116
1.0092583661145311
1.0085806987511416
1.0078691672899298
1.0071265798205051
1.0063558669963537
1.005560070468887
1.004742330883434
1.0039058754845491
1.0030540053795516
1.0021900825105632
1.0013175163864592
1.0004397506270939
0.99956024937290622
0.99868248361354084
0.99780991748943682
0.99694599462044842
0.99609412451545076
0.99525766911656588
0.99443992953111304
0.99364413300364629
0.99287342017949487
0.99213083271007019
0.99141930124885835
0.99074163388546888
0.99010050506338831
0.98949844502517359
0.98893782982674039
0.98842087196015616
0.98794961162194483
0.98752590866136281
0.98715143524042426
0.98682766923464083
0.98655588840052277
0.98633716533285754
0.98617236323166813
0.98606213249555685
0.98600690815487979
0.98600690815487979
0.98606213249555685
0.98617236323166813
0.98633716533285754
0.98655588840052277
0.98682766923464083
0.98715143524042426
0.98752590866136281
0.98794961162194483
0.98842087196015616
0.98893782982674028
0.98949844502517359
0.99010050506338831
0.99074163388546888
0.99141930124885835
0.99213083271007019
0.99287342017949476
0.99364413300364629
0.99443992953111304
0.99525766911656588
0.99609412451545076
0.99694599462044842
0.9978099174894367
0.99868248361354073
0.99956024937290622
1.0004397506270937
1.0013175163864592
1.0021900825105632
1.0030540053795516
1.0039058754845491
1.004742330883434
1.005560070468887
1.0063558669963537
1.0071265798205051
1.0078691672899298
1.0085806987511416
1.0092583661145311
1.0098994949366116
1.0105015549748264
1.0110621701732596
1.0115791280398438
1.0120503883780552
1.0124740913386372
1.0128485647595757
1.0131723307653591
1.0134441115994772
1.0136628346671424
1.0138276367683319
1.013937867504443
1.0139930918451203
1.0139930918451203
1.013937867504443
1.0138276367683319
1.0136628346671424
1.0134441115994772
1.0131723307653591
1.0128485647595757
1.0124740913386372
1.0120503883780552
1.0115791280398438
1.0110621701732596
1.0105015549748264
1.0098994949366116
1.0092583661145311
1.0085806987511416
1.0078691672899298
1.0071265798205051
1.0063558669963537
1.005560070468887
1.004742330883434
1.0039058754845491
1.0030540053795516
1.0021900825105632
1.0013175163864592
1.0004397506270937
0.99956024937290622
0.99868248361354084
0.99780991748943682
0.99694599462044842
0.99609412451545076
0.99525766911656599
0.99443992953111304
0.99364413300364629
0.99287342017949487
0.99213083271007019
0.99141930124885835
0.99074163388546888
0.99010050506338831
0.98949844502517359
0.98893782982674039
0.98842087196015616
0.98794961162194483
0.98752590866136281
0.98715143524042426
0.98682766923464083
0.98655588840052277
0.98633716533285754
0.98617236323166813
0.98606213249555685
0.98600690815487979
0.98600690815487979
0.98606213249555685
0.98617236323166813
0.98633716533285754
0.98655588840052277
0.98682766923464083
0.98715143524042426
0.98752590866136281
0.98794961162194483
0.98842087196015616
0.98893782982674028
0.98949844502517359
0.99010050506338831
0.99074163388546888
0.99141930124885835
0.99213083271007019
0.99287342017949476
0.99364413300364629
0.99443992953111304
0.99525766911656588
0.99609412451545076
0.99694599462044842
0.9978099174894367
0.99868248361354073
0.99956024937290622
);

boundaryField
{
    left
    {
        type zeroGradient;
    }
    right
    {
        type zeroGradient;
    }
    sides
    {
        type empty;
    }
}
