FoamFile
{
    version     2.0;
    format      ascii;
    class       volScalarField;
    location    "0";
    object      rho;
}

dimensions [1 -3 0 0 0 0 0];
internalField nonuniform List<scalar>
400
(
1.0003141075907813
1.0009410831331851
1.0015643446504023
1.0021814324139655
1.0027899110603924
1.003387379202453
1.0039714789063479
1.0045399049973955
1.0050904141575037
1.0056208337785213
1.0061290705365298
1.0066131186532365
1.0070710678118655
1.0075011106963045
1.0079015501237569
1.0082708057427456
1.0086074202700395
1.0089100652418836
1.0091775462568398
1.0094088076895422
1.0096029368567694
1.0097591676193876
1.0098768834059513
1.0099556196460309
1.0099950656036574
1.0099950656036574
1.0099556196460309
1.0098768834059513
1.0097591676193876
1.0096029368567694
1.0094088076895422
1.0091775462568398
1.0089100652418836
1.0086074202700395
1.0082708057427456
1.0079015501237569
1.0075011106963045
1.0070710678118655
1.0066131186532365
1.0061290705365298
1.0056208337785213
1.0050904141575037
1.0045399049973955
1.0039714789063479
1.003387379202453
1.0027899110603924
1.0021814324139655
1.0015643446504023
1.0009410831331851
1.0003141075907813
0.99968589240921868
0.99905891686681481
0.99843565534959766
0.9978185675860346
0.99721008893960772
0.99661262079754709
0.99602852109365225
0.99546009500260457
0.99490958584249634
0.99437916622147871
0.99387092946347022
0.99338688134676345
0.99292893218813449
0.99249888930369545
0.99209844987624307
0.99172919425725437
0.99139257972996053
0.99108993475811635
0.99082245374316014
0.99059119231045778
0.99039706314323062
0.99024083238061256
0.99012311659404861
0.99004438035396924
0.99000493439634263
0.99000493439634263
0.99004438035396924
0.99012311659404861
0.99024083238061256
0.99039706314323062
0.99059119231045778
0.99082245374316014
0.99108993475811635
0.99139257972996053
0.99172919425725437
0.99209844987624307
0.99249888930369545
0.99292893218813449
0.99338688134676345
0.99387092946347022
0.99437916622147871
0.99490958584249634
0.99546009500260457
0.99602852109365214
0.99661262079754709
0.99721008893960772
0.9978185675860346
0.99843565534959766
0.99905891686681481
0.99968589240921868
1.0003141075907813
1.0009410831331851
1.0015643446504023
1.0021814324139655
1.0027899110603924
1.0033873792024528
1.0039714789063479
1.0045399049973955
1.0050904141575037
1.0056208337785213
1.0061290705365298
1.0066131186532365
1.0070710678118655
1.0075011106963045
1.0079015501237569
1.0082708057427456
1.0086074202700395
1.0089100652418836
1.0091775462568398
1.0094088076895422
1.0096029368567694
1.0097591676193876
1.0098768834059513
1.0099556196460309
1.0099950656036574
1.0099950656036574
1.0099556196460309
1.0098768834059513
1.0097591676193876
1.0096029368567694
1.0094088076895422
1.0091775462568398
1.0089100652418836
1.0086074202700395
1.0082708057427456
1.0079015501237569
1.0075011106963045
1.0070710678118655
1.0066131186532365
1.0061290705365298
1.0056208337785213
1.0050904141575037
1.0045399049973955
1.0039714789063479
1.003387379202453
1.0027899110603924
1.0021814324139655
1.0015643446504023
1.0009410831331851
1.0003141075907813
0.99968589240921868
0.99905891686681492
0.99843565534959766
0.9978185675860346
0.99721008893960772
0.99661262079754709
0.99602852109365225
0.99546009500260457
0.99490958584249634
0.99437916622147871
0.99387092946347022
0.99338688134676345
0.99292893218813449
0.99249888930369545
0.99209844987624307
0.99172919425725437
0.99139257972996053
0.99108993475811635
0.99082245374316014
0.99059119231045778
0.99039706314323062
0.99024083238061256
0.99012311659404861
0.99004438035396924
0.99000493439634263
0.99000493439634263
0.99004438035396924
0.99012311659404861
0.99024083238061256
0.99039706314323062
0.99059119231045778
0.99082245374316014
0.99108993475811635
0.99139257972996053
0.99172919425725437
0.99209844987624307
0.99249888930369545
0.99292893218813449
0.99338688134676345
0.99387092946347022
0.99437916622147871
0.99490958584249622
0.99546009500260457
0.99602852109365214
0.99661262079754709
0.99721008893960772
0.9978185675860346
0.99843565534959766
0.99905891686681481
0.99968589240921868
1.0003141075907813
1.0009410831331851
1.0015643446504023
1.0021814324139655
1.0027899110603924
1.003387379202453
1.0039714789063479
1.0045399049973955
1.0050904141575037
1.0056208337785213
1.0061290705365298
1.0066131186532365
1.0070710678118655
1.0075011106963045
1.0079015501237569
1.0082708057427456
1.0086074202700395
1.0089100652418836
1.0091775462568398
1.0094088076895422
1.0096029368567694
1.0097591676193876
1.0098768834059513
1.0099556196460309
1.0099950656036574
1.0099950656036574
1.0099556196460309
1.0098768834059513
1.0097591676193876
1.0096029368567694
1.0094088076895422
1.0091775462568398
1.0089100652418836
1.0086074202700395
1.0082708057427456
1.0079015501237569
1.0075011106963045
1.0070710678118655
1.0066131186532365
1.0061290705365298
1.0056208337785213
1.0050904141575037
1.0045399049973955
1.0039714789063479
1.003387379202453
1.0027899110603924
1.0021814324139655
1.0015643446504023
1.0009410831331851
1.0003141075907813
0.99968589240921868
0.99905891686681481
0.99843565534959766
0.9978185675860346
0.99721008893960772
0.99661262079754709
0.99602852109365225
0.99546009500260446
0.99490958584249634
0.99437916622147871
0.99387092946347022
0.99338688134676345
0.99292893218813449
0.99249888930369545
0.99209844987624307
0.99172919425725437
0.99139257972996053
0.99108993475811635
0.99082245374316025
0.99059119231045778
0.99039706314323062
0.99024083238061256
0.99012311659404861
0.99004438035396924
0.99000493439634274
0.99000493439634263
0.99004438035396924
0.99012311659404861
0.99024083238061256
0.99039706314323062
0.99059119231045778
0.99082245374316014
0.99108993475811635
0.99139257972996053
0.99172919425725437
0.99209844987624307
0.99249888930369545
0.99292893218813449
0.99338688134676345
0.99387092946347022
0.99437916622147871
0.99490958584249634
0.99546009500260446
0.99602852109365214
0.99661262079754709
0.99721008893960772
0.9978185675860346
0.99843565534959766
0.99905891686681481
0.99968589240921868
1.0003141075907813
1.0009410831331851
1.0015643446504023
1.0021814324139655
1.0027899110603924
1.0033873792024528
1.0039714789063479
1.0045399049973955
1.0050904141575037
1.0056208337785213
1.0061290705365298
1.0066131186532365
1.0070710678118655
1.0075011106963045
1.0079015501237569
1.0082708057427456
1.0086074202700395
1.0089100652418836
1.0091775462568398
1.0094088076895422
1.0096029368567694
1.0097591676193876
1.0098768834059513
1.0099556196460309
1.0099950656036574
1.0099950656036574
1.0099556196460309
1.0098768834059513
1.0097591676193876
1.0096029368567694
1.0094088076895422
1.0091775462568398
1.0089100652418836
1.0086074202700395
1.0082708057427456
1.0079015501237569
1.0075011106963045
1.0070710678118655
1.0066131186532365
1.0061290705365298
1.0056208337785213
1.0050904141575037
1.0045399049973955
1.0039714789063479
1.003387379202453
1.0027899110603924
1.0021814324139655
1.0015643446504023
1.0009410831331851
1.0003141075907813
0.99968589240921879
0.99905891686681481
0.99843565534959766
0.9978185675860346
0.99721008893960772
0.99661262079754709
0.99602852109365225
0.99546009500260446
0.99490958584249634
0.99437916622147871
0.99387092946347022
0.99338688134676345
0.99292893218813449
0.99249888930369545
0.99209844987624307
0.99172919425725437
0.99139257972996053
0.99108993475811635
0.99082245374316025
0.99059119231045778
0.99039706314323062
0.99024083238061256
0.99012311659404861
0.99004438035396924
0.99000493439634274
0.99000493439634263
0.99004438035396924
0.99012311659404861
0.99024083238061256
0.99039706314323062
0.99059119231045778
0.99082245374316014
0.99108993475811635
0.99139257972996053
0.99172919425725437
0.99209844987624307
0.99249888930369545
0.99292893218813449
0.99338688134676345
0.99387092946347022
0.99437916622147871
0.99490958584249634
0.99546009500260446
0.99602852109365214
0.99661262079754709
0.99721008893960772
0.9978185675860346
0.99843565534959766
0.99905891686681481
0.99968589240921868
);

boundaryField
{
    left
    {
        type zeroGradient;
    }
    right
    {
        type zeroGradient;
    }
    sides
    {
        type empty;
    }
}
