FoamFile
{
    version     2.0;
    format      ascii;
    class       volScalarField;
    location    "0";
    object      T;
}

dimensions [0 0 0 1 0 0 0];
internalField nonuniform List<scalar>
400
(
1.0001256035832737
1.0003760793313585
1.0006247605193845
1.0008706736498643
1.0011128596447252
1.0013503774405235
1.0015823074618311
1.0018077549631668
1.0020258532310331
1.0022357666387645
1.0024366935479805
1.0026278690514521
1.0028085675531238
1.0029781051818873
1.0031358420364713
1.003281184259482
1.003413585939209
1.0035325508383139
1.0036376339489044
1.0037284428738356
1.0038046390342987
1.0038659387039368
1.0039121138698177
1.0039429929206274
1.0039584611624546
1.0039584611624546
1.0039429929206274
1.0039121138698177
1.0038659387039368
1.0038046390342987
1.0037284428738356
1.0036376339489044
1.0035325508383139
1.003413585939209
1.003281184259482
1.0031358420364713
1.0029781051818873
1.0028085675531238
1.0026278690514521
1.0024366935479805
1.0022357666387645
1.0020258532310331
1.0018077549631668
1.0015823074618311
1.0013503774405235
1.0011128596447252
1.0008706736498643
1.0006247605193845
1.0003760793313585
1.0001256035832737
0.99987431748585587
0.99962321215804317
0.99937328173647633
0.99912551941411842
0.99888091342382668
0.99864044298385779
0.99840507422338176
0.99817575610707587
0.99795341637875834
0.99773895754478459
0.99753325291853001
0.99733714274773955
0.99715143044677612
0.99697687895587783
0.99681420724939451
0.99666408701462506
0.99652713952231364
0.99640393270907002
0.99629497849098247
0.99620073032646406
0.99612158104496284
0.99605786095654092
0.99600983625554484
0.99597770772963867
0.99596160978338899
0.99596160978338899
0.99597770772963867
0.99600983625554484
0.99605786095654092
0.99612158104496284
0.99620073032646406
0.99629497849098247
0.99640393270907002
0.99652713952231364
0.99666408701462506
0.9968142072493944
0.99697687895587783
0.99715143044677612
0.99733714274773955
0.99753325291853001
0.99773895754478459
0.99795341637875834
0.99817575610707576
0.99840507422338187
0.99864044298385779
0.99888091342382668
0.99912551941411842
0.99937328173647633
0.99962321215804317
0.99987431748585587
1.0001256035832735
1.0003760793313585
1.0006247605193845
1.0008706736498643
1.0011128596447252
1.0013503774405237
1.0015823074618311
1.0018077549631668
1.0020258532310331
1.0022357666387645
1.0024366935479805
1.0026278690514521
1.0028085675531238
1.0029781051818873
1.0031358420364713
1.003281184259482
1.003413585939209
1.0035325508383139
1.0036376339489044
1.0037284428738356
1.0038046390342987
1.0038659387039368
1.0039121138698177
1.0039429929206274
1.0039584611624546
1.0039584611624546
1.0039429929206274
1.0039121138698177
1.003865938703937
1.0038046390342987
1.0037284428738356
1.0036376339489044
1.0035325508383139
1.003413585939209
1.003281184259482
1.0031358420364713
1.0029781051818873
1.0028085675531238
1.0026278690514521
1.0024366935479805
1.0022357666387645
1.0020258532310331
1.0018077549631668
1.0015823074618311
1.0013503774405235
1.0011128596447252
1.0008706736498643
1.0006247605193845
1.0003760793313585
1.0001256035832737
0.99987431748585587
0.99962321215804306
0.99937328173647633
0.99912551941411842
0.99888091342382668
0.99864044298385779
0.99840507422338176
0.99817575610707587
0.99795341637875834
0.99773895754478459
0.99753325291853001
0.99733714274773955
0.99715143044677612
0.99697687895587783
0.99681420724939451
0.99666408701462506
0.99652713952231364
0.99640393270907002
0.99629497849098247
0.99620073032646406
0.99612158104496284
0.99605786095654092
0.99600983625554484
0.99597770772963867
0.99596160978338899
0.99596160978338899
0.99597770772963867
0.99600983625554484
0.99605786095654092
0.99612158104496284
0.99620073032646406
0.99629497849098247
0.99640393270907002
0.99652713952231364
0.99666408701462506
0.9968142072493944
0.99697687895587783
0.99715143044677612
0.99733714274773955
0.99753325291853001
0.99773895754478459
0.99795341637875845
0.99817575610707587
0.99840507422338187
0.99864044298385779
0.99888091342382668
0.99912551941411842
0.99937328173647633
0.99962321215804317
0.99987431748585587
1.0001256035832737
1.0003760793313585
1.0006247605193845
1.0008706736498643
1.0011128596447252
1.0013503774405235
1.0015823074618311
1.0018077549631668
1.0020258532310331
1.0022357666387645
1.0024366935479805
1.0026278690514521
1.0028085675531238
1.0029781051818873
1.0031358420364713
1.003281184259482
1.003413585939209
1.0035325508383139
1.0036376339489044
1.0037284428738356
1.0038046390342987
1.0038659387039368
1.0039121138698177
1.0039429929206274
1.0039584611624546
1.0039584611624546
1.0039429929206274
1.0039121138698177
1.0038659387039368
1.0038046390342987
1.0037284428738356
1.0036376339489044
1.0035325508383139
1.003413585939209
1.003281184259482
1.0031358420364713
1.0029781051818873
1.0028085675531238
1.0026278690514521
1.0024366935479805
1.0022357666387645
1.0020258532310331
1.0018077549631668
1.0015823074618311
1.0013503774405235
1.0011128596447252
1.0008706736498643
1.0006247605193845
1.0003760793313585
1.0001256035832737
0.99987431748585587
0.99962321215804317
0.99937328173647633
0.99912551941411842
0.99888091342382668
0.99864044298385779
0.99840507422338176
0.99817575610707587
0.99795341637875845
0.99773895754478459
0.99753325291853001
0.99733714274773955
0.99715143044677612
0.99697687895587783
0.99681420724939451
0.99666408701462506
0.99652713952231364
0.99640393270907002
0.99629497849098236
0.99620073032646406
0.99612158104496284
0.99605786095654092
0.99600983625554484
0.99597770772963867
0.99596160978338888
0.99596160978338899
0.99597770772963867
0.99600983625554484
0.99605786095654092
0.99612158104496284
0.99620073032646406
0.99629497849098247
0.99640393270907002
0.99652713952231364
0.99666408701462506
0.9968142072493944
0.99697687895587783
0.99715143044677612
0.99733714274773955
0.99753325291853001
0.99773895754478459
0.99795341637875834
0.99817575610707587
0.99840507422338187
0.99864044298385779
0.99888091342382668
0.99912551941411842
0.99937328173647622
0.99962321215804306
0.99987431748585587
1.0001256035832735
1.0003760793313585
1.0006247605193845
1.0008706736498643
1.0011128596447252
1.0013503774405237
1.0015823074618311
1.0018077549631668
1.0020258532310331
1.0022357666387645
1.0024366935479805
1.0026278690514521
1.0028085675531238
1.0029781051818873
1.0031358420364713
1.003281184259482
1.003413585939209
1.0035325508383139
1.0036376339489044
1.0037284428738356
1.0038046390342987
1.0038659387039368
1.0039121138698177
1.0039429929206274
1.0039584611624546
1.0039584611624546
1.0039429929206274
1.0039121138698177
1.0038659387039368
1.0038046390342987
1.0037284428738356
1.0036376339489044
1.0035325508383139
1.003413585939209
1.003281184259482
1.0031358420364713
1.0029781051818873
1.0028085675531238
1.0026278690514521
1.0024366935479805
1.0022357666387645
1.0020258532310331
1.0018077549631668
1.0015823074618311
1.0013503774405235
1.0011128596447252
1.0008706736498643
1.0006247605193845
1.0003760793313585
1.0001256035832735
0.99987431748585576
0.99962321215804317
0.99937328173647633
0.99912551941411842
0.99888091342382668
0.9986404429838579
0.99840507422338176
0.99817575610707587
0.99795341637875845
0.99773895754478459
0.99753325291853001
0.99733714274773955
0.99715143044677612
0.99697687895587783
0.99681420724939451
0.99666408701462506
0.99652713952231364
0.99640393270907002
0.99629497849098236
0.99620073032646406
0.99612158104496284
0.99605786095654092
0.99600983625554484
0.99597770772963867
0.99596160978338888
0.99596160978338899
0.99597770772963867
0.99600983625554484
0.99605786095654092
0.99612158104496284
0.99620073032646406
0.99629497849098247
0.99640393270907002
0.99652713952231364
0.99666408701462506
0.9968142072493944
0.99697687895587783
0.99715143044677612
0.99733714274773955
0.99753325291853001
0.99773895754478459
0.99795341637875834
0.99817575610707587
0.99840507422338187
0.99864044298385779
0.99888091342382668
0.99912551941411842
0.99937328173647622
0.99962321215804306
0.99987431748585587
);

boundaryField
{
    left
    {
        type zeroGradient;
    }
    right
    {
        type zeroGradient;
    }
    sides
    {
        type empty;
    }
}
