FoamFile
{
    version     2.0;
    format      ascii;
    class       volVectorField;
    location    "0";
    object      Us;
}

dimensions [0 1 -1 0 0 0 0];
internalField nonuniform List<vector>
400
(
(0.00031410759078128294 0 0)
(0.00094108313318514315 0 0)
(0.0015643446504023087 0 0)
(0.0021814324139654258 0 0)
(0.0027899110603922927 0 0)
(0.0033873792024529136 0 0)
(0.0039714789063478063 0 0)
(0.0045399049973954674 0 0)
(0.0050904141575037129 0 0)
(0.005620833778521306 0 0)
(0.0061290705365297637 0 0)
(0.0066131186532365181 0 0)
(0.0070710678118654745 0 0)
(0.0075011106963045965 0 0)
(0.0079015501237569025 0 0)
(0.0082708057427456176 0 0)
(0.0086074202700394363 0 0)
(0.008910065241883678 0 0)
(0.0091775462568398115 0 0)
(0.0094088076895422548 0 0)
(0.0096029368567694291 0 0)
(0.0097591676193874728 0 0)
(0.0098768834059513779 0 0)
(0.0099556196460308007 0 0)
(0.009995065603657316 0 0)
(0.009995065603657316 0 0)
(0.0099556196460308007 0 0)
(0.0098768834059513762 0 0)
(0.0097591676193874745 0 0)
(0.0096029368567694309 0 0)
(0.0094088076895422548 0 0)
(0.0091775462568398133 0 0)
(0.0089100652418836798 0 0)
(0.0086074202700394363 0 0)
(0.0082708057427456211 0 0)
(0.007901550123756906 0 0)
(0.0075011106963045974 0 0)
(0.0070710678118654762 0 0)
(0.0066131186532365181 0 0)
(0.0061290705365297637 0 0)
(0.0056208337785213051 0 0)
(0.0050904141575037146 0 0)
(0.0045399049973954683 0 0)
(0.0039714789063478063 0 0)
(0.0033873792024529132 0 0)
(0.0027899110603922909 0 0)
(0.0021814324139654232 0 0)
(0.0015643446504023098 0 0)
(0.00094108313318514358 0 0)
(0.00031410759078128239 0 0)
(-0.00031410759078127996 0 0)
(-0.00094108313318514109 0 0)
(-0.0015643446504023074 0 0)
(-0.0021814324139654249 0 0)
(-0.0027899110603922927 0 0)
(-0.0033873792024529149 0 0)
(-0.0039714789063478003 0 0)
(-0.0045399049973954622 0 0)
(-0.0050904141575037086 0 0)
(-0.0056208337785213025 0 0)
(-0.0061290705365297628 0 0)
(-0.0066131186532365173 0 0)
(-0.0070710678118654745 0 0)
(-0.0075011106963045948 0 0)
(-0.0079015501237569043 0 0)
(-0.0082708057427456159 0 0)
(-0.008607420270039438 0 0)
(-0.008910065241883678 0 0)
(-0.0091775462568398133 0 0)
(-0.0094088076895422514 0 0)
(-0.0096029368567694291 0 0)
(-0.0097591676193874728 0 0)
(-0.0098768834059513762 0 0)
(-0.0099556196460308007 0 0)
(-0.009995065603657316 0 0)
(-0.009995065603657316 0 0)
(-0.0099556196460308007 0 0)
(-0.0098768834059513779 0 0)
(-0.0097591676193874728 0 0)
(-0.0096029368567694309 0 0)
(-0.0094088076895422531 0 0)
(-0.009177546256839815 0 0)
(-0.0089100652418836798 0 0)
(-0.0086074202700394398 0 0)
(-0.0082708057427456176 0 0)
(-0.007901550123756906 0 0)
(-0.0075011106963045948 0 0)
(-0.0070710678118654771 0 0)
(-0.0066131186532365225 0 0)
(-0.0061290705365297654 0 0)
(-0.0056208337785213095 0 0)
(-0.005090414157503712 0 0)
(-0.00453990499739547 0 0)
(-0.0039714789063478037 0 0)
(-0.0033873792024529227 0 0)
(-0.0027899110603922966 0 0)
(-0.0021814324139654332 0 0)
(-0.0015643446504023113 0 0)
(-0.00094108313318514911 0 0)
(-0.00031410759078128364 0 0)
(0.00031410759078126982 0 0)
(0.00094108313318513534 0 0)
(0.0015643446504022974 0 0)
(0.0021814324139654197 0 0)
(0.0027899110603922836 0 0)
(0.0033873792024529097 0 0)
(0.0039714789063477994 0 0)
(0.0045399049973954657 0 0)
(0.0050904141575037077 0 0)
(0.0056208337785213051 0 0)
(0.0061290705365297619 0 0)
(0.0066131186532365199 0 0)
(0.0070710678118654736 0 0)
(0.0075011106963045913 0 0)
(0.0079015501237569025 0 0)
(0.0082708057427456159 0 0)
(0.0086074202700394363 0 0)
(0.0089100652418836763 0 0)
(0.0091775462568398133 0 0)
(0.0094088076895422548 0 0)
(0.0096029368567694326 0 0)
(0.0097591676193874745 0 0)
(0.0098768834059513779 0 0)
(0.0099556196460308007 0 0)
(0.009995065603657316 0 0)
(0.009995065603657316 0 0)
(0.0099556196460308007 0 0)
(0.0098768834059513796 0 0)
(0.009759167619387478 0 0)
(0.0096029368567694309 0 0)
(0.0094088076895422566 0 0)
(0.009177546256839815 0 0)
(0.008910065241883685 0 0)
(0.0086074202700394363 0 0)
(0.0082708057427456193 0 0)
(0.007901550123756906 0 0)
(0.0075011106963046017 0 0)
(0.007071067811865484 0 0)
(0.0066131186532365173 0 0)
(0.0061290705365297663 0 0)
(0.0056208337785213103 0 0)
(0.0050904141575037207 0 0)
(0.0045399049973954631 0 0)
(0.0039714789063478046 0 0)
(0.0033873792024529154 0 0)
(0.0027899110603922979 0 0)
(0.0021814324139654167 0 0)
(0.0015643446504023035 0 0)
(0.00094108313318514152 0 0)
(0.00031410759078128478 0 0)
(-0.00031410759078127752 0 0)
(-0.00094108313318513426 0 0)
(-0.0015643446504022963 0 0)
(-0.0021814324139654098 0 0)
(-0.0027899110603922905 0 0)
(-0.0033873792024529089 0 0)
(-0.0039714789063477977 0 0)
(-0.0045399049973954561 0 0)
(-0.0050904141575037146 0 0)
(-0.0056208337785213051 0 0)
(-0.0061290705365297602 0 0)
(-0.0066131186532365121 0 0)
(-0.0070710678118654788 0 0)
(-0.0075011106963045965 0 0)
(-0.0079015501237569025 0 0)
(-0.0082708057427456159 0 0)
(-0.0086074202700394328 0 0)
(-0.0089100652418836815 0 0)
(-0.0091775462568398115 0 0)
(-0.0094088076895422531 0 0)
(-0.0096029368567694291 0 0)
(-0.0097591676193874762 0 0)
(-0.0098768834059513779 0 0)
(-0.0099556196460308007 0 0)
(-0.009995065603657316 0 0)
(-0.009995065603657316 0 0)
(-0.0099556196460308007 0 0)
(-0.0098768834059513796 0 0)
(-0.009759167619387478 0 0)
(-0.0096029368567694326 0 0)
(-0.0094088076895422566 0 0)
(-0.0091775462568398167 0 0)
(-0.008910065241883685 0 0)
(-0.0086074202700394363 0 0)
(-0.0082708057427456193 0 0)
(-0.0079015501237569077 0 0)
(-0.0075011106963046017 0 0)
(-0.0070710678118654849 0 0)
(-0.0066131186532365181 0 0)
(-0.0061290705365297671 0 0)
(-0.0056208337785213112 0 0)
(-0.0050904141575037224 0 0)
(-0.004539904997395464 0 0)
(-0.0039714789063478055 0 0)
(-0.0033873792024529167 0 0)
(-0.0027899110603922988 0 0)
(-0.002181432413965418 0 0)
(-0.0015643446504023048 0 0)
(-0.00094108313318514271 0 0)
(-0.00031410759078128603 0 0)
(0.00031410759078127627 0 0)
(0.00094108313318515063 0 0)
(0.001564344650402295 0 0)
(0.0021814324139654258 0 0)
(0.0027899110603922896 0 0)
(0.0033873792024529245 0 0)
(0.0039714789063477968 0 0)
(0.0045399049973954718 0 0)
(0.0050904141575037129 0 0)
(0.0056208337785213182 0 0)
(0.0061290705365297593 0 0)
(0.0066131186532365242 0 0)
(0.0070710678118654779 0 0)
(0.0075011106963045835 0 0)
(0.0079015501237569025 0 0)
(0.0082708057427456037 0 0)
(0.0086074202700394311 0 0)
(0.0089100652418836728 0 0)
(0.0091775462568398115 0 0)
(0.0094088076895422479 0 0)
(0.0096029368567694291 0 0)
(0.0097591676193874728 0 0)
(0.0098768834059513779 0 0)
(0.0099556196460307989 0 0)
(0.009995065603657316 0 0)
(0.009995065603657316 0 0)
(0.0099556196460308007 0 0)
(0.0098768834059513796 0 0)
(0.0097591676193874745 0 0)
(0.0096029368567694326 0 0)
(0.0094088076895422514 0 0)
(0.0091775462568398167 0 0)
(0.0089100652418836763 0 0)
(0.0086074202700394363 0 0)
(0.0082708057427456107 0 0)
(0.0079015501237569095 0 0)
(0.0075011106963045913 0 0)
(0.0070710678118654858 0 0)
(0.0066131186532365329 0 0)
(0.006129070536529768 0 0)
(0.0056208337785213268 0 0)
(0.0050904141575037233 0 0)
(0.0045399049973954813 0 0)
(0.0039714789063478072 0 0)
(0.0033873792024529344 0 0)
(0.0027899110603923001 0 0)
(0.0021814324139654367 0 0)
(0.0015643446504023059 0 0)
(0.00094108313318516158 0 0)
(0.00031410759078128727 0 0)
(-0.00031410759078127502 0 0)
(-0.00094108313318514954 0 0)
(-0.0015643446504022937 0 0)
(-0.0021814324139654245 0 0)
(-0.0027899110603922883 0 0)
(-0.0033873792024529067 0 0)
(-0.0039714789063477959 0 0)
(-0.0045399049973954856 0 0)
(-0.0050904141575036964 0 0)
(-0.0056208337785213173 0 0)
(-0.0061290705365297724 0 0)
(-0.0066131186532365242 0 0)
(-0.0070710678118654771 0 0)
(-0.0075011106963045714 0 0)
(-0.0079015501237569008 0 0)
(-0.0082708057427456141 0 0)
(-0.0086074202700394311 0 0)
(-0.0089100652418836711 0 0)
(-0.0091775462568398046 0 0)
(-0.0094088076895422462 0 0)
(-0.0096029368567694326 0 0)
(-0.0097591676193874675 0 0)
(-0.0098768834059513779 0 0)
(-0.0099556196460308007 0 0)
(-0.0099950656036573143 0 0)
(-0.009995065603657316 0 0)
(-0.0099556196460308007 0 0)
(-0.0098768834059513796 0 0)
(-0.0097591676193874693 0 0)
(-0.0096029368567694378 0 0)
(-0.0094088076895422514 0 0)
(-0.0091775462568398098 0 0)
(-0.008910065241883678 0 0)
(-0.008607420270039438 0 0)
(-0.0082708057427456211 0 0)
(-0.0079015501237569095 0 0)
(-0.0075011106963045809 0 0)
(-0.0070710678118654866 0 0)
(-0.0066131186532365337 0 0)
(-0.0061290705365297828 0 0)
(-0.0056208337785213286 0 0)
(-0.0050904141575037086 0 0)
(-0.0045399049973954978 0 0)
(-0.0039714789063478081 0 0)
(-0.0033873792024529188 0 0)
(-0.0027899110603923009 0 0)
(-0.002181432413965438 0 0)
(-0.0015643446504023247 0 0)
(-0.00094108313318516288 0 0)
(-0.00031410759078127074 0 0)
(0.00031410759078125605 0 0)
(0.00094108313318514824 0 0)
(0.0015643446504023102 0 0)
(0.0021814324139654236 0 0)
(0.002789911060392287 0 0)
(0.0033873792024529054 0 0)
(0.0039714789063477942 0 0)
(0.0045399049973954848 0 0)
(0.0050904141575036956 0 0)
(0.0056208337785213155 0 0)
(0.0061290705365297715 0 0)
(0.0066131186532365225 0 0)
(0.0070710678118654762 0 0)
(0.0075011106963045705 0 0)
(0.0079015501237568991 0 0)
(0.0082708057427456124 0 0)
(0.0086074202700394294 0 0)
(0.0089100652418836711 0 0)
(0.0091775462568398046 0 0)
(0.0094088076895422462 0 0)
(0.0096029368567694326 0 0)
(0.0097591676193874675 0 0)
(0.0098768834059513779 0 0)
(0.0099556196460308007 0 0)
(0.0099950656036573143 0 0)
(0.009995065603657316 0 0)
(0.0099556196460308007 0 0)
(0.0098768834059513796 0 0)
(0.009759167619387471 0 0)
(0.0096029368567694378 0 0)
(0.0094088076895422531 0 0)
(0.0091775462568398098 0 0)
(0.008910065241883678 0 0)
(0.008607420270039438 0 0)
(0.0082708057427456211 0 0)
(0.0079015501237569095 0 0)
(0.0075011106963045809 0 0)
(0.0070710678118654866 0 0)
(0.0066131186532365337 0 0)
(0.0061290705365297836 0 0)
(0.0056208337785213294 0 0)
(0.0050904141575037103 0 0)
(0.0045399049973954995 0 0)
(0.0039714789063478089 0 0)
(0.0033873792024529206 0 0)
(0.0027899110603923022 0 0)
(0.0021814324139654388 0 0)
(0.001564344650402326 0 0)
(0.00094108313318516407 0 0)
(0.00031410759078127199 0 0)
(-0.0003141075907812548 0 0)
(-0.00094108313318514705 0 0)
(-0.0015643446504023089 0 0)
(-0.0021814324139654223 0 0)
(-0.0027899110603922862 0 0)
(-0.0033873792024529037 0 0)
(-0.0039714789063477933 0 0)
(-0.0045399049973954839 0 0)
(-0.0050904141575036947 0 0)
(-0.0056208337785213147 0 0)
(-0.0061290705365297706 0 0)
(-0.0066131186532365216 0 0)
(-0.0070710678118654762 0 0)
(-0.0075011106963045696 0 0)
(-0.0079015501237568991 0 0)
(-0.0082708057427456124 0 0)
(-0.0086074202700394294 0 0)
(-0.0089100652418836711 0 0)
(-0.0091775462568398029 0 0)
(-0.0094088076895422462 0 0)
(-0.0096029368567694326 0 0)
(-0.0097591676193874675 0 0)
(-0.0098768834059513779 0 0)
(-0.0099556196460308007 0 0)
(-0.0099950656036573143 0 0)
(-0.009995065603657316 0 0)
(-0.0099556196460308007 0 0)
(-0.0098768834059513796 0 0)
(-0.009759167619387471 0 0)
(-0.0096029368567694378 0 0)
(-0.0094088076895422531 0 0)
(-0.0091775462568398098 0 0)
(-0.0089100652418836798 0 0)
(-0.008607420270039438 0 0)
(-0.0082708057427456228 0 0)
(-0.0079015501237569112 0 0)
(-0.0075011106963045818 0 0)
(-0.0070710678118654884 0 0)
(-0.0066131186532365355 0 0)
(-0.0061290705365297854 0 0)
(-0.0056208337785213303 0 0)
(-0.0050904141575037112 0 0)
(-0.0045399049973955004 0 0)
(-0.0039714789063478098 0 0)
(-0.0033873792024529214 0 0)
(-0.0027899110603923035 0 0)
(-0.0021814324139654401 0 0)
(-0.0015643446504023271 0 0)
(-0.00094108313318516537 0 0)
(-0.00031410759078127323 0 0)
);

boundaryField
{
    left
    {
        type zeroGradient;
    }
    right
    {
        type zeroGradient;
    }
    sides
    {
        type empty;
    }
}
