                                                                               
                             
                                                                   
                                                            
                                          
                             
                                                                               
FoamFile
{
    version         2;
    format          ascii;
    class           volScalarField;
    location        "1/graphite";
    object          T;
}
                                                                               

dimensions      [ 0 0 0 1 0 0 0 ];

internalField nonuniform List<scalar>
6888
(
300
300
300
300
300
300
300
300
300
300
300
300
300
300
300
300
300
300
300
300
300
300
300
300
300
300
300
300
300
300
300
300
300
300
300
300
300
300
300
300
300
300
300
300
300
300
300
300
300
300
300
300
300
300
300
300
300
300
300
300
300
300
300
300
300
300
300
300
300
300
300
300
300
300
300
300
300
300
300
300
300
300
300
300
300
300
300
300
300
300
300
300
300
300
300
300
300
300
300
300
300
300
300
300
300
300
300
300
300
300
300
300
300
300
300
300
300
300
300
300
300
300
300
300
300
300
300
300
300
300
300
300
300
300
300
300
300
300
300
300
300
300
300
300
300
300
300
300
300
300
300
300
300
300
300
300
300
300
300
300
300
300
300
300
300
300
300
300
300
300
300
300
300
300
300
300
300
300
300
300
300
300
300
300
300
300
300
300
300
300
300
300
300
300
300
300
300
300
300
300
300
300
300
300
300
300
300
300
300
300
300
300
300
300
300
300
300
300
300
300
300
300
300
300
300
300
300
300
300
300
300
300
300
300
300
300
300
300
300
300
300
300
300
300
300
300
300
300
300
300
300
300
300
300
300
300
300
300
300
300
300
300
300
300
300
300
300
300
300
300
300
300
300
300
300
300
300
300
300
300
300
300
300
300
300
300
300
300
300
300
300
300
300
300
300
300
300
300
300
300
300
300
300
300
300
300
300
300
300
300
300
300
300
300
300
300
300
300
300
300
300
300
300
300
300
300
300
300
300
300
300
300
300
300
300
300
300
300
300
300
300
300
300
300
300
300
300
300
300
300
300
300
300
300
300
300
300
300
300
300
300
300
300
300
300
300
300
300
300
300
300
300
300
300
300
300
300
300
300
300
300
300
300
300
300
300
300
300
300
300
300
300
300
300
300
300
300
300
300
300
300
300
300
300
300
300
300
300
300
300
300
300
300
300
300
300
300
300
300
300
300
300
300
300
300
300
300
300
300
300
300
300
300
300
300
300
300
300
300
300
300
300
300
300
300
300
300
300
300
300
300
300
300
300
300
300
300
300
300
300
300
300
300
300
300
300
300
300
300
300
300
300
300
300
300
300
300
300
300
300
300
300
300
300
300
300
300
300
300
300
300
300
300
300
300
300
300
300
300
300
300
300
300
300
300
300
300
300
300
300
300
300
300
300
300
300
300
300
300
300
300
300
300
300
300
300
300
300
300
300
300
300
300
300
300
300
300
300
300
300
300
300
300
300
300
300
300
300
300
300
300
300
300
300
300
300
300
300
300
300
300
300
300
300
300
300
300
300
300
300
300
300
300
300
300
300
300
300
300
300
300
300
300
300
300
300
300
300
300
300
300
300
300
300
300
300
300
300
300
300
300
300
300
300
300
300
300
300
300
300
300
300
300
300
300
300
300
300
300
300
300
300
300
300
300
300
300
300
300
300
300
300
300
300
300
300
300
300
300
300
300
300
300
300
300
300
300
300
300
300
300
300
300
300
300
300
300
300
300
300
300
300
300
300
300
300
300
300
300
300
300
300
300
300
300
300
300
300
300
300
300
300
300
300
300
300
300
300
300
300
300
300
300
300
300
300
300
300
300
300
300
300
300
300
300
300
300
300
300
300
300
300
300
300
300
300
300
300
300
300
300
300
300
300
300
300
300
300
300
300
300
300
300
300
300
300
300
300
300
300
300
300
300
300
300
300
300
300
300
300
300
300
300
300
300
300
300
300
300
300
300
300
300
300
300
300
300
300
300
300
300
300
300
300
300
300
300
300
300
300
300
300
300
300
300
300
300
300
300
300
300
300
300
300
300
300
300
300
300
300
300
300
300
300
300
300
300
300
300
300
300
300
300
300
300
300
300
300
300
300
300
300
300
300
300
300
300
300
300
300
300
300
300
300
300
300
300
300
300
300
300
300
300
300
300
300
300
300
300
300
300
300
300
300
300
300
300
300
300
300
300
300
300
300
300
300
300
300
300
300
300
300
300
300
300
300
300
300
300
300
300
300
300
300
300
300
300
300
300
300
300
300
300
300
300
300
300
300
300
300
300
300
300
300
300
300
300
300
300
300
300
300
300
300
300
300
300
300
300
300
300
300
300
300
300
300
300
300
300
300
300
300
300
300
300
300
300
300
300
300
300
300
300
300
300
300
300
300
300
300
300
300
300
300
300
300
300
300
300
300
300
300
300
300
300
300
300
300
300
300
300
300
300
300
300
300
300
300
300
300
300
300
300
300
300
300
300
300
300
300
300
300
300
300
300
300
300
300
300
300
300
300
300
300
300
300
300
300
300
300
300
300
300
300
300
300
300
300
300
300
300
300
300
300
300
300
300
300
300
300
300
300
300
300
300
300
300
300
300
300
300
300
300
300
300
300
300
300
300
300
300
300
300
300
300
300
300
300
300
300
300
300
300
300
300
300
300
300
300
300
300
300
300
300
300
300
300
300
300
300
300
300
300
300
300
300
300
300
300
300
300
300
300
300
300
300
300
300
300
300
300
300
300
300
300
300
300
300
300
300
300
300
300
300
300
300
300
300
300
300
300
300
300
300
300
300
300
300
300
300
300
300
300
300
300
300
300
300
300
300
300
300
300
300
300
300
300
300
300
300
300
300
300
300
300
300
300
300
300
300
300
300
300
300
300
300
300
300
300
300
300
300
300
300
300
300
300
300
300
300
300
300
300
300
300
300
300
300
300
300
300
300
300
300
300
300
300
300
300
300
300
300
300
300
300
300
300
300
300
300
300
300
300
300
300
300
300
300
300
300
300
300
300
300
300
300
300
300
300
300
300
300
300
300
300
300
300
300
300
300
300
300
300
300
300
300
300
300
300
300
300
300
300
300
300
300
300
300
300
300
300
300
300
300
300
300
300
300
300
300
300
300
300
300
300
300
300
300
300
300
300
300
300
300
300
300
300
300
300
300
300
300
300
300
300
300
300
300
300
300
300
300
300
300
300
300
300
300
300
300
300
300
300
300
300
300
300
300
300
300
300
300
300
300
300
300
300
300
300
300
300
300
300
300
300
300
300
300
300
300
300
300
300
300
300
300
300
300
300
300
300
300
300
300
300
300
300
300
300
300
300
300
300
300
300
300
300
300
300
300
300
300
300
300
300
300
300
300
300
300
300
300
300
300
300
300
300.067637237
302.00141098
308.837475158
322.630506626
344.464134541
374.579001164
412.500676958
457.167429856
507.057848575
560.31831982
614.89035922
668.637795825
719.47380994
765.487824083
805.072246797
837.049069
860.796312557
876.37433064
884.651959432
887.432520636
887.561561259
887.4490016
887.336424191
887.223827686
887.11121061
886.998571351
886.885908141
886.773219037
886.660501897
886.547754357
886.434973801
886.322150808
886.208809874
886.094103506
885.978175765
885.86175959
885.745583065
885.630370046
885.516838801
885.405697349
885.297631888
885.592723369
886.936114316
888.676886892
888.96507208
885.643434114
875.788189603
869.5647973
875.532812147
882.407002933
300
300
300
300
300
300
300
300
300
300
300
300
300
300
300
300
300
300
300
300
300
300
300
300
300
300
300
300
300
300
300
300
300
300
300
300
300
300
300
300
300
300
300.065965539
301.952495146
308.620106898
322.069061811
343.350697943
372.693494347
409.628800216
453.116229134
501.668718378
553.477253172
606.535255807
658.762639488
708.129526788
752.779632535
791.153310928
822.110266674
845.051929839
860.04349412
867.935618137
870.485789297
870.461660367
870.203431237
869.94519516
869.686950684
869.428696223
869.170430035
868.912150209
868.653854644
868.395541023
868.137206787
867.878849101
867.620458802
867.361594517
867.101385653
866.839950716
866.578018583
866.316312173
866.055549132
865.79644021
865.539683841
865.285952769
865.433022427
866.619554034
868.200208533
868.339378009
864.896808372
854.982663124
848.710131205
854.567425116
861.365143181
300
300
300
300
300
300
300
300
300
300
300
300
300
300
300
300
300
300
300
300
300
300
300
300
300
300
300
300
300
300
300
300
300
300
300
300
300
300
300
300
300
300
300.064166362
301.899798068
308.385902167
321.464110632
342.150988046
370.661938092
406.534571912
448.751538436
495.862816727
546.107470415
597.534864251
648.125342824
695.910371438
739.09213915
776.16262392
806.022119816
828.097226149
842.458298394
849.936360695
852.239479659
852.051371917
851.637225416
851.223103336
850.80900422
850.394926466
849.980868303
849.566827775
849.152802719
848.738790738
848.324789175
847.910795073
847.496799686
847.082400358
846.666701351
846.249792722
845.832398478
845.415235368
844.999013619
844.584435007
844.17218656
843.762925118
843.751451119
844.76853806
846.175687926
846.155219189
842.588189106
832.625467222
826.309657425
832.040024412
838.746027677
300
300
300
300
300
300
300
300
300
300
300
300
300
300
300
300
300
300
300
300
300
300
300
300
300
300
300
300
300
300
300
300
300
300
300
300
300
300
300
300
300
300
300.06223204
301.843084679
308.133812632
320.8129512
340.85966865
368.475341746
403.204375058
444.054264395
489.614904688
538.177142682
587.85057474
636.680590099
682.764659871
724.367872072
760.037712972
788.718094969
809.862631234
823.547157278
830.581499564
832.62049125
832.257511733
831.677155107
831.096888774
830.516711479
829.936621806
829.356618158
828.776698737
828.196861522
827.617104239
827.037424334
826.457818932
825.878279979
825.298448724
824.717402283
824.135199192
823.552557717
822.97018733
822.388789497
821.809055394
821.2316586
820.657237317
820.476814743
821.311625951
822.531501516
822.34091388
818.647372084
808.650344821
802.299702788
807.884826382
814.481331046
300
300
300
300
300
300
300
300
300
300
300
300
300
300
300
300
300
300
300
300
300
300
300
300
300
300
300
300
300
300
300
300
300
300
300
300
300
300
300
300
300
300
300.060155075
301.782123475
307.86280665
320.112929398
339.471509197
366.124913446
399.624927061
439.005831254
482.900494293
529.655475084
577.445140389
624.384796511
668.642836262
708.551902037
742.719065785
770.135026679
790.282327245
803.242588688
809.80276613
811.560424411
811.011860685
810.255223011
809.498795513
808.742577489
807.986568064
807.230766168
806.475170517
805.719779586
804.964591578
804.209604398
803.454815607
802.700218282
801.945503422
801.189719137
800.432889277
799.67572543
798.918928593
798.163190009
797.409188464
796.657581825
795.908986645
795.549690137
796.189457944
797.208197074
796.837531884
793.017507356
783.005385252
776.63162351
782.050883073
788.517195136
300
300
300
300
300
300
300
300
300
300
300
300
300
300
300
300
300
300
300
300
300
300
300
300
300
300
300
300
300
300
300
300
300
300
300
300
300
300
300
300
300
300
300.057928369
301.716693393
307.571900474
319.361521361
337.981552277
363.602350561
395.783732619
433.588834783
475.696738665
520.513862636
566.284121059
611.197852944
653.499521679
691.594187524
724.152754558
750.215993742
769.297343812
781.484491648
787.539733791
788.999120735
788.254808451
787.312410877
786.37042426
785.428849015
784.487685373
783.546933359
782.606592764
781.666663127
780.7271437
779.788033411
778.849330834
777.911030835
776.972880691
776.033897972
775.094068669
774.154096723
773.214673389
772.276478114
771.340175352
770.406404811
769.475758135
768.928643346
769.361105551
770.165175758
769.605522254
765.66190609
755.660063563
749.279010782
754.509297885
760.821402634
300
300
300
300
300
300
300
300
300
300
300
300
300
300
300
300
300
300
300
300
300
300
300
300
300
300
300
300
300
300
300
300
300
300
300
300
300
300
300
300
300
300
300.055545537
301.646593074
307.260200362
318.556444776
336.385339498
360.900231062
391.669693528
427.787922042
467.983628599
510.727442889
554.337821117
597.085465775
637.296259329
673.452714879
704.293946836
728.914164721
746.859693195
758.224521449
763.744385126
764.889383893
763.940209389
762.803670723
761.66786133
760.532783602
759.398439729
758.264831685
757.131961201
755.999829737
754.868438455
753.737788177
752.607879351
751.4787096
750.350089708
749.22100572
748.091402764
746.961976162
745.833406121
744.706358642
743.581481797
742.459394538
741.340660159
740.598446806
740.812464438
741.389259489
740.633471365
736.573027133
726.614514159
720.247171084
725.262728935
731.392836949
300
300
300
300
300
300
300
300
300
300
300
300
300
300
300
300
300
300
300
300
300
300
300
300
300
300
300
300
300
300
300
300
300
300
300
300
300
300
300
300
300
300
300.053001323
301.571653225
306.92695876
317.695807382
334.67921275
358.012535259
387.27392116
421.590962837
459.745584897
500.277160807
541.583864925
582.022264818
620.005158883
654.097664324
683.11156065
706.197893911
722.937846956
733.431881057
738.387154323
739.203222326
738.041801018
736.704519519
735.3684526
734.033605877
732.699984755
731.367594414
730.036439778
728.706525494
727.377855895
726.050434966
724.724266304
723.399351658
722.075573212
720.751885402
719.428189902
718.105172485
716.783501016
715.463826386
714.146778181
712.832951929
711.522879082
710.580870616
710.567276702
710.905943444
709.949604091
705.784269259
695.911677861
689.585530285
694.357834389
700.273883859
300
300
300
300
300
300
300
300
300
300
300
300
300
300
300
300
300
300
300
300
300
300
300
300
300
300
300
300
300
300
300
300
300
300
300
300
300
300
300
300
300
300
300.050292137
301.49175294
306.571648628
316.7783034
332.86071262
354.935335531
382.590810067
414.990596964
450.973560509
489.152493442
528.010593646
565.995900435
601.613698368
633.516896683
660.594392562
682.057426598
697.523938931
707.100934684
711.464867425
711.940049492
710.561632293
709.019696066
707.479692937
705.941633529
704.405528256
702.871387295
701.339220563
699.809037692
698.280847993
696.754660426
695.230483554
693.708325173
692.188147318
690.668874111
689.15036196
687.633286275
686.118301371
684.606041427
683.097115498
681.592093076
680.091470416
678.948780917
678.701531564
678.794098935
677.636809857
673.385367688
663.653137291
657.403788922
661.90149401
667.566611053
300
300
300
300
300
300
300
300
300
300
300
300
300
300
300
300
300
300
300
300
300
300
300
300
300
300
300
300
300
300
300
300
300
300
300
300
300
300
300
300
300
300
300.047416759
301.406841122
306.194061048
315.803471567
330.929101655
351.667701961
377.619447237
407.986264473
441.667797932
477.355022567
513.621517522
549.012411663
582.131013335
611.723136748
636.759137653
656.513671192
670.643185013
679.261160991
683.011119077
683.137397031
681.541071698
679.794464804
678.050830823
676.310187895
674.572553946
672.837946666
671.106383484
669.377881543
667.652457664
665.930128318
664.210909579
662.494817942
660.781904087
659.07106518
657.362111852
655.655708543
653.952495019
652.253087341
650.558072182
648.867990652
647.18330088
645.844479629
645.362199233
645.205102263
643.852190215
639.542412736
630.019678796
623.892882554
628.081869825
633.453791147
300
300
300
300
300
300
300
300
300
300
300
300
300
300
300
300
300
300
300
300
300
300
300
300
300
300
300
300
300
300
300
300
300
300
300
300
300
300
300
300
300
300
300.044377256
301.316964427
305.794432692
314.772032167
328.886047819
348.212885014
372.365451998
400.586855659
431.841427245
464.90309512
498.441122013
531.103224571
561.596093429
588.76333235
611.660835361
629.629621198
642.366144693
649.990105131
653.109771913
652.884848263
651.075121186
649.129311316
647.187951992
645.251072331
643.318701239
641.390867392
639.467599209
637.548924828
635.634872078
633.725468442
631.820741026
629.920718619
628.025549329
626.134109722
624.246166189
622.362371953
620.483351585
618.609701999
616.741986072
614.88071474
613.026305943
611.503475411
610.791513969
610.387632177
608.852397413
604.523786954
595.297902658
589.352088525
593.195659088
598.226125112
300
300
300
300
300
300
300
300
300
300
300
300
300
300
300
300
300
300
300
300
300
300
300
300
300
300
300
300
300
300
300
300
300
300
300
300
300
300
300
300
300
300
300.041180152
301.222303542
305.373611515
313.686325232
326.736513083
344.579853029
366.843367529
392.814154819
421.525140858
451.837876855
482.522407835
512.334238266
540.088421346
564.730799094
585.40642096
601.525169204
612.824619867
619.430168694
621.912451908
621.342092278
619.33095999
617.19897739
615.073514173
612.954615158
610.842324963
608.736687986
606.637748384
604.545550051
602.460136587
600.381551273
598.309837034
596.245039815
594.187413296
592.135824106
590.089999058
588.050580435
586.018177562
583.99336782
581.97668963
579.968622958
577.969544985
576.285200127
575.358354024
574.719717607
573.026379848
568.733670654
559.914563152
554.223985363
557.683261153
562.317392934
300
300
300
300
300
300
300
300
300
300
300
300
300
300
300
300
300
300
300
300
300
300
300
300
300
300
300
300
300
300
300
300
300
300
300
300
300
300
300
300
300
300
300.03783794
301.123220105
304.933271263
312.550878073
324.489904369
340.785283532
361.079757907
384.707299306
410.773245433
438.231187922
465.956648508
492.817580675
517.741734961
539.780926926
558.17224761
572.396257143
582.232202959
587.810304932
589.661150506
588.762243745
586.571893518
584.277041192
581.991569359
579.715544925
577.449034614
575.192104953
572.944822255
570.707252597
568.479461795
566.261515381
564.053478574
561.855420963
559.667708364
557.489214247
555.31963511
553.159603373
551.009713954
548.870525341
546.742552058
544.626243916
542.521939161
540.71259677
539.598687015
538.750047649
536.937589887
532.755214325
524.480776508
519.139433735
522.174047298
526.349727593
300
300
300
300
300
300
300
300
300
300
300
300
300
300
300
300
300
300
300
300
300
300
300
300
300
300
300
300
300
300
300
300
300
300
300
300
300
300
300
300
300
300
300.03437101
301.020317176
304.476188314
311.373137955
322.161559567
336.856134255
355.117206457
376.328535626
399.671473132
424.195614774
448.88598055
472.726774476
494.761778483
514.151435606
530.226678871
542.539563479
550.910761091
555.473976184
556.717345648
555.521883978
553.188201231
550.767574974
548.360245202
545.966309469
543.585865184
541.219009591
538.86583976
536.526452568
534.20094468
531.889412531
529.591952301
527.308665841
525.04003462
522.784964315
520.543137085
518.315177695
516.101668816
513.903152222
511.720120985
509.552998052
507.402088213
505.523027003
504.267583177
503.25110154
501.378267249
497.406045525
489.848813777
484.975334791
487.54451535
491.191803755
300
300
300
300
300
300
300
300
300
300
300
300
300
300
300
300
300
300
300
300
300
300
300
300
300
300
300
300
300
300
300
300
300
300
300
300
300
300
300
300
300
300
300.03081011
300.914516967
304.00659794
310.164415415
319.774661037
332.832953854
349.019464266
367.770630755
388.347038028
409.897526954
431.519608352
452.316254415
471.449143259
488.188433768
501.959149643
512.38425323
519.32449144
522.915097722
523.599435801
522.159672541
519.73678138
517.24582718
514.77348222
512.319886114
509.885178373
507.469498398
505.07298547
502.695778736
500.338017201
497.999839711
495.68138494
493.382798368
491.104675409
488.84599132
486.606439515
484.386640903
482.187169978
480.008556239
477.851276534
475.715733946
473.60221067
471.733608613
470.405975945
469.287348654
467.439118369
463.80949953
457.184929604
452.928665671
454.992862658
458.033487406
300
300
300
300
300
300
300
300
300
300
300
300
300
300
300
300
300
300
300
300
300
300
300
300
300
300
300
300
300
300
300
300
300
300
300
300
300
300
300
300
300
300
300.027199477
300.8071605
303.530651726
308.941095944
317.362693987
328.774135606
342.87806506
359.166393805
376.981555062
395.573797481
414.154617437
431.946431975
448.228596737
462.379875654
473.917471546
482.532729178
488.123624707
490.824157846
491.030765458
489.425877687
486.992002666
484.510401188
482.054562301
479.624682786
477.220959382
474.843588786
472.49276765
470.168692574
467.871560105
465.601566729
463.358908868
461.143790542
458.956910967
456.797369035
454.664908676
452.560152958
450.483674956
448.435999577
446.417596726
444.428861981
442.470073599
440.724932631
439.426207628
438.302646098
436.598608947
433.485877894
428.06260828
424.611234868
426.134463691
428.481449566
300
300
300
300
300
300
300
300
300
300
300
300
300
300
300
300
300
300
300
300
300
300
300
300
300
300
300
300
300
300
300
300
300
300
300
300
300
300
300
300
300
300
300.023600808
300.700135116
303.057003652
307.726193351
314.972598722
324.761372193
336.820808018
350.700886147
365.827605749
381.55324142
397.202658407
412.115826537
425.686675825
437.398440074
446.855638108
453.812845589
458.200413698
460.147294278
460.001134375
458.345806423
456.010821908
453.650068733
451.32464683
449.034830047
446.780892278
444.563107461
442.381749586
440.237092699
438.129410904
436.058978373
434.026069347
432.030965866
430.074447697
428.155814503
426.274919279
424.432396287
422.6288277
420.864746108
419.140629507
417.456885994
415.813819565
414.34817373
413.221485797
412.232073911
410.837223404
408.469198737
404.581787419
402.170794927
403.123946024
404.681460023
300
300
300
300
300
300
300
300
300
300
300
300
300
300
300
300
300
300
300
300
300
300
300
300
300
300
300
300
300
300
300
300
300
300
300
300
300
300
300
300
300
300
300.020098283
300.596037333
302.597559753
306.551337728
312.668805914
320.906639269
331.022618409
342.627054023
355.229946436
368.284060979
381.224104374
393.502191933
404.619799909
414.156401913
421.794992886
427.344708675
430.760753836
432.161854862
431.845460612
430.300916287
428.21604917
426.129199634
424.090407945
422.100051135
420.158506383
418.266151031
416.423362593
414.630518769
412.887997465
411.196176806
409.555435155
407.966157907
406.429162291
404.944057717
403.510891835
402.130323253
400.802958942
399.52935785
398.310029188
397.145424359
396.035918185
395.061955491
394.305754409
393.644857408
392.783485366
391.456371916
389.508494705
388.288967602
388.724813625
389.459329562
300
300
300
300
300
300
300
300
300
300
300
300
300
300
300
300
300
300
300
300
300
300
300
300
300
300
300
300
300
300
300
300
300
300
300
300
300
300
300
300
300
300
300.016804918
300.498380489
302.168435523
305.45931592
310.538394773
317.361123595
325.719433197
335.285715427
345.65262322
356.36893261
366.971716594
377.015086916
386.095766125
393.87575841
400.102394012
404.626028192
407.415681999
408.572918304
408.344252821
407.132406078
405.502683476
403.896858015
402.355932374
400.880420891
399.470838188
398.127699187
396.851519133
395.642813622
394.50209863
393.429890537
392.426706167
391.493067099
390.629755457
389.83543777
389.06902702
388.311486024
387.562822493
386.823027169
386.092071143
385.369898238
384.656408215
384.001022538
383.45894432
382.963086068
382.319827706
381.312757969
379.698347366
378.632540297
378.966468186
379.568460028
300
300
300
300
300
300
300
300
300
300
300
300
300
300
300
300
300
300
300
300
300
300
300
300
300
300
300
300
300
300
300
300
300
300
300
300
300
300
300
300
300
300
300.013870561
300.411859135
301.791177042
304.50731388
308.697678436
314.32662331
321.225932774
329.131083696
337.713597777
346.609811731
355.446400478
363.862996802
371.53225938
378.177749473
383.589985018
387.6410493
390.298139787
391.636451195
391.851795283
391.273368339
390.373561542
389.513612788
388.671763425
387.840986625
387.021159984
386.212161073
385.413867442
384.62615661
383.848906072
383.081993291
382.325295697
381.578694541
380.842323693
380.115686375
379.398453432
378.690604267
377.992100884
377.302888688
376.622894012
375.952017002
375.290115943
374.678825244
374.161530398
373.683521083
373.085950001
372.192037468
370.806513553
369.887683361
370.134799638
370.61908125
300
300
300
300
300
300
300
300
300
300
300
300
300
300
300
300
300
300
300
300
300
300
300
300
300
300
300
300
300
300
300
300
300
300
300
300
300
300
300
300
300
300
300.011491964
300.342685242
301.494316642
303.771050233
307.300602346
312.070089401
317.958160544
324.763328034
332.228919659
340.065088706
347.961357556
355.570993037
362.584912361
368.737274584
373.817905682
377.688095511
380.295380554
381.687367185
382.024648182
381.592863239
380.81072599
380.010320478
379.221735328
378.444806407
377.679369557
376.925260603
376.182315344
375.450369558
374.729258995
374.018819377
373.318886398
372.629299588
371.950152239
371.280927854
370.62125858
369.971068307
369.33026418
368.69873745
368.076361229
367.46298395
366.858414949
366.297331206
365.81300923
365.361641085
364.814672875
364.029317265
362.85032867
362.063747643
362.240322518
362.625123089
300
300
300
300
300
300
300
300
300
300
300
300
300
300
300
300
300
300
300
300
300
300
300
300
300
300
300
300
300
300
300
300
300
300
300
300
300
300
300
300
300
300
300.009924899
300.298702027
301.310950823
303.326618109
306.470754436
310.740435971
316.030053969
322.155054215
328.874206099
335.910478387
342.970596033
349.76334974
356.016727299
361.493933091
366.008359425
369.437570778
371.736359279
372.948927153
373.220249152
372.806665328
372.08280074
371.344415042
370.617995019
369.903321633
369.200175827
368.508338518
367.827590596
367.157712927
366.498486344
365.849691652
365.211109621
364.582524808
363.963972665
363.354904919
362.754903792
362.163825425
361.58151016
361.007783391
360.442453523
359.885305919
359.336089634
358.82367721
358.373232121
357.950029951
357.450133926
356.757634513
355.747447762
355.067385266
355.189868756
355.496938202
300
300
300
300
300
300
300
300
300
300
300
300
300
300
300
300
300
300
300
300
300
300
300
300
300
300
300
300
300
300
300
300
300
300
300
300
300
300
300
300
300
300
300.008875935
300.267765661
301.175186081
302.981253555
305.796823035
309.617978367
314.348955673
319.823588603
325.825360695
332.106146553
338.403720006
344.458103862
350.026832332
354.899193651
358.909516881
361.94956333
363.980079491
365.041564821
365.26430419
364.877711218
364.216324363
363.543074308
362.881191233
362.23038418
361.590362159
360.960834147
360.341509087
359.732095882
359.1323034
358.541840464
357.960415852
357.387742064
356.823779482
356.267928068
355.719701645
355.178872814
354.645199473
354.118425566
353.598279074
353.084466195
352.57665866
352.099496136
351.672235491
351.267080672
350.797712701
350.166349873
349.266578723
348.652341486
348.735832835
348.990385279
300
300
300
300
300
300
300
300
300
300
300
300
300
300
300
300
300
300
300
300
300
300
300
300
300
300
300
300
300
300
300
300
300
300
300
300
300
300
300
300
300
300
300.007914699
300.239426868
301.051014497
302.665908051
305.182498846
308.596477468
312.821497082
317.708454583
323.063477867
328.66470282
334.277918894
339.671157508
344.628292753
348.961719247
352.524167242
355.219710443
357.014017249
357.943891478
358.126143915
357.765831323
357.161420399
356.546380499
355.94100593
355.344911823
354.757713261
354.17902528
353.608462867
353.04564095
352.490174402
351.941678033
351.39976659
350.86405856
350.334424649
349.810180877
349.29074291
348.77577944
348.264945378
347.757882335
347.254216326
346.753551556
346.255457129
345.782460132
345.350177044
344.93529119
344.460669653
343.836129367
342.960908478
342.35166661
342.407637519
342.638054351
300
300
300
300
300
300
300
300
300
300
300
300
300
300
300
300
300
300
300
300
300
300
300
300
300
300
300
300
300
300
300
300
300
300
300
300
300
300
300
300
300
300
300.007044913
300.213784819
300.938775301
302.38116812
304.628341702
307.675822639
311.445847912
315.804661307
320.578631315
325.569271607
330.567239006
335.365377681
339.770872109
343.616565158
346.771491447
349.150669972
350.724193766
351.52564819
351.659883253
351.310159149
350.742412608
350.163432887
349.590830341
349.024097852
348.46272823
347.906214214
347.354048467
346.805723568
346.260732013
345.718566207
345.178718459
344.640685119
344.10423962
343.568563379
343.03292694
342.496868745
341.95991369
341.421573034
340.881341244
340.338688268
339.793043537
339.267670436
338.776609033
338.298375775
337.755082213
337.051724225
336.078894889
335.386944254
335.419953502
335.657140776
300
300
300
300
300
300
300
300
300
300
300
300
300
300
300
300
300
300
300
300
300
300
300
300
300
300
300
300
300
300
300
300
300
300
300
300
300
300
300
300
300
300
300.006262076
300.190675069
300.83757382
302.124284027
304.128004383
306.843714581
310.200858567
314.078891379
318.321769827
322.751459083
327.180519188
331.423827295
335.309483376
338.688938969
341.446380413
343.507389879
344.846899384
345.496444801
345.550718786
345.173413344
344.600276722
344.012947733
343.426475027
342.840192775
342.253435043
341.665535793
341.075828876
340.483648024
339.888326847
339.289198822
338.685597292
338.07686053
337.462671177
336.841997749
336.213892724
335.577730223
334.932870409
334.279010638
333.616615753
332.946217253
332.268296706
331.611254412
330.989000723
330.380013585
329.699158617
328.843388733
327.701946191
326.893883328
326.8966058
327.143525167
300
300
300
300
300
300
300
300
300
300
300
300
300
300
300
300
300
300
300
300
300
300
300
300
300
300
300
300
300
300
300
300
300
300
300
300
300
300
300
300
300
300
300.005549489
300.169537182
300.744664768
301.887518488
303.664851349
306.069765412
309.036812751
312.456090056
316.186391223
320.067471615
323.931467033
327.613499786
330.961493614
333.845208521
336.164495982
337.85676426
338.903632974
339.336745347
339.24269591
338.76702079
338.11536525
337.443556515
336.763992475
336.075801757
335.378112846
334.670097773
333.951764625
333.223835162
332.487050119
331.742150288
330.98987653
330.230976579
329.466659449
328.697188821
327.922934524
327.144690959
326.363235801
325.579328598
324.793705363
324.007067246
323.220058672
322.463434333
321.746849209
321.049602218
320.288152401
319.365178925
318.186362536
317.359528092
317.326506137
317.548465642
300
300
300
300
300
300
300
300
300
300
300
300
300
300
300
300
300
300
300
300
300
300
300
300
300
300
300
300
300
300
300
300
300
300
300
300
300
300
300
300
300
300
300.004873006
300.149236306
300.654619128
301.655915331
303.207391386
305.297534066
307.862953242
310.801389523
313.983862649
317.265982577
320.498431348
323.536609856
326.249429771
328.527216926
330.288678569
331.487053358
332.116157333
332.213470156
331.861908231
331.190773062
330.373936555
329.539423187
328.698689063
327.852700667
327.002424568
326.148827431
325.292876015
324.435537183
323.577777901
322.72056525
321.864866422
321.01165692
320.162460655
319.31767886
318.477849372
317.644007752
316.817168746
315.998326069
315.188448229
314.388468963
313.599268529
312.849796484
312.143634509
311.464051168
310.741915508
309.901567066
308.881394863
308.178608037
308.121244509
308.283623208
300
300
300
300
300
300
300
300
300
300
300
300
300
300
300
300
300
300
300
300
300
300
300
300
300
300
300
300
300
300
300
300
300
300
300
300
300
300
300
300
300
300
300.004174139
300.127824843
300.558208436
301.404309783
302.703158778
304.43386083
306.530917413
308.89713851
311.415445395
313.95963933
316.404079358
318.632173308
320.54362216
322.060373305
323.131253709
323.735269388
323.883573078
323.62011738
323.021026135
322.192732227
321.267846846
320.339408892
319.415998439
318.498873509
317.589292264
316.688513013
315.797794216
314.918394491
314.05157262
313.198587558
312.360698438
311.539172985
310.735831954
309.951354704
309.186582815
308.442857529
307.721498633
307.023806353
306.351060351
305.704515447
305.085392447
304.514973341
303.991055963
303.50336943
303.011278221
302.478412631
301.891037628
301.514599966
301.470226767
301.541455118
300
300
300
300
300
300
300
300
300
300
300
300
300
300
300
300
300
300
300
300
300
300
300
300
300
300
300
300
300
300
300
300
300
300
300
300
300
300
300
300
300
300
300.003364078
300.102419488
300.442474842
301.09988933
302.090228809
303.382508837
304.912315872
306.593699853
308.329751407
310.021796968
311.577165164
312.915497868
313.973599371
314.708837182
315.101128055
315.153562868
314.891744087
314.361929602
313.628096814
312.768060932
311.868161712
310.984487111
310.122796234
309.284722475
308.471899429
307.6859609
306.92854091
306.201273706
305.505793769
304.843735826
304.216734855
303.62643245
303.074867942
302.563222696
302.092858824
301.665506936
301.282881683
300.946687138
300.658621769
300.420384488
300.233683906
300.103856305
300.026894787
300.000045962
300
300
300
300
300
300
300
300
300
300
300
300
300
300
300
300
300
300
300
300
300
300
300
300
300
300
300
300
300
300
300
300
300
300
300
300
300
300
300
300
300
300
300
300
300
300
300
300
300.002413995
300.072569362
300.307836764
300.750070978
301.395266799
302.206962736
303.128064506
304.091033843
305.026414145
305.869690476
306.56650747
307.076294681
307.374374966
307.452657472
307.319042893
306.995694618
306.516355505
305.922916015
305.261465515
304.578084613
303.914441605
303.293906283
302.720040529
302.194960235
301.720781568
301.29962098
300.933595215
300.624821322
300.375416663
300.187498928
300.063186142
300.004596979
300
300
300
300
300
300
300
300
300
300
300
300
300
300
300
300
300
300
300
300
300
300
300
300
300
300
300
300
300
300
300
300
300
300
300
300
300
300
300
300
300
300
300
300
300
300
300
300
300
300
300
300
300
300
300
300
300
300
300
300
300.001422439
300.041586355
300.17021201
300.398597012
300.709775005
301.069934581
301.437851214
301.772360757
302.037936693
302.208467022
302.269360339
302.218144329
302.063753635
301.824737705
301.526652968
301.198937384
300.871599136
300.57208495
300.322727294
300.139203421
300.030471187
300
300
300
300
300
300
300
300
300
300
300
300
300
300
300
300
300
300
300
300
300
300
300
300
300
300
300
300
300
300
300
300
300
300
300
300
300
300
300
300
300
300
300
300
300
300
300
300
300
300
300
300
300
300
300
300
300
300
300
300
300
300
300
300
300
300
300
300
300
300
300
300.000550867
300.01485168
300.054984168
300.114350257
300.176683509
300.224052307
300.242585864
300.226076667
300.177656494
300.109786657
300.042846679
300.002649136
300
300
300
300
300
300
300
300
300
300
300
300
300
300
300
300
300
300
300
300
300
300
300
300
300
300
300
300
300
300
300
300
300
300
300
300
300
300
300
300
300
300
300
300
300
300
300
300
300
300
300
300
300
300
300
300
300
300
300
300
300
300
300
300
300
300
300
300
300
300
300
300
300
300
300
300
300
300
300
300
300.000037024
300.00044808
300.00025945
300
300
300
300
300
300
300
300
300
300
300
300
300
300
300
300
300
300
300
300
300
300
300
300
300
300
300
300
300
300
300
300
300
300
300
300
300
300
300
300
300
300
300
300
300
300
300
300
300
300
300
300
300
300
300
300
300
300
300
300
300
300
300
300
300
300
300
300
300
300
300
300
300
300
300
300
300
300
300
300
300
300
300
300
300
300
300
300
300
300
300
300
300
300
300
300
300
300
300
300
300
300
300
300
300
300
300
300
300
300
300
300
300
300
300
300
300
300
300
300
300
300
300
300
300
300
300
300
300
300
300
300
300
300
300
300
300
300
300
300
300
300
300
300
300
300
300
300
300
300
300
300
300
300
300
300
300
300
300
300
300
300
300
300
300
300
300
300
300
300
300
300
300
300
300
300
300
300
300
300
300
300
300
300
300
300
300
300
300
300
300
300
300
300
300
300
300
300
300
300
300
300
300
300
300
300
300
300
300
300
300
300
300
300
300
300
300
300
300
300
300
300
300
300
300
300
300
300
300
300
300
300
300
300
300
300
300
300
300
300
300
300
300
300
300
300
300
300
300
300
300
300
300
300
300
300
300
300
300
300
300
300
300
300
300
300
300
300
300
300
300
300
300
300
300
300
300
300
300
300
300
300
300
300
300
300
300
300
300
300
300
300
300
300
300
300
300
300
300
300
300
300
300
300
300
300
300
300
300
300
300
300
300
300
300
300
300
300
300
300
300
300
300
300
300
300
300
300
300
300
300
300
300
300
300
300
300
300
300
300
300
300
300
300
300
300
300
300
300
300
300
300
300
300
300
300
300
300
300
300
300
300
300
300
300
300
300
300
300
300
300
300
300
300
300
300
300
300
300
300
300
300
300
300
300
300
300
300
300
300
300
300
300
300
300
300
300
300
300
300
300
300
300
300
300
300
300
300
300
300
300
300
300
300
300
300
300
300
300
300
300
300
300
300
300
300
300
300
300
300
300
300
300
300
300
300
300
300
300
300
300
300
300
300
300
300
300
300
300
300
300
300
300
300
300
300
300
300
300
300
300
300
300
300
300
300
300
300
300
300
300
300
300
300
300
300
300
300
300
300
300
300
300
300
300
300
300
300
300
300
300
300
300
300
300
300
300
300
300
300
300
300
300
300
300
300
300
300
300
300
300
300
300
300
300
300
300
300
300
300
300
300
300
300
300
300
300
300
300
300
300
300
300
300
300
300
300
300
300
300
300
300
300
300
300
300
300
300
300
300
300
300
300
300
300
300
300
300
300
300
300
300
300
300
300
300
300
300
300
300
300
300
300
300
300
300
300
300
300
300
300
300
300
300
300
300
300
300
300
300
300
300
300
300
300
300
300
300
300
300
300
300
300
300
300
300
300
300
300
300
300
300
300
300
300
300
300
300
300
300
300
300
300
300
300
300
300
300
300
300
300
300
300
300
300
300
300
300
300
300
300
300
300
300
300
300
300
300
300
300
300
300
300
300
300
300
300
300
300
300
300
300
300
300
300
300
300
300
300
300
300
300
300
300
300
300
300
300
300
300
300
300
300
300
300
300
300
300
300
300
300
300
300
300
300
300
300
300
300
300
300
300
300
300
300
300
300
300
300
300
300
300
300
300
300
300
300
300
300
300
300
300
300
300
300
300
300
300
300
300
300
300
300
300
300
300
300
300
300
300
300
300
300
300
300
300
300
300
300
300
300
300
300
300
300
300
300
300
300
300
300
300
300
300
300
300
300
300
300
300
300
300
300
300
300
300
300
300
300
300
300
300
300
883.477295414
881.071487128
880.913806943
884.444138336
885.649523241
885.200315149
884.75389693
884.731545366
884.781994991
884.834999488
884.889785662
884.945362615
885.001552889
885.058989334
885.117901318
885.178327982
885.240309502
885.303887123
885.369103181
885.436001131
885.50462558
885.575022315
885.64314797
880.930360464
856.088422378
801.963364391
718.599742886
614.362102183
504.079354276
405.910305069
336.561258843
304.406540959
300
300
300
300
300
300
300
300
862.426286709
860.051523995
859.929861914
863.485406653
864.739576563
864.354133965
863.972687601
864.013473861
864.128397852
864.247508098
864.370088496
864.495195481
864.622750859
864.753463547
864.887577608
865.025182963
865.16637192
865.311239232
865.459882165
865.612400563
865.768896915
865.929476423
866.090298637
861.631995728
837.711035543
785.463324094
704.915648045
604.143715233
497.484311867
402.50811331
335.393911777
304.266670855
300
300
300
300
300
300
300
300
839.795815683
837.457738154
837.374764524
840.952029041
842.256520681
841.939835876
841.628411695
841.736643574
841.920358177
842.109998245
842.304910981
842.504204969
842.707912236
842.916824625
843.1311996
843.351181723
843.576919402
843.808564995
844.046274916
844.29020974
844.540534317
844.797417886
845.057237902
840.871920173
817.940914589
767.712102413
690.193294348
593.149566384
490.388287297
398.847324159
334.13778212
304.116156554
300
300
300
300
300
300
300
300
815.517152394
813.222280113
813.180648702
816.774695167
818.13047211
817.887584782
817.651273987
817.831141386
818.087821718
818.352272892
818.623912261
818.901905915
819.186408057
819.478300718
819.777853118
820.085268536
820.400755695
820.724528906
821.056808224
821.397819597
821.747795027
822.106972735
822.471963867
818.578589909
796.709457711
748.647672115
674.380874773
581.340692727
482.765952818
394.914777968
332.788322789
303.954449877
300
300
300
300
300
300
300
300
789.535969104
787.291817952
787.294074825
790.898148813
792.305361163
792.141215439
791.985003853
792.240403555
792.573900338
792.917114361
793.269540629
793.630408684
794.000007809
794.379317806
794.768617643
795.168173615
795.578259208
795.999155295
796.43115034
796.874540607
797.329630367
797.796732123
798.272707223
794.690375186
773.957323577
728.216155067
657.433200983
568.682967705
474.595032681
390.698853402
331.34150224
303.781063118
300
300
300
300
300
300
300
300
761.819504799
759.634711372
759.68316787
763.288237222
764.7459091
764.665151378
764.593713081
764.928008535
765.341597503
765.766941245
766.203620592
766.650935125
767.10932292
767.579869298
768.062860664
768.558630824
769.0675227
769.589888585
770.126090403
770.676499974
771.241499299
771.821480834
772.413573274
769.161069203
749.639619234
706.376427067
639.315477361
555.149885112
465.858077486
386.190371017
329.794110462
303.595605247
300
300
300
300
300
300
300
300
732.366015037
730.250469947
730.347028499
733.941212233
735.446837058
735.453535688
735.470947486
735.886643762
736.382687203
736.892597883
737.416051243
737.952424205
738.502317886
739.066930797
739.646554271
740.241594294
740.852468102
741.479604497
742.12344418
742.784440089
743.463057749
744.15977563
744.872007409
741.967178945
723.73276789
683.106215242
620.008299561
540.726247329
456.54481543
381.38379091
328.144164614
303.397829908
300
300
300
300
300
300
300
300
701.217162638
699.182150189
699.328068421
702.895929401
704.444947565
704.542209962
704.651562062
705.149870507
705.729364603
706.324888722
706.936222238
707.562827477
708.205482927
708.865507499
709.543194962
710.239028282
710.95350405
711.687132882
712.44043983
713.213964803
714.008263003
714.823905376
715.658608496
713.117510683
696.243539878
658.410117511
599.514230042
525.413018075
446.655246515
376.278789075
326.391443001
303.187698583
300
300
300
300
300
300
300
300
668.474185422
666.532526357
666.728100776
670.249769445
671.834896171
672.024351852
672.227223062
672.807482975
673.469457093
674.149638698
674.847920784
675.563859967
676.298425756
677.053063675
677.828067796
678.624002932
679.441450196
680.281007489
681.143290014
682.028930792
682.938581206
683.872911551
684.829959199
682.665704103
667.220863406
632.33009207
577.866400167
509.233671731
436.203691573
370.882320436
324.538183936
302.965463241
300
300
300
300
300
300
300
300
634.318906714
632.485099003
632.729244192
636.179332687
637.789695197
638.070804188
638.366560898
639.025476404
639.766201016
640.527275223
641.308715416
642.110182255
642.93284809
643.778289451
644.646799517
645.539029801
646.455651143
647.397354319
648.364850664
649.358872713
650.380174869
651.429534089
652.505326014
650.726548602
636.771201
604.959115309
555.139711963
492.242462431
425.224066083
365.21130615
322.589996092
302.731773965
300
300
300
300
300
300
300
300
599.040945808
597.331296143
597.620988541
600.967244539
602.587276734
602.956411227
603.341277899
604.071916526
604.883864289
605.718199691
606.575071968
607.454256467
608.357136635
609.285421405
610.239403693
611.219826423
612.227455321
613.263079649
614.327512978
615.42159398
616.546187241
617.702184114
618.888315018
617.497143336
605.078492573
576.458897631
531.46536937
474.535151895
413.776722626
359.296120375
320.557039638
302.487818534
300
300
300
300
300
300
300
300
563.072855623
561.505591133
561.835137777
565.03677494
566.644803965
567.094036306
567.559870485
568.35035513
569.220844224
570.115562153
571.034799458
571.978457724
572.948133615
573.945665195
574.97134891
576.026023518
577.110554582
578.225835384
579.372787868
580.552363613
581.765544848
583.013345489
584.294865537
583.284252053
572.429938948
547.082789195
507.049667806
456.262881888
401.957299485
353.185099409
318.45555361
302.235502841
300
300
300
300
300
300
300
300
527.035384251
525.630729857
525.990811273
528.996437603
530.562879153
531.078390402
531.611076508
532.442883629
533.352312803
534.287491443
535.248857938
536.236452547
537.252077382
538.297689338
539.373597337
540.480739877
541.620086939
542.79264111
543.999438748
545.241551188
546.520085992
547.836188234
549.189339629
548.539571067
539.249246007
517.205315327
482.198223375
437.650063614
389.908131797
346.950356661
316.309825408
301.977683422
300
300
300
300
300
300
300
300
491.795652679
490.575854037
490.952276271
493.69732219
495.182379292
495.742378492
496.31973082
497.165483749
498.085043505
499.031389523
500.005111333
501.006401104
502.037243359
503.099693149
504.194088901
505.321471961
506.482920672
507.679551764
508.912521794
510.183028642
511.492313062
512.841660283
514.230941927
513.90509459
506.139388913
487.360171718
457.347143275
419.017392778
377.832932424
340.695263628
314.154724257
301.718466386
300
300
300
300
300
300
300
300
458.541796232
457.531061006
457.903133629
460.306657258
461.657389268
462.229402887
462.818437857
463.639053759
464.527766315
465.443604421
466.387306911
467.359231786
468.361499951
469.39622889
470.463815887
471.565407071
472.702192131
473.875406044
475.086330866
476.336297594
477.626688098
478.958937116
480.333308791
480.271352471
473.937512872
458.289004507
433.103045056
400.811398841
366.015640807
334.564054376
312.038953322
301.463590915
300
300
300
300
300
300
300
300
428.878574666
428.102895532
428.441329303
430.402045918
431.54863911
432.08599097
432.639390114
433.380400551
434.181300781
435.008690672
435.863448799
436.746113373
437.658861716
438.603816465
439.581481526
440.593108078
441.639998749
442.723509769
443.845053211
445.006099318
446.208178917
447.452885926
448.740871883
448.852044317
443.785293089
431.003927822
410.294347157
383.642316989
354.844580368
328.754134276
310.029216758
301.220920298
300
300
300
300
300
300
300
300
404.9496694
404.43647985
404.700668249
406.092012782
406.943039162
407.380291328
407.831827449
408.418643643
409.053861831
409.713599926
410.39885541
411.110361223
411.850221718
412.620476792
413.421811861
414.255581109
415.123199735
416.026146652
416.965967295
417.944276543
418.962761751
420.023185908
421.126572338
421.279543173
417.218971514
406.867526635
390.0369055
368.332552853
344.843371906
323.531829901
308.215550701
301.00106965
300
300
300
300
300
300
300
300
389.584938938
389.349338383
389.49258014
390.170016975
390.606411475
390.853473067
391.112109738
391.443941677
391.808383625
392.193580943
392.600613098
393.030421968
393.484838352
393.96568836
394.473953266
395.011085077
395.578608509
396.178124378
396.811313142
397.479938578
398.185851611
398.930994301
399.716732103
399.726944686
396.284422003
387.695100386
373.817897492
355.978620123
336.710439272
319.252514794
306.718133876
300.818207183
300
300
300
300
300
300
300
300
379.6725321
379.482179719
379.618492069
380.20722196
380.585771561
380.808099867
381.03577847
381.314320049
381.611803865
381.918335433
382.23425753
382.559781184
382.895776711
383.243015571
383.601584186
383.971910915
384.354443387
384.749649518
385.158018595
385.580062414
386.016316495
386.467341372
386.933140045
386.703085626
383.461476078
375.772647768
363.562535467
348.023710737
331.369436032
316.386296178
305.695977876
300.691075693
300
300
300
300
300
300
300
300
370.703808497
370.553244921
370.680390541
371.185910081
371.521906562
371.731530557
371.946046825
372.203088902
372.477126605
372.759619315
373.050911895
373.351225924
373.661417446
373.982231045
374.313746315
374.656383136
375.010581233
375.376801274
375.755526054
376.147261733
376.552539174
376.97191535
377.405456628
377.220460815
374.353412337
367.522589875
356.65837893
342.820250643
327.979004743
314.616039376
305.078755232
300.615629232
300
300
300
300
300
300
300
300
362.693327794
362.576098044
362.693183219
363.123850849
363.419389191
363.614001448
363.812979982
364.047107255
364.296300819
364.553221828
364.818205936
365.091474608
365.373853918
365.66604939
365.968128288
366.280491443
366.603559639
366.9377748
367.283601244
367.641527029
368.012065383
368.395756234
368.792708851
368.640698299
366.104786404
360.043687207
350.393199327
338.093376068
324.89586094
313.008254894
304.520980828
300.548053927
300
300
300
300
300
300
300
300
355.552138
355.460879074
355.569204223
355.939283617
356.201011965
356.381834066
356.566444128
356.780112329
357.007071801
357.240940527
357.482033575
357.730559572
357.987304409
358.252924962
358.527464492
358.811292207
359.104796746
359.408387412
359.722495494
360.047575682
360.384107589
360.732597368
361.093173294
360.9666169
358.722646707
353.346236489
344.778866061
333.854463934
322.12883627
311.564113974
304.019533025
300.4872466
300
300
300
300
300
300
300
300
349.036848068
348.963481471
349.067716045
349.399433014
349.640564574
349.814308771
349.991224572
350.192776849
350.40621074
350.625717864
350.851582484
351.083985438
351.323674369
351.571254078
351.826721543
352.090399577
352.362629016
352.643769968
352.93420317
353.234331441
353.544581249
353.865404405
354.196920892
354.096282596
352.116267057
347.354557774
339.757474473
330.063952652
319.654801479
310.272939972
303.571183619
300.432872824
300
300
300
300
300
300
300
300
342.680833388
342.616906146
342.726692604
343.052904901
343.295906403
343.477459753
343.661536098
343.867939322
344.085496428
344.308384111
344.536848642
344.771025738
345.011649505
345.259281027
345.513831266
345.775559462
346.044740272
346.321664991
346.606642883
346.900002625
347.202093875
347.513288971
347.833669171
347.772228122
346.049456504
341.864788138
335.166862676
326.605990974
317.40242017
309.099732663
303.164552182
300.38364676
300
300
300
300
300
300
300
300
335.702076873
335.639308891
335.771431856
336.139082923
336.419242846
336.635303011
336.853190238
337.093713606
337.345810995
337.602751636
337.864742377
338.131853961
338.404870951
338.684339511
338.970016986
339.262079291
339.560713548
339.866119207
340.178509278
340.498111689
340.825170772
341.159948904
341.502455569
341.512937339
340.076181018
336.487877037
330.694013996
323.254163209
315.230375043
307.974122861
302.776385374
300.336895809
300
300
300
300
300
300
300
300
327.191673062
327.129888214
327.292698377
327.721929301
328.059719008
328.3298362
328.602511771
328.901148285
329.214592503
329.534553831
329.861223022
330.194601266
330.535620482
330.884862746
331.241837133
331.60658858
331.979148208
332.359531624
332.747737072
333.143743407
333.547507883
333.958963745
334.377792636
334.521160117
333.454368334
330.573231721
325.812616097
319.625542325
312.898168244
306.775555656
302.366565542
300.287977218
300
300
300
300
300
300
300
300
317.593225057
317.541744989
317.71663623
318.155378292
318.512291447
318.808011317
319.107457559
319.433958394
319.778175595
320.131232826
320.493463759
320.864993039
321.247064768
321.640515811
322.044906142
322.460448635
322.887349175
323.325805108
323.776003523
324.238119346
324.712313233
325.198729239
325.697324843
325.995367934
325.379172566
323.366268637
319.874961445
315.223612592
310.079350134
305.333742528
301.876455482
300.229910348
300
300
300
300
300
300
300
300
308.317726565
308.283894252
308.438928065
308.811257815
309.125262675
309.395057149
309.669916677
309.969434349
310.287625817
310.616518702
310.956585467
311.308106114
311.672511154
312.050838692
312.442830124
312.84890352
313.269479834
313.70498164
314.15583169
314.622451274
315.10525837
315.604665544
316.12097307
316.519358588
316.335517607
315.232281405
313.120852262
310.176808672
306.822121823
303.654775338
301.301483781
300.161345755
300
300
300
300
300
300
300
300
301.557266706
301.544598837
301.629392733
301.828804347
302.007134265
302.168722983
302.337131668
302.523668219
302.726592526
302.94122902
303.168165078
303.40787182
303.661694897
303.930746486
304.215175677
304.515647646
304.832844306
305.167463531
305.520218189
305.891834978
306.283053034
306.694622295
307.127255584
307.520177007
307.651157347
307.334731765
306.490560437
305.167944798
303.553896897
301.951739509
300.711970875
300.090328609
300
300
300
300
300
300
300
300
300
300
300
300
300
300
300
300
300
300
300
300
300.003847479
300.02164903
300.054781276
300.10420307
300.170909053
300.255929622
300.360330725
300.48521345
300.63171339
300.800999756
300.994267807
301.202906319
301.383971398
301.48285518
301.45202298
301.268363373
300.949741698
300.564196941
300.221321696
300.030028925
300
300
300
300
300
300
300
300
300
300
300
300
300
300
300
300
300
300
300
300
300
300
300
300
300
300
300
300
300
300
300
300
300
300
300
300
300
300
300.000128279
300.000278239
300
300
300
300
300
300
300
300
300
300
300
300
300
300
300
300
300
300
300
300
300
300
300
300
300
300
300
300
300
300
300
300
300
300
300
300
300
300
300
300
300
300
300
300
300
300
300
300
300
300
300
300
300
300
300
300
300
300
300
300
300
300
300
300
300
300
300
300
300
300
300
300
300
300
300
300
300
300
300
300
300
300
300
300
300
300
300
300
300
300
300
300
300
300
300
300
300
300
300
300
300
300
300
300
300
300
300
300
300
300
300
300
300
300
300
300
300
300
300
300
300
300
300
300
300
300
300
300
300
300
300
300
300
300
300
300
300
300
300
300
300
300
300
300
300
300
300
300
300
300
300
300
300
300
300
300
300
300
300
300
300
300
300
300
300
300
300
300
300
300
300
300
300
300
300
300
300
300
300
300
300
300
300
300
300
300
300
300
300
300
300
300
300
300
300
300
300
300
300
300
300
300
300
300
300
300
300
300
300
300
300
300
300
300
300
300
300
300
300
300
300
300
300
300
300
300
300
300
300
300
300
300
300
300
300
300
300
300
300
300
300
300
300
300
300
300
300
300
300
300
300
300
300
300
300
300
300
300
300
300
300
300
300
300
300
300
300
300
300
300
300
300
300
300
300
300
300
300
300
300
300
300
300
300
300
300
300
300
300
300
300
300
300
300
300
300
300
300
300
300
300
300
300
300
300
300
300
300
300
300
300
300
300
300
300
300
300
300
300
300
300
300
300
300
300
300
300
300
300
300
300
300
300
300
300
300
300
300
300
300
300
300
300
300
300
300
300
300
300
300
300
300
300
300
300
300
300
300
300
300
300
300
300
300
300
300
300
300
300
300
300
300
300
300
300
300
300
300
300
300
300
300
300
300
300
300
300
300
300
300
300
300
300
300
300
300
300
300
300
300
300
300
300
300
300
300
300
300
300
300
300
300
300
300
300
300
300
300
300
300
300
300
300
300
300
300
300
300
300
300
300
300
300
300
300
300
300
300
300
300
300
300
300
300
300
300
300
300
);

boundaryField
{
    graphite_to_fluid
    {
        type            fixedGradient;
        gradient        uniform 0;
        value           uniform 893.8356164383562;
    }
    outerWall
    {
        type            zeroGradient;
    }
    graphiteInlet
    {
        type            zeroGradient;
    }
    graphiteOutlet
    {
        type            zeroGradient;
    }
    wedgeBack
    {
        type            wedge;
    }
    wedgeFront
    {
        type            wedge;
    }
}


                                                                               
