                                                                               
                             
                                                                   
                                                            
                                          
                             
                                                                               
FoamFile
{
    format          ascii;
    class           volScalarField;
    location        1 / fluid;
    object          omega;
}
                                                                               

dimensions      [ 0 0 -1 0 0 0 0 ];

internalField   nonuniform List<scalar> 
4592
(
246.56
245.554
244.672
243.823
243.028
242.268
241.566
240.912
240.323
239.803
239.367
239.028
238.799
238.691
238.714
238.883
239.215
239.726
240.432
241.349
242.491
243.875
245.514
247.422
249.606
252.076
254.839
257.902
261.28
264.979
268.998
273.342
246.576
245.592
244.739
243.92
243.16
242.439
241.784
241.186
240.666
240.229
239.895
239.678
239.598
239.67
239.918
240.363
241.03
241.939
243.112
244.567
246.32
248.384
250.781
253.519
256.605
260.041
263.826
267.959
272.448
277.285
282.455
287.947
246.585
245.607
244.766
243.951
243.197
242.478
241.824
241.226
240.707
240.272
239.941
239.731
239.662
239.751
240.023
240.504
241.221
242.198
243.459
245.025
246.914
249.143
251.728
254.685
258.023
261.746
265.853
270.343
275.214
280.466
286.078
292.042
246.595
245.621
244.788
243.973
243.221
242.498
241.842
241.24
240.718
240.28
239.951
239.745
239.685
239.791
240.091
240.611
241.383
242.431
243.781
245.457
247.479
249.866
252.631
255.792
259.359
263.339
267.732
272.538
277.747
283.371
289.381
295.776
246.603
245.628
244.799
243.981
243.227
242.494
241.83
241.214
240.681
240.229
239.888
239.672
239.606
239.71
240.016
240.555
241.356
242.45
243.864
245.625
247.756
250.277
253.206
256.556
260.341
264.569
269.242
274.361
279.918
285.915
292.332
299.162
246.61
245.636
244.814
243.993
243.237
242.495
241.819
241.185
240.632
240.155
239.789
239.544
239.451
239.527
239.806
240.321
241.106
242.19
243.606
245.382
247.544
250.117
253.121
256.571
260.482
264.864
269.722
275.057
280.867
287.145
293.883
301.07
246.622
245.667
244.867
244.061
243.319
242.584
241.913
241.276
240.718
240.23
239.851
239.59
239.481
239.542
239.806
240.309
241.088
242.175
243.605
245.409
247.618
250.259
253.355
256.927
260.991
265.558
270.638
276.23
282.341
288.956
296.079
303.692
246.649
245.749
244.998
244.242
243.541
242.84
242.196
241.577
241.03
240.545
240.164
239.895
239.774
239.82
240.068
240.551
241.313
242.388
243.815
245.63
247.869
250.562
253.739
257.424
261.638
266.396
271.713
277.591
284.039
291.041
298.614
306.737
246.699
245.911
245.256
244.6
243.985
243.362
242.786
242.222
241.723
241.273
240.921
240.672
240.566
240.621
240.874
241.362
242.129
243.217
244.669
246.525
248.827
251.612
254.914
258.765
263.192
268.216
273.857
280.12
287.024
294.547
302.725
311.534
246.782
246.19
245.691
245.205
244.732
244.242
243.785
243.323
242.914
242.538
242.248
242.048
241.983
242.069
242.349
242.86
243.653
244.775
246.272
248.192
250.582
253.49
256.954
261.018
265.713
271.074
277.125
283.883
291.37
299.572
308.537
318.253
246.909
246.635
246.378
246.15
245.892
245.603
245.325
245.021
244.754
244.499
244.313
244.198
244.205
244.352
244.69
245.258
246.113
247.303
248.882
250.905
253.426
256.502
260.183
264.525
269.567
275.362
281.938
289.337
297.578
306.672
316.673
327.604
247.113
247.377
247.496
247.681
247.747
247.75
247.718
247.621
247.536
247.436
247.388
247.389
247.494
247.728
248.147
248.795
249.732
251.009
252.688
254.834
257.508
260.783
264.717
269.387
274.841
281.162
288.38
296.58
305.771
316.022
327.373
339.937
247.42
248.556
249.259
250.093
250.648
251.094
251.418
251.612
251.766
251.86
251.979
252.123
252.36
252.705
253.216
253.941
254.95
256.307
258.083
260.349
263.182
266.666
270.876
275.915
281.846
288.792
296.788
305.988
316.379
328.148
341.287
356.111
247.863
250.286
251.821
253.536
254.773
255.824
256.659
257.282
257.799
258.188
258.553
258.898
259.308
259.806
260.456
261.29
262.38
263.806
265.661
268.034
271.016
274.709
279.209
284.646
291.112
298.779
307.705
318.141
330.054
343.837
359.389
377.474
248.454
252.668
255.301
258.148
260.26
262.078
263.565
264.742
265.745
266.547
267.271
267.917
268.584
269.298
270.141
271.161
272.43
273.997
275.961
278.443
281.573
285.482
290.299
296.185
303.277
311.81
321.895
333.916
347.854
364.437
383.471
406.691
249.271
255.901
259.935
264.145
267.311
270.028
272.293
274.132
275.724
277.042
278.232
279.29
280.327
281.366
282.503
283.787
285.318
287.17
289.436
292.186
295.56
299.757
304.973
311.421
319.317
328.965
340.601
354.766
371.602
392.345
416.999
449.725
250.293
260.132
265.943
271.817
276.276
280.091
283.308
285.958
288.274
290.227
291.993
293.57
295.086
296.568
298.126
299.815
301.751
304.017
306.748
310.062
314.099
318.96
324.856
332.163
341.275
352.613
366.711
384.31
406.111
434.168
470.526
527.376
251.762
265.852
273.888
281.65
287.592
292.636
296.951
300.561
303.769
306.553
309.126
311.499
313.83
316.155
318.611
321.259
324.239
327.643
331.658
336.456
342.281
349.326
357.85
367.971
380.027
394.903
414.116
438.796
471.618
516.93
588.253
729.412
253.648
273.261
284.159
294.347
302.289
309.075
315.03
320.182
324.929
329.274
333.516
337.78
342.342
347.316
352.885
359.139
366.24
374.347
384.149
396.446
411.526
429.24
449.745
473.172
500.217
530.94
566.166
608.606
671.044
772.329
973.256
1417.83
257.534
284.777
299.761
313.16
324.125
333.939
343.316
352.354
361.611
371.204
382.012
395.512
412.189
431.87
454.372
479.548
507.505
538.661
575.177
619.544
671.84
730.985
797.272
871.126
955.379
1051.78
1165.59
1300.13
1466.12
1732.94
2364.73
3654.61
268.725
308.062
331.245
352.603
374.068
397.697
424.45
454.332
487.842
525.35
569.504
625.673
693.532
771.513
858.762
954.199
1059.56
1177.01
1308.43
1454.88
1620.64
1808.66
2024.41
2269.47
2552.82
2876.12
3254.91
3697.79
4265.67
5165.04
6847.97
9209.36
324.927
395.968
450.793
507.515
581.327
675.222
787.938
917.212
1063.13
1228.07
1414.8
1621.33
1852.88
2116.93
2419.37
2761.53
3150.08
3588.24
4080.78
4624.53
5222.54
5865.93
6554.95
7272.05
8027.56
8808.01
9654.01
10581.1
11753.6
13469.2
15426.9
17454
611.46
822.076
1051.48
1326.85
1657.45
2048.11
2506.18
3018.09
3589.42
4229.7
4947.87
5743.52
6620.15
7571.66
8582.51
9637.82
10723.6
11817
12908.4
13973.5
15012.2
15999.6
16937.6
17807.1
18652.7
19461.2
20321.3
21250
22498.3
23621.3
24672
25740.4
1938.23
2830.52
3865.43
5157.06
6634.18
8225.65
9891.5
11596.3
13327.4
15067.4
16789.5
18476.8
20102.1
21634.2
23049.2
24345.1
25532.7
26603.9
27570.2
28415.1
29155.9
29774.3
30308.5
30776.3
31236.7
31653.3
32170.3
32690.8
33085.4
33336.5
33625.1
34076.9
7134.68
11294.7
15552.1
19727
23643
27172.9
30307
33076
35489.1
37559.8
39297.3
40712.5
41814.8
42692.6
43421
44009.5
44484.4
44838.2
45094.8
45238.1
45297.4
45255.6
45174.7
45093.3
45078.5
45036.5
44936.2
44704.9
44449.3
44167.4
43985.5
43979.4
24746.2
39107.4
50067.4
57764.9
63236.5
67096.2
69795.6
71590.9
72665.3
73135.5
73123.6
72739.6
72053
71269.8
70503.3
69716.5
68948.4
68154.8
67384.6
66585
65816.7
65018.6
64246.5
63385
62490.7
61520
60555.1
59551.6
58620.5
57754.9
57129.9
56806.6
79232.1
118454
135474
142264
144534
144504
143153
140859
137887
134411
130618
126614
122603
118628
114765
111043
107516
104166
101031
98066
95312.5
92706
90298.4
88004.7
85909.7
83917.6
82147
80507.5
79138.5
77993.9
77316.7
76988.9
78201
106344
124991
137637
146157
151755
155270
157295
158249
158449
158111
157410
156456
155351
154142
152889
151604
150327
149045
147791
146537
145318
144074
142849
141583
140322
138985
137612
136085
134405
132395
129979
277.991
282.891
288.357
294.458
300.948
307.983
315.696
324.246
333.894
343.997
355.033
367.043
380.058
394.182
409.452
425.963
443.736
462.894
483.502
505.65
529.385
554.783
581.925
610.902
641.815
674.768
709.876
747.25
787.014
829.27
873.734
919.616
966.906
1015.59
1065.68
1117.19
1170.17
1224.64
1280.67
1337.88
1396.78
1457.44
1519.94
1584.38
1650.84
1719.43
1790.24
1862.79
1937.83
2015.47
2095.86
2179.15
2265.49
2355.05
2447.22
2543.02
2642.68
2746.4
2854.45
2967.06
3083.47
3205.09
3332.28
3465.36
3604.75
3750.84
3904.11
4063.67
4231.54
4408.15
4594.03
4787.96
4992.42
5207.76
5435.6
5678.18
5937.12
6210.54
6501.91
6809.9
7129.55
7460.61
7793.56
8152.58
8518.46
8879.98
9224.58
9556.32
9880.36
10179.2
10438.2
10680.2
293.785
299.942
306.95
314.761
322.809
331.404
340.771
351.22
362.946
374.745
387.595
401.598
416.661
432.947
450.426
469.193
489.252
510.621
533.323
557.526
583.291
610.695
639.8
670.717
703.54
738.371
775.317
814.491
856.015
900.017
946.633
996.005
1048.27
1101.93
1157.22
1214.16
1272.79
1333.16
1395.34
1459.38
1525.37
1593.37
1662.95
1734.76
1808.89
1885.46
1964.59
2046.41
2131.04
2217.9
2307.9
2401.22
2498.03
2598.5
2702.84
2811.27
2923.01
3039.36
3160.59
3286.98
3418.82
3556.44
3700.17
3849.08
4004.98
4168.31
4339.59
4519.26
4707.82
4904.21
5110.83
5328.14
5556.63
5795.14
6047.45
6314.8
6598.86
6900.92
7220.97
7554.94
7905.03
8267.24
8632.94
9023.26
9418.9
9809.57
10187
10554.5
10917.1
11255.5
11553.4
11850.5
298.42
305.057
312.741
321.335
329.901
338.987
348.929
360.205
372.93
385.163
398.595
413.32
429.126
446.209
464.453
483.974
504.725
526.685
549.893
574.581
600.798
628.616
658.12
689.396
722.538
757.646
794.804
834.148
875.798
919.885
966.542
1015.92
1068.16
1123.44
1181.93
1243.79
1308.32
1374.81
1443.3
1513.89
1586.65
1661.66
1739.02
1818.84
1900.58
1985.04
2072.34
2162.64
2256.1
2352.88
2453.15
2557.12
2664.1
2775.25
2890.79
3010.97
3136.07
3266.36
3402.14
3542.58
3689.29
3842.66
4003.09
4171.01
4346.89
4531.22
4722.99
4924.57
5136.61
5359.68
5594.35
5839.44
6097.86
6370.5
6659.12
6965.1
7289.68
7633.77
7995.15
8376.86
8776.57
9187.16
9607.64
10047.1
10494.2
10932.6
11358.7
11773.1
12183.7
12570.2
12910.2
13268.5
302.658
309.762
318.16
327.589
336.706
346.287
356.812
368.93
382.677
395.366
409.388
424.851
441.417
459.327
478.427
498.799
520.329
542.973
566.736
591.944
618.636
646.881
676.763
708.368
741.788
777.123
814.477
853.963
895.699
939.787
986.387
1035.64
1087.71
1142.75
1200.93
1262.45
1327.51
1396.31
1469.07
1546.03
1626.17
1708.76
1793.94
1881.84
1972.6
2066.35
2162.47
2261.91
2364.86
2471.49
2581.99
2696.59
2815.51
2939
3066.27
3198.74
3336.72
3480.53
3630.52
3787.06
3950.55
4119.93
4297.32
4483.22
4678.13
4882.65
5097.37
5322.97
5558.11
5805.93
6067.19
6342.54
6632.56
6935.92
7258.13
7600.71
7963.82
8348.73
8756.22
9185.52
9630.87
10094.1
10567.1
11067.6
11569.9
12054.1
12528.6
12984.6
13448.8
13887.6
14270.5
14712.6
306.567
314.185
323.327
333.617
343.337
353.517
364.744
377.818
392.719
406.013
420.804
437.183
454.711
473.657
493.809
515.229
537.76
561.32
585.948
611.997
639.494
668.461
699.027
731.277
765.305
801.209
839.095
879.073
921.262
965.788
1012.79
1062.37
1114.72
1170
1228.4
1290.08
1355.26
1424.15
1496.96
1573.96
1655.37
1741.49
1832.63
1929.11
2030.45
2135.02
2243.01
2354.65
2470.18
2588.93
2712.06
2839.86
2972.52
3110.38
3253.72
3402.88
3558.21
3718.81
3886.52
4061.78
4245.06
4436.89
4637.78
4848.36
5067.3
5297.53
5539.68
5794.69
6063.28
6346.4
6644.77
6957.23
7287.48
7636.31
8006.8
8400.68
8818.1
9259.78
9721.22
10209.4
10721.8
11254.3
11793.2
12365.5
12932.4
13478.5
14011.1
14524.3
15048.2
15550.4
15987.4
16535.5
308.907
316.922
326.675
337.64
347.793
358.389
370.151
384.018
399.896
413.661
429.104
446.263
464.628
484.492
505.584
527.954
551.393
575.784
601.168
627.949
656.141
685.804
717.025
749.886
784.434
820.817
859.137
899.507
942.042
986.87
1034.12
1083.95
1136.49
1191.93
1250.38
1312.09
1377.25
1446.06
1518.75
1595.56
1676.75
1762.59
1853.37
1949.4
2051.02
2158.64
2272.64
2393.47
2521.57
2655.21
2793.47
2936.74
3084.27
3237.73
3397.46
3563.84
3737.26
3918.19
4107.08
4304.51
4509.35
4724.13
4949.45
5186.13
5434.76
5696.3
5971.42
6261.28
6564.23
6884.61
7223.22
7581.28
7959.5
8355.25
8777.71
9228.96
9708.5
10215.8
10751.4
11315.9
11906.9
12515
13139.7
13807.5
14452.4
15078.3
15683.2
16269.9
16874
17458.7
17963
18664.8
312.026
320.505
330.916
342.573
353.192
364.233
376.537
391.149
407.916
422.139
438.224
456.178
475.42
496.257
518.341
541.727
566.161
591.484
617.742
645.386
674.419
704.897
736.903
770.519
805.837
842.951
881.909
922.881
965.986
1011.35
1059.11
1109.4
1162.39
1218.24
1277.12
1339.22
1404.74
1473.86
1546.82
1623.89
1705.31
1791.36
1882.31
1978.52
2080.3
2188.03
2302.09
2422.95
2551.07
2687
2831.27
2984.55
3147.46
3320.8
3502.56
3690.15
3885.7
4089.96
4303.54
4527.31
4761.96
5008.3
5267.01
5539.04
5823.12
6122.85
6439.1
6773.24
7126.12
7499.4
7893.78
8307.86
8746.85
9212.07
9707.51
10237.2
10800.2
11396.3
12024.6
12684.4
13371.3
14088.2
14823.8
15603.1
16353.6
17073
17755.1
18428.9
19128
19815.7
20404.2
21374.6
315.653
324.635
335.729
348.042
359.082
370.517
383.311
398.577
416.073
430.635
447.219
465.759
485.653
507.224
530.142
554.418
579.761
605.976
633.067
661.571
691.476
722.832
755.719
790.211
826.399
864.371
904.232
946.088
990.062
1036.21
1084.76
1135.85
1189.66
1246.34
1306.1
1369.13
1435.64
1505.87
1580.07
1658.5
1741.39
1829.1
1921.95
2020.31
2124.52
2234.99
2352.14
2476.43
2608.31
2748.32
2896.91
3054.76
3222.47
3400.79
3590.44
3792.38
4007.46
4236.92
4481.77
4743.58
5023.2
5316.65
5625
5949.66
6291.91
6653.31
7035.26
7439.56
7864.57
8316.5
8796.87
9308.1
9850.67
10426.2
11032.3
11682.4
12374.3
13107.2
13877.7
14688.5
15538.8
16424.7
17334.6
18252.1
19138.1
19976.8
20776.3
21555.8
22364.4
23188.5
23892.2
25353.8
321.228
330.873
342.832
355.945
367.528
379.462
392.832
408.791
426.988
441.924
459.014
478.087
498.553
520.731
544.304
569.269
595.324
622.258
650.136
679.497
710.321
742.602
776.466
811.988
849.253
888.347
929.378
972.46
1017.73
1065.34
1115.45
1168.27
1224
1282.8
1345.03
1410.99
1481.01
1555.42
1634.54
1718.75
1808.48
1904.18
2006.31
2115.32
2231.59
2355.61
2487.78
2628.51
2778.15
2936.75
3104.52
3282.15
3470.09
3669.03
3879.36
4101.9
4337.2
4586.39
4850.11
5129.89
5426.81
5742.75
6079.27
6438.97
6824.05
7237.75
7683.26
8164.96
8687.13
9255.01
9874.1
10552.3
11275.3
12047.2
12872.9
13756.4
14694.2
15685.5
16726.4
17817.7
18955.8
20129.4
21352
22515.9
23614.9
24636.6
25621.2
26557.9
27523.5
28567
29461
31650.7
328.973
339.461
352.498
366.568
378.804
391.329
405.362
422.085
441.006
456.35
473.966
493.54
514.523
537.205
561.296
586.774
613.349
640.808
669.253
699.274
730.866
764.098
799.06
835.844
874.556
915.25
958.147
1003.44
1051.37
1102.24
1156.35
1214.04
1275.79
1342.22
1413.99
1491.83
1576.5
1668.09
1766.19
1872.78
1988.95
2115.31
2252.21
2399.83
2558.19
2727.2
2906.7
3096.44
3296.12
3505.47
3724.17
3952.09
4189
4434.99
4690.05
4954.52
5228.69
5513.38
5809.16
6117.31
6438.88
6775.71
7129.32
7502.31
7896.89
8316.41
8764.07
9244.22
9761.44
10321.4
10930.5
11596.9
12328.8
13137.5
14042
15067.3
16225
17524.8
18975.4
20582.7
22237
23953.4
25714.3
27501.2
29141.6
30584.4
31975.3
33269.3
34611.2
36099.2
37354.2
40403.8
339.707
351.316
365.778
381.094
394.185
407.471
422.314
439.931
459.672
475.526
493.767
513.91
535.471
558.687
583.308
609.278
636.327
664.253
693.217
723.882
756.303
790.643
827.11
865.953
907.499
952.065
1000.11
1052.3
1109.53
1172.8
1242.08
1317.31
1402.37
1499.45
1609.98
1734.97
1875.13
2030.76
2201.82
2387.9
2588.28
2801.85
3027.39
3263.43
3508.59
3761.34
4020.48
4284.68
4553.02
4824.54
5098.81
5375.28
5654.06
5935
6218.69
6505.43
6796.3
7092.03
7394.11
7703.77
8023.01
8353.58
8697.96
9058.59
9438.62
9841.21
10270.5
10730.8
11227.6
11766.5
12354.8
13000.2
13712.5
14503.3
15393.3
16402.4
17549.3
18847.4
20312.3
21950.1
23758.9
25714
27746.5
30462
33311.4
35749.7
37981
40042.7
42276.1
44610.5
46507.2
50443
353.915
366.991
383.332
400.246
414.416
428.638
444.438
463.089
483.77
500.229
519.201
539.989
562.229
586.074
611.341
637.949
665.684
694.427
724.503
756.814
791.733
829.892
872.084
919.456
973.62
1032.83
1101.37
1183.5
1282.21
1399.96
1538.79
1700.08
1884.64
2092.31
2322.09
2572.09
2839.89
3122.51
3416.86
3719.66
4027.95
4338.69
4649.56
4958.36
5263.64
5564.04
5859.01
6147.87
6430.77
6707.65
6979.26
7245.92
7508.93
7768.9
8027.55
8285.67
8545.29
8807.54
9074.81
9348.64
9632.01
9926.76
10236.2
10562.8
10910.7
11283.4
11686.4
12124.9
12606.7
13132.6
13708.8
14342
15041.1
15816.8
16696.3
17697.6
18839.5
20135.9
21602.3
23245.1
25065.4
27040.3
29098.8
32096.7
35439.7
38730.4
41906.2
45078.7
48815.6
52500
55401.1
60130.8
372.698
387.725
406.611
425.617
441.143
456.498
473.392
493.213
514.974
532.152
552.005
573.576
596.717
621.509
647.955
676.122
706.266
738.894
775.17
817.386
866.499
924.881
998.091
1090.93
1207.9
1352.91
1529.42
1739.54
1983.5
2259.79
2565.36
2895.81
3245.96
3609.95
3982.08
4357.04
4730.15
5097.48
5455.94
5803.18
6137.57
6458.12
6764.62
7057.12
7336.18
7602.58
7857.35
8101.46
8336.28
8562.86
8782.65
8997.14
9208.46
9417.88
9627.16
9837.78
10052
10271.8
10500.1
10739.7
10991.5
11256.6
11538.2
11838.8
12162
12511.2
12890.7
13304.9
13758.8
14258.7
14812
15426
16110.1
16875.1
17749.7
18754.9
19907.2
21221.8
22712.2
24386.6
26241.7
28254.5
30366.2
33536.3
37074.5
40627.7
44100.3
47670.6
52211.2
57416.2
61810.9
67533.3
397.833
415.445
437.84
459.581
476.764
493.424
511.49
532.59
555.627
573.768
594.955
617.985
643.493
671.936
704.313
742.421
788.154
846.008
922.258
1024.18
1158.57
1331.55
1548.61
1812.72
2123.83
2478.75
2871.21
3292.3
3731.9
4181.34
4632.45
5078.11
5512.36
5930.68
6330.18
6709.01
7066.27
7401.8
7715.96
8009.29
8283.22
8539.2
8778.71
9003.26
9214.74
9415.52
9606.98
9790.57
9967.7
10140
10309.3
10477.6
10645.3
10813.5
10983.5
11157
11335.6
11520.9
11715
11919.8
12137.3
12369.6
12619.7
12889.8
13184.1
13506
13859.9
14250.4
14683
15163.8
15700
16299.7
16972.1
17729
18600.7
19611.3
20779
22119.9
23645.5
25364.5
27271
29348.4
31542.1
34905.6
38636.2
42381.6
46037.4
49803.1
54656
60237.8
65658.8
72350
433.146
454.368
482.053
507.749
527.142
545.484
565.121
588.43
614.579
636.485
663.76
696.001
737.083
791.648
867.849
974.939
1122.98
1320.48
1575.61
1894.71
2277
2714.08
3196.75
3712.98
4249.16
4791.65
5327.86
5847.56
6344.83
6816.03
7258.13
7669.64
8050.25
8400.98
8723.46
9019.48
9290.82
9539.3
9766.97
9977.93
10174.2
10357.4
10529.2
10691.4
10846
10993.8
11135.6
11272.5
11405.7
11536.6
11666.2
11795.5
11925.1
12056.4
12190.7
12329.4
12474.2
12626.2
12787.7
12960.6
13147.1
13349.5
13570.4
13812.7
14079.6
14374.9
14702.8
15068
15476.1
15933.4
16447.2
17026.2
17679.7
18421
19284.8
20300.1
21481.4
22847.7
24411
26181.9
28152.9
30305.7
32592.4
36175.5
40134
44098.9
47949.2
51893.8
56960.1
62768.4
68572
75754.3
489.081
516.388
554.774
590.135
615.932
640.422
667.691
702.727
748.728
799.654
873.217
974.558
1121.26
1327.36
1613.58
1986.89
2442.34
2967.69
3548.46
4172.17
4815.11
5458.78
6090.45
6697.37
7270.18
7803.19
8293.8
8742.16
9150.55
9520.79
9855.19
10156.3
10426.7
10670.7
10892.4
11094
11277.6
11445.6
11601.4
11747.2
11883.2
12010.6
12130.8
12244.5
12352.7
12455.8
12554.7
12650.7
12744.4
12837
12928.5
13020.6
13114.5
13211.3
13312.1
13418.2
13530.9
13651.7
13782.3
13924.6
14080.6
14252.5
14442.7
14654.3
14890.3
15154.5
15451
15784.8
16160.7
16586.3
17069
17618
18243.2
18959.1
19800.4
20799.5
21973.6
23345.1
24929.1
26739.7
28769.9
30997
33376.3
37211.5
41454
45699.2
49809.4
53972.8
59244.6
65259.7
71407.7
79068.7
608.752
654.963
731.756
821.882
892.399
961.814
1042.22
1149.13
1306.79
1502
1785.67
2160.97
2651.1
3250.75
3946.56
4700.53
5476.26
6243.17
6980.49
7681.4
8333.83
8934.73
9480.58
9971.65
10410.6
10801.1
11146.9
11452.2
11723.6
11966.4
12183.8
12378.6
12554.5
12715.3
12862.6
12996.9
13119.8
13232.8
13337
13431.8
13518.4
13597.8
13670.8
13738.6
13802.3
13862.9
13920.9
13977.2
14032.4
14087.3
14142.7
14200
14260
14323.6
14391.1
14464.2
14543.9
14631.8
14729.1
14838
14960.1
15097.9
15253.6
15430.1
15630.7
15859.3
16119.7
16417.1
16756.7
17145.4
17590.5
18101.3
18687.9
19365
20167.8
21129.7
22271.5
23619.3
25191.7
27008.8
29067.1
31343.3
33811.4
37951
42528
47125.7
51565.6
55998.5
61481.4
67698.1
74216.9
82276.5
980.661
1110.54
1356.9
1695.48
1947.63
2182.28
2439.19
2778.98
3296.43
3864.6
4572.92
5369.53
6236.88
7127.97
8000.52
8822.13
9575.31
10248.2
10844.8
11376.2
11845.4
12256.5
12614.8
12928.8
13206.2
13450.9
13666.9
13859.2
14033.3
14190.7
14332.1
14459.5
14574.5
14677.6
14768.7
14849.2
14920.2
14982.7
15037.5
15085.4
15127
15163
15194
15220.8
15244
15264.4
15282.5
15299.1
15314.8
15330.6
15347.4
15366.4
15388
15413.3
15443.1
15479.3
15522.3
15573.7
15634.4
15706.7
15792
15892.8
16011.3
16150.6
16313.5
16504.1
16726
16984.6
17284.8
17633.8
18038.4
18508.1
19052.9
19687.4
20446
21362.2
22458.4
23763.6
25299
27089.8
29134.9
31420.9
33950.9
38348.9
43297.9
48321.7
53154.1
57904.7
63593
69988.1
76937.4
85399.7
2186.66
2567.84
3288.29
4221.85
4890.9
5423.92
5960.83
6633.32
7597.56
8408.64
9268.34
10114.2
10925.3
11673.6
12348.4
12944.1
13461.3
13905.1
14288.1
14624.7
14918.8
15174.5
15398.3
15598.1
15776.4
15934
16073.5
16197.5
16305.9
16399.1
16478.8
16546.3
16602.7
16649.2
16686.6
16715.6
16736.9
16751.1
16758.7
16760.3
16756.5
16747.9
16734.9
16718.2
16698.4
16675.9
16651.5
16625.4
16598.7
16572.4
16547
16523.5
16502.5
16485.4
16473.5
16468.2
16470.1
16481.1
16502.6
16536.5
16583.4
16646.3
16727
16828.7
16954.2
17107.6
17292.6
17514.2
17777.6
18089.4
18456.9
18889
19395.7
19991.3
20709
21581.4
22631.9
23890.8
25380.7
27130.9
29143
31412.1
33956.3
38511.1
43768.3
49214.7
54474.4
59576.7
65446
71983.5
79376.6
88375.8
5439
6262.56
7543.97
8976.59
9901.03
10597.2
11191.9
11889.7
12735.8
13392.8
14044.4
14657.4
15221.6
15724.9
16175.1
16568.6
16907.4
17198.1
17452.9
17676.2
17868.9
18035.1
18178.7
18301.2
18403
18486.3
18553.3
18605.9
18645.6
18673.5
18690.7
18697.8
18695.7
18685.1
18666.6
18640.7
18608
18568.5
18523.3
18473.2
18418.5
18359.7
18297.3
18231.7
18163.5
18093.4
18021.7
17949.1
17876.4
17804.5
17733.9
17665.8
17600.8
17540.3
17484.9
17436.5
17395.9
17365.9
17347.4
17342.8
17353.1
17381.8
17428.9
17498.3
17592.3
17714.9
17869.8
18061.9
18296.4
18579.7
18918.9
19322.9
19801.4
20368.7
21056
21894.6
22908.4
24129.1
25580.9
27295.6
29275.3
31521.7
34070.2
38706.3
44164.6
49928.1
55554.9
60976.3
66948.6
73565.2
81410.2
90818.5
11575.2
12460.2
13602.3
14778.8
15474.8
15947.8
16358.4
16827.4
17401.4
17889.7
18368.2
18816.7
19224.3
19589.8
19914.7
20191.3
20422.7
20615.6
20773.9
20898.3
20994.5
21066.7
21118.1
21151.3
21167.6
21169.6
21158.9
21136.6
21103.6
21060.7
21008.8
20948.4
20880.2
20804.6
20722.2
20633.5
20538.9
20438.9
20334.1
20225.1
20112.4
19996.5
19877.9
19757.4
19635.3
19512.4
19389.3
19266.8
19145.6
19026.5
18910.3
18798.2
18690.8
18589.7
18495.5
18410
18334.1
18270
18218.9
18183.5
18165.8
18168.9
18193.5
18244.1
18320.9
18427.8
18568.6
18747.8
18970.7
19243.4
19573.3
19968.8
20440
21000.6
21679.7
22506.8
23506.2
24711.6
26150.2
27855.8
29830.2
32081.3
34660.6
39365.2
44941.7
50880.4
56724.1
62314.1
68366.1
74982.8
83191.8
92879.8
19096.4
19391
19849.5
20439.9
20795.4
21029.5
21258.1
21572.6
22010.2
22419
22810.1
23169.7
23487.6
23756.2
23964.9
24117.4
24220.7
24285.8
24322.8
24334.5
24324.2
24294.7
24248
24186.1
24110.4
24022.7
23924.2
23815.9
23698.7
23573.4
23440.7
23301.1
23155.3
23003.9
22847.4
22686.3
22521.3
22352.8
22181.4
22007.8
21832.4
21656
21479.1
21302.5
21126.7
20952.6
20780.8
20612.2
20447.6
20287.8
20133.8
19986.8
19847.5
19717.4
19597.5
19489.4
19394.2
19314.1
19250.3
19205.4
19181.2
19180.5
19207.4
19265.1
19354.5
19479.5
19640.9
19843.1
20091.7
20392.8
20754.3
21184.3
21693.6
22295.9
23016.9
23884.7
24922.9
26169.9
27657.6
29423.2
31466
33800.2
36492.9
41328.3
46975.4
52941.5
58793.3
64301
70169.2
76576.7
84853.7
95468.4
26463.6
26073.8
25926.1
26067.5
26198.7
26299.9
26447.8
26712.1
27078.6
27421.5
27724.2
27972
28156.7
28272.5
28323.6
28319.9
28275.9
28205.9
28118.4
28009.7
27882.3
27738.8
27581.2
27411.2
27230.5
27040.3
26841.9
26636.3
26424.5
26207.2
25985.2
25759.2
25529.9
25297.9
25063.8
24828.1
24591.7
24355.3
24119.4
23884.7
23651.8
23421.4
23194.3
22971.2
22752.8
22540.2
22334
22135.3
21944.9
21764.1
21593.7
21435.2
21289.4
21158.1
21042.4
20944.2
20864.9
20806.7
20771.4
20761.6
20779.5
20828.5
20911.7
21033.5
21200.2
21414.2
21670.8
21973.9
22331.1
22748.4
23236
23802.8
24461.8
25228.3
26122.8
27172.9
28396.8
29847.3
31563.7
33590.3
35916.7
38565.5
41619
46836.2
52563.8
58333.2
63866.2
68900
74126
79993.8
87512.8
101599
34188.1
33235
32619.2
32370.9
32283.5
32245.7
32292.9
32458.9
32682.7
32909.9
33072.5
33155.5
33159.8
33091.6
32965.2
32794.6
32596.4
32384.7
32164.2
31927.6
31677.1
31414.9
31142.9
30862.6
30575.5
30282.9
29986
29685.6
29382.8
29078.3
28773.1
28467.9
28163.3
27860.3
27559.5
27261.8
26967.9
26678.9
26395.3
26118.2
25848.5
25587.2
25335.2
25093.7
24863.6
24646.2
24442.6
24254.2
24082.1
23928.1
23793.1
23679.5
23588.3
23521.9
23481.7
23470.3
23489.2
23541.7
23629.7
23757
23926.8
24144
24413.6
24740.8
25131.4
25587.5
26105.4
26691.1
27358.3
28113.2
28976.6
29968.3
31116
32441.1
33958.3
35700.4
37659.4
39933
42550.1
45579.6
48962.1
52751.1
56965.8
63403.8
69478.5
74695.9
79296.6
83245.3
87494.2
92670.7
97745.9
124918
43441.3
41761.6
40605.1
39873.6
39439.1
39134.9
38987.8
38997.7
39021.6
39081.3
39051.2
38928.6
38731.1
38471.1
38167.9
37835.4
37488.5
37142.4
36799.9
36448.4
36089.3
35724.2
35354.5
34981.5
34606.7
34231.1
33855.9
33482.2
33111.1
32743.6
32380.9
32024
31674
31332.3
30999.8
30677.9
30367.9
30071.3
29789.4
29523.8
29275.9
29047.4
28840
28655.5
28495.7
28362.4
28257.8
28183.9
28142.8
28137.4
28169.3
28242.3
28358.1
28519.9
28728.7
28988.3
29300.5
29670
30099.7
30596
31168.1
31826.2
32585.5
33445.2
34417.5
35500.1
36720.1
38091.5
39639
41370.1
43328.5
45563.3
48137.3
51104.3
54497.1
58407.7
62759.7
67785.1
73410.6
79788.9
86672.3
94236.6
102255
113611
121823
126576
129821
133052
138570
144997
145060
214192
55700.7
53237.3
51306.3
49884.4
48945.2
48196.4
47621.2
47163.8
46747.2
46610.6
46424.2
46172.8
45868.8
45515
45123.3
44707.5
44284.1
43872.1
43474.1
43070.8
42662.9
42252.8
41842.2
41433.4
41028.4
40629.3
40238.1
39856.9
39487.8
39132.7
38793.8
38473.1
38172.9
37895.4
37642.8
37417.7
37222.2
37059.2
36931
36840.7
36790.7
36784.2
36824.1
36913.4
37055.3
37253.3
37510.5
37831.1
38218.1
38676.5
39209.6
39822.8
40521
41294.8
42145.8
43081.4
44105.9
45227.8
46455
47800.5
49291
50951.5
52819.2
54898.6
57232.1
59863.4
62855.9
66231.8
70031.4
74284.8
79023.5
84292.5
90104.7
96618.5
103936
112402
121843
132798
145017
158877
173824
190331
207886
234522
254565
267440
277971
291993
317736
343278
341672
504739
75165.7
70607.8
67496.8
65863.7
64379.4
62739.4
61414.1
60764.4
60818.3
61376.6
61731.5
61837.1
61768.7
61561.3
61256.5
60895.9
60519.5
60170.2
59856.5
59541.2
59226.3
58918
58621.6
58342.3
58084.9
57853.9
57653.4
57487.6
57360.3
57275.3
57236.1
57246.7
57310.3
57431
57611.9
57857.5
58170.5
58556.1
59016.8
59558.1
60182.8
60896.5
61702.1
62606.1
63611
64724.8
65949.1
67293.9
68761.3
70361.2
72101.4
73986.4
76039
78215.7
80543.2
83049.5
85753.1
88684.4
91865.6
95328.2
99096
103205
107686
112619
118054
124062
130688
138042
146160
155218
165222
176468
188902
203063
219064
237818
258913
283170
310176
340786
374020
410965
451233
514364
567508
617795
678664
762552
886496
1.00593e+06
1.05065e+06
1.32153e+06
126859
130995
130096
131490
135542
139760
142920
144252
144156
144533
145512
146327
147015
147592
148085
148525
148942
149367
149809
150248
150682
151115
151550
151992
152445
152912
153399
153909
154449
155022
155636
156297
157011
157785
158629
159549
160555
161656
162863
164186
165637
167227
168970
170880
172974
175267
177779
180531
183546
186847
190464
194428
198767
203539
208772
214495
220754
227592
235067
243239
252186
261982
272728
284523
297502
311788
327561
344979
364285
385690
409546
436106
465901
499253
537407
581078
631691
689540
756459
832443
919842
1.01775e+06
1.12999e+06
1.2939e+06
1.5178e+06
1.79052e+06
2.0918e+06
2.42045e+06
2.77442e+06
3.1811e+06
3.63794e+06
4.05859e+06
10875.5
11016.7
11095.4
11114.6
11082.9
11010.6
10898.3
10767.3
10620.9
10465.3
10303.2
10135.7
9970.53
9814.73
9661.42
9505.78
9361.11
9237.89
9126.43
9015.18
8910.4
8827.62
8764.76
8706.57
8644.65
8585.63
8535.46
8484.17
8421.69
8349.4
8274.76
8195.71
8105.98
8010.37
7915.1
7815.64
7712.77
7609.03
7510.01
7411.95
12099.3
12293.8
12420.6
12473.3
12466.2
12414.2
12306.9
12164.1
12002.7
11811.4
11584.7
11387.3
11207
11015.1
10818.6
10635.7
10472.7
10318.6
10168.1
10029.3
9906.41
9792.57
9684.22
9584.97
9502.86
9430.38
9356.63
9280.02
9206.02
9135.98
9060.82
8976.58
8888.22
8797.41
8702.44
8603.43
8498.59
8392.91
8286.03
8187.43
13572.8
13820.6
13993.8
14076.9
14086.8
14048.1
13939.1
13779.2
13590.1
13334.8
13008.3
12658.2
12321.1
12006.2
11743.9
11559.7
11391.4
11211.8
11035.2
10880.4
10750.7
10633
10520.2
10416.2
10331.1
10264.5
10201
10130.9
10057.9
9989.98
9921.9
9843.65
9756.55
9666.66
9572.99
9475.87
9368.02
9261.3
9147.63
9028.57
15100.4
15432.1
15677.3
15812.6
15858.7
15842.9
15732.3
15558.6
15346.8
15045.5
14664.4
14275.8
13897.1
13524.6
13195
12946.7
12754.8
12557.6
12361.1
12184.3
12039.1
11916.2
11803.7
11700.5
11612.7
11541.1
11477.8
11414.4
11347
11278.3
11209.2
11135
11050.1
10955.5
10859.6
10767.3
10658.4
10546.9
10417.2
10263.8
17027.7
17470.1
17811
18009
18104.8
18132.6
18011.6
17802.9
17560.6
17220.9
16758.4
16278.7
15838.8
15418.3
15030.3
14728.5
14480
14223.7
13995.1
13813.6
13659.2
13519.3
13400.4
13308.3
13232.8
13161
13087.5
13014.8
12961.2
12906.2
12830.3
12747.4
12663
12573.1
12475.4
12377.1
12260.8
12147.6
12001.2
11801.6
19317.3
19942.2
20459.9
20781.3
20958.2
21066.5
20960.1
20706.5
20398.1
19976.8
19449
18857.9
18287.4
17770.1
17332.9
16978.6
16659.6
16360.5
16112.2
15911.6
15745.9
15604.1
15483.5
15389
15315.1
15250.4
15169.4
15084.1
15018.2
14953.3
14871.5
14781.1
14682.8
14582.5
14483.9
14387.1
14263.4
14148.1
13981.5
13720.7
22326.9
23295.7
24132.9
24700.6
25051.9
25288.5
25192.7
24890.7
24449.8
23842.8
23174.3
22469.9
21751
21078.1
20510.2
20047.5
19653.7
19308
19018.9
18779.7
18580.4
18422
18274.9
18150.2
18065.2
17998.7
17909.7
17817.1
17740.7
17660.7
17572
17469.9
17352.1
17230.3
17104.7
16984.3
16829.1
16693.4
16481
16132.9
26842.5
28407.1
29754.4
30668.5
31285.8
31734.5
31626.1
31208.8
30555.2
29673.6
28679.4
27698.2
26758.8
25882.5
25127.4
24519.6
24018.6
23567.8
23163.9
22833.7
22597.4
22405.4
22209.5
22042.4
21944.5
21861.4
21751.7
21648
21547
21435.3
21325.4
21201.3
21044.4
20878.8
20713
20552.3
20342.3
20162.1
19860.7
19350.8
33854.7
36154.8
38115.4
39405.3
40245.4
40867.6
40753.8
39997.6
38898.4
37600.3
36247.8
34923.6
33655.9
32492.7
31509.8
30724.8
30059.8
29442.3
28889.7
28465.3
28183.3
27916.7
27626.1
27390.1
27244.6
27100.2
26930.3
26771.3
26609.1
26431.8
26257.6
26068.6
25842.3
25604
25363.4
25132.7
24844.3
24590.4
24170.5
23407.1
43351.9
46313.9
48755.8
50383
51397.4
51920.7
51403.1
50375.1
48820.7
46947.4
45123.4
43454.4
41900.3
40481.9
39278
38300.9
37454.9
36665.2
35969.5
35446.4
35062.3
34654.9
34236.1
33909.9
33661.9
33389.8
33102.3
32841.1
32574.7
32282.9
31995.1
31702.9
31372.3
31025.6
30680.7
30346.1
29954.9
29605.1
29056.6
28026.4
54071.7
57563.2
60248.6
61954.3
63057.9
63012.5
61707.5
60167.3
58391.5
56236.3
54062.7
52105.4
50338.7
48750
47415.5
46325
45339.7
44397.4
43577.8
42960.3
42426.2
41844.2
41288.9
40843.6
40436.3
39990.5
39551
39154.7
38747.5
38307.6
37876.4
37450.5
36995.7
36523.8
36052.8
35597.7
35098.3
34637
33969.1
32726.2
64287.9
68188.2
70932
71920.3
72351.2
72037
70379.3
68192
65986.7
63741
61542
59572.9
57777.3
56176.6
54857.6
53737.7
52653.7
51608.7
50728.3
50033.1
49328.4
48584.6
47905.3
47319.1
46734.9
46119.6
45533.3
44993.9
44434
43845.7
43278.5
42723.2
42146.2
41557.2
40972
40396
39801.8
39244.2
38485.1
37111.4
72269.4
76507.6
78926.2
79083.3
78503.6
77583.7
76013
73780
71322.4
69039.9
66994.1
65173.9
63533.8
62118.6
60909.6
59780.3
58663
57623.1
56728
55916.5
55075.2
54231.5
53452.9
52732.2
52010.8
51270.1
50563
49900.5
49219
48523.2
47846.7
47178.7
46510.6
45837.1
45164.5
44499.1
43839.7
43203.8
42393.3
40975.6
77570.8
81685.2
83679.2
83735.1
82642.6
80851.7
79074.2
77104
74761.1
72587.7
70737
69122
67728.3
66536.8
65420.8
64311.1
63240.5
62243.6
61310.9
60407.9
59505.3
58603.1
57740.7
56936.1
56132.3
55303.5
54515.5
53767.7
53006.9
52234.4
51482.3
50756
50032.9
49295.2
48568.3
47850.2
47147.7
46462.5
45638.5
44246.7
81239
85049.5
86502.4
86578
85629.8
83388.5
81116.8
79185.9
77087.2
75131.4
73507.9
72091.8
70871.5
69821.3
68807.4
67762.5
66717
65701.3
64757.1
63852.3
62908.7
61926
61026.9
60231.6
59355.1
58452.4
57643.6
56857.8
56042.2
55234.4
54462.1
53698.2
52931.2
52169.4
51424.8
50676.2
49947
49241.5
48417.6
47061.3
84869.9
88550.3
89240.1
88845.7
88007.5
85783
83173.3
81049.3
79074.3
77341.5
75938.9
74727.1
73632.9
72638.6
71666
70683
69659.5
68615.6
67663.5
66772.5
65797.4
64784.9
63899.2
63065.9
62159.2
61275.2
60454.2
59637.4
58824.4
58024.9
57238.9
56464.9
55707.7
54948.4
54194.4
53440.2
52710.3
52011.7
51177.6
49788.4
88198
91919.8
91998.2
90821.7
89674.2
87566.7
84970.3
82790
80925.7
79425.2
78205.5
77170.4
76226
75290.6
74364.1
73443.1
72390.5
71337.6
70498.3
69629
68565.6
67593.5
66802.6
65940.1
65043.2
64203.2
63403
62611.5
61833.1
61050.3
60297.8
59564.8
58828.9
58080.1
57354.4
56637.1
55927.6
55266.3
54412.3
52882.1
90990.7
94476.3
94515.7
92671.9
90854.1
88654.9
86234.6
84240.6
82635.2
81410.1
80411.1
79570.7
78780.6
77919.9
77099.4
76214.5
75181.2
74251.9
73502.8
72615.7
71602.4
70740.9
70035.3
69232.4
68387.5
67620.6
66929.1
66219.7
65513.1
64814.5
64157.1
63502.2
62846.3
62174.9
61533.3
60905.9
60260.4
59711.9
58822.5
56966.8
93621.2
95987.8
95972.5
94212.9
91883.9
89232.8
86961.5
85319.5
84235.9
83438.3
82659
82005.7
81439.5
80814
80081.7
79216.6
78420
77738.1
76990.5
76127.2
75410
74796.8
74140.5
73444.3
72872.8
72327.6
71785.9
71259.9
70801
70309.2
69862.6
69414.6
68979.2
68502.7
68079.7
67689.8
67221.6
66990
66004.2
63365.4
96140.8
97675.1
96419.3
94769.9
92708.4
89938.4
87819.3
86589.6
86017.4
85726.7
85410.6
85161.7
84925.6
84498.4
83970.7
83437.5
82896.2
82445
82002.2
81462.6
81089
80844
80547.1
80244.2
80134.7
80058.1
80015
80007.9
80097.9
80171.7
80337.1
80472.4
80628.7
80735.4
80931.4
81274.5
81347.4
82165.7
80831
75933.7
97871.4
99795.9
97860.9
95806.3
94053.3
91632.6
90148.5
89702.3
89730.4
89958.2
90312.2
90738.4
90899.4
90762.6
90786.7
90843.7
90765.1
90830.1
91083.7
91357.7
91795.4
92352.1
93126.7
94016.6
95128.2
96318.2
97793.3
99395.5
101139
102887
104947
106947
109005
110991
113222
115955
117941
122196
119837
107590
100527
103737
102605
101676
101377
99660.2
98933.1
99476.4
100712
101955
103215
104518
105515
106399
107519
108505
109775
111494
113550
115840
118889
122330
126250
130650
135851
141234
147295
153746
160583
167449
174968
182298
189748
197032
204700
213438
220544
232368
227545
194190
110249
119646
120947
124380
129291
131091
132442
134222
137098
140417
144075
147670
150889
154306
158426
162581
168117
175254
183607
192863
204049
216271
229673
244221
259948
275814
292627
309721
326532
342987
359494
375121
389794
403693
416876
430990
441721
458042
447358
377818
146533
174778
184202
200245
218186
228110
233890
239158
246860
255756
266020
276718
287173
298866
313037
329429
349155
372292
397512
424053
452523
481228
510219
539266
567182
593413
618245
641176
660970
678891
694252
707345
717374
725855
731699
737370
738998
746107
727784
635555
267404
336329
361010
403013
446796
474369
490608
505441
526960
552039
581115
611107
641317
675674
717645
758770
801617
845514
886683
925656
961217
992964
1.02007e+06
1.04388e+06
1.06202e+06
1.07685e+06
1.0873e+06
1.09491e+06
1.09752e+06
1.09883e+06
1.09633e+06
1.09236e+06
1.08477e+06
1.07691e+06
1.06592e+06
1.05535e+06
1.04163e+06
1.03694e+06
1.0161e+06
929454
610866
746445
795832
891582
981740
1.04719e+06
1.08825e+06
1.12596e+06
1.17561e+06
1.23123e+06
1.29315e+06
1.35374e+06
1.40964e+06
1.47025e+06
1.52402e+06
1.56934e+06
1.60746e+06
1.64149e+06
1.66437e+06
1.68361e+06
1.69393e+06
1.70057e+06
1.6995e+06
1.69703e+06
1.68687e+06
1.67668e+06
1.66108e+06
1.64572e+06
1.62445e+06
1.60546e+06
1.58181e+06
1.55972e+06
1.53329e+06
1.50963e+06
1.48204e+06
1.45748e+06
1.42901e+06
1.4204e+06
1.39759e+06
1.32533e+06
1.4948e+06
1.72226e+06
1.8879e+06
2.06912e+06
2.23382e+06
2.36437e+06
2.44923e+06
2.51693e+06
2.59066e+06
2.67007e+06
2.74911e+06
2.81642e+06
2.86454e+06
2.90661e+06
2.93302e+06
2.95271e+06
2.96233e+06
2.96781e+06
2.96042e+06
2.95084e+06
2.93149e+06
2.91064e+06
2.88164e+06
2.85335e+06
2.81738e+06
2.78257e+06
2.74221e+06
2.70389e+06
2.6602e+06
2.61978e+06
2.57528e+06
2.53396e+06
2.48868e+06
2.4471e+06
2.40195e+06
2.36064e+06
2.31563e+06
2.28961e+06
2.27821e+06
2.19855e+06
4.65236e+06
5.26276e+06
5.81143e+06
6.09088e+06
6.28908e+06
6.43684e+06
6.43962e+06
6.37256e+06
6.28797e+06
6.19479e+06
6.0973e+06
6.00134e+06
5.91286e+06
5.82988e+06
5.75054e+06
5.67969e+06
5.6128e+06
5.5475e+06
5.48573e+06
5.42645e+06
5.36793e+06
5.31027e+06
5.2532e+06
5.19498e+06
5.13712e+06
5.07836e+06
5.01881e+06
4.95753e+06
4.89693e+06
4.83415e+06
4.77091e+06
4.70607e+06
4.64201e+06
4.57631e+06
4.51207e+06
4.44898e+06
4.38331e+06
4.30746e+06
4.19764e+06
4.25234e+06
)
;

boundaryField
{
    inlet
    {
        type            fixedValue;
        value           uniform 247.536;
    }
    outlet
    {
        type            inletOutlet;
        inletValue      uniform 247.536;
        value           uniform 247.536;
    }
    fluid_to_graphite
    {
        beta1           0.075;
        blended         0;
        type            omegaWallFunction;
        value           uniform 247.536;
    }
    wedgeBack
    {
        type            wedge;
    }
    wedgeFront
    {
        type            wedge;
    }
    defaultFaces
    {
        type            empty;
    }
}


                                                                               
