                                                                               
                             
                                                                   
                                                            
                                          
                             
                                                                               
FoamFile
{
    format          ascii;
    class           volScalarField;
    location        1 / fluid;
    object          rhoE;
}
                                                                               

dimensions      [ 1 -1 -2 0 0 0 0 ];

internalField   nonuniform List<scalar> 
4592
(
1.35149e+07
1.35138e+07
1.35128e+07
1.35118e+07
1.35109e+07
1.351e+07
1.35092e+07
1.35083e+07
1.35075e+07
1.35068e+07
1.35061e+07
1.35054e+07
1.35047e+07
1.35041e+07
1.35035e+07
1.3503e+07
1.35024e+07
1.35019e+07
1.35014e+07
1.35009e+07
1.35004e+07
1.35e+07
1.34996e+07
1.34992e+07
1.34988e+07
1.34984e+07
1.3498e+07
1.34977e+07
1.34973e+07
1.3497e+07
1.34967e+07
1.34964e+07
1.35149e+07
1.35138e+07
1.35128e+07
1.35118e+07
1.35109e+07
1.351e+07
1.35091e+07
1.35083e+07
1.35075e+07
1.35068e+07
1.35061e+07
1.35054e+07
1.35047e+07
1.35041e+07
1.35035e+07
1.35029e+07
1.35023e+07
1.35018e+07
1.35013e+07
1.35008e+07
1.35003e+07
1.34999e+07
1.34995e+07
1.3499e+07
1.34986e+07
1.34982e+07
1.34979e+07
1.34975e+07
1.34972e+07
1.34968e+07
1.34965e+07
1.34962e+07
1.35149e+07
1.35138e+07
1.35129e+07
1.35118e+07
1.35109e+07
1.351e+07
1.35092e+07
1.35083e+07
1.35076e+07
1.35068e+07
1.35061e+07
1.35054e+07
1.35047e+07
1.35041e+07
1.35035e+07
1.3503e+07
1.35024e+07
1.35019e+07
1.35014e+07
1.35009e+07
1.35004e+07
1.35e+07
1.34996e+07
1.34991e+07
1.34987e+07
1.34984e+07
1.3498e+07
1.34976e+07
1.34973e+07
1.34969e+07
1.34966e+07
1.34963e+07
1.35149e+07
1.35138e+07
1.35129e+07
1.35118e+07
1.35109e+07
1.351e+07
1.35092e+07
1.35083e+07
1.35076e+07
1.35068e+07
1.35061e+07
1.35054e+07
1.35048e+07
1.35041e+07
1.35036e+07
1.3503e+07
1.35024e+07
1.35019e+07
1.35014e+07
1.35009e+07
1.35005e+07
1.35e+07
1.34996e+07
1.34992e+07
1.34988e+07
1.34984e+07
1.34981e+07
1.34977e+07
1.34974e+07
1.3497e+07
1.34967e+07
1.34964e+07
1.3515e+07
1.35138e+07
1.35129e+07
1.35118e+07
1.35109e+07
1.351e+07
1.35092e+07
1.35084e+07
1.35076e+07
1.35068e+07
1.35061e+07
1.35055e+07
1.35048e+07
1.35042e+07
1.35036e+07
1.35031e+07
1.35025e+07
1.3502e+07
1.35015e+07
1.3501e+07
1.35006e+07
1.35002e+07
1.34997e+07
1.34993e+07
1.3499e+07
1.34986e+07
1.34982e+07
1.34979e+07
1.34975e+07
1.34972e+07
1.34969e+07
1.34966e+07
1.3515e+07
1.35138e+07
1.35129e+07
1.35118e+07
1.3511e+07
1.351e+07
1.35092e+07
1.35084e+07
1.35076e+07
1.35069e+07
1.35062e+07
1.35055e+07
1.35049e+07
1.35043e+07
1.35037e+07
1.35031e+07
1.35026e+07
1.35021e+07
1.35016e+07
1.35011e+07
1.35007e+07
1.35003e+07
1.34999e+07
1.34995e+07
1.34991e+07
1.34987e+07
1.34984e+07
1.3498e+07
1.34977e+07
1.34974e+07
1.34971e+07
1.34968e+07
1.3515e+07
1.35138e+07
1.35129e+07
1.35118e+07
1.3511e+07
1.351e+07
1.35092e+07
1.35084e+07
1.35076e+07
1.35069e+07
1.35062e+07
1.35055e+07
1.35049e+07
1.35043e+07
1.35037e+07
1.35032e+07
1.35027e+07
1.35022e+07
1.35017e+07
1.35012e+07
1.35008e+07
1.35004e+07
1.35e+07
1.34996e+07
1.34992e+07
1.34989e+07
1.34985e+07
1.34982e+07
1.34979e+07
1.34976e+07
1.34973e+07
1.3497e+07
1.3515e+07
1.35138e+07
1.35129e+07
1.35118e+07
1.3511e+07
1.351e+07
1.35092e+07
1.35084e+07
1.35077e+07
1.35069e+07
1.35062e+07
1.35056e+07
1.3505e+07
1.35044e+07
1.35038e+07
1.35033e+07
1.35028e+07
1.35023e+07
1.35018e+07
1.35013e+07
1.35009e+07
1.35005e+07
1.35001e+07
1.34997e+07
1.34994e+07
1.3499e+07
1.34987e+07
1.34984e+07
1.34981e+07
1.34978e+07
1.34975e+07
1.34972e+07
1.3515e+07
1.35138e+07
1.35129e+07
1.35118e+07
1.3511e+07
1.351e+07
1.35092e+07
1.35084e+07
1.35077e+07
1.35069e+07
1.35063e+07
1.35056e+07
1.3505e+07
1.35044e+07
1.35039e+07
1.35033e+07
1.35028e+07
1.35024e+07
1.35019e+07
1.35015e+07
1.3501e+07
1.35006e+07
1.35003e+07
1.34999e+07
1.34995e+07
1.34992e+07
1.34989e+07
1.34986e+07
1.34983e+07
1.3498e+07
1.34977e+07
1.34974e+07
1.3515e+07
1.35138e+07
1.35129e+07
1.35118e+07
1.3511e+07
1.351e+07
1.35092e+07
1.35084e+07
1.35077e+07
1.3507e+07
1.35063e+07
1.35057e+07
1.35051e+07
1.35045e+07
1.35039e+07
1.35034e+07
1.35029e+07
1.35024e+07
1.3502e+07
1.35016e+07
1.35012e+07
1.35008e+07
1.35004e+07
1.35e+07
1.34997e+07
1.34994e+07
1.34991e+07
1.34988e+07
1.34985e+07
1.34982e+07
1.34979e+07
1.34977e+07
1.35151e+07
1.35137e+07
1.35129e+07
1.35118e+07
1.3511e+07
1.351e+07
1.35093e+07
1.35084e+07
1.35077e+07
1.3507e+07
1.35063e+07
1.35057e+07
1.35051e+07
1.35045e+07
1.3504e+07
1.35035e+07
1.3503e+07
1.35025e+07
1.35021e+07
1.35017e+07
1.35013e+07
1.35009e+07
1.35005e+07
1.35002e+07
1.34998e+07
1.34995e+07
1.34992e+07
1.34989e+07
1.34987e+07
1.34984e+07
1.34981e+07
1.34979e+07
1.35151e+07
1.35137e+07
1.35129e+07
1.35118e+07
1.3511e+07
1.351e+07
1.35093e+07
1.35084e+07
1.35077e+07
1.3507e+07
1.35064e+07
1.35057e+07
1.35051e+07
1.35046e+07
1.3504e+07
1.35035e+07
1.3503e+07
1.35026e+07
1.35022e+07
1.35018e+07
1.35014e+07
1.3501e+07
1.35006e+07
1.35003e+07
1.35e+07
1.34997e+07
1.34994e+07
1.34991e+07
1.34988e+07
1.34986e+07
1.34983e+07
1.34981e+07
1.35151e+07
1.35137e+07
1.35129e+07
1.35117e+07
1.3511e+07
1.351e+07
1.35093e+07
1.35084e+07
1.35077e+07
1.3507e+07
1.35064e+07
1.35057e+07
1.35052e+07
1.35046e+07
1.35041e+07
1.35036e+07
1.35031e+07
1.35027e+07
1.35022e+07
1.35018e+07
1.35015e+07
1.35011e+07
1.35008e+07
1.35004e+07
1.35001e+07
1.34998e+07
1.34995e+07
1.34993e+07
1.3499e+07
1.34988e+07
1.34985e+07
1.34983e+07
1.35152e+07
1.35136e+07
1.35129e+07
1.35117e+07
1.3511e+07
1.351e+07
1.35092e+07
1.35084e+07
1.35077e+07
1.3507e+07
1.35064e+07
1.35058e+07
1.35052e+07
1.35046e+07
1.35041e+07
1.35036e+07
1.35032e+07
1.35027e+07
1.35023e+07
1.35019e+07
1.35015e+07
1.35012e+07
1.35009e+07
1.35005e+07
1.35002e+07
1.34999e+07
1.34997e+07
1.34994e+07
1.34992e+07
1.34989e+07
1.34987e+07
1.34985e+07
1.35152e+07
1.35135e+07
1.35129e+07
1.35117e+07
1.3511e+07
1.351e+07
1.35092e+07
1.35084e+07
1.35077e+07
1.3507e+07
1.35064e+07
1.35058e+07
1.35052e+07
1.35047e+07
1.35042e+07
1.35037e+07
1.35032e+07
1.35028e+07
1.35024e+07
1.3502e+07
1.35016e+07
1.35013e+07
1.3501e+07
1.35006e+07
1.35004e+07
1.35001e+07
1.34998e+07
1.34996e+07
1.34993e+07
1.34991e+07
1.34989e+07
1.34987e+07
1.35153e+07
1.35135e+07
1.35129e+07
1.35116e+07
1.3511e+07
1.35099e+07
1.35092e+07
1.35084e+07
1.35077e+07
1.3507e+07
1.35064e+07
1.35058e+07
1.35052e+07
1.35047e+07
1.35042e+07
1.35037e+07
1.35033e+07
1.35028e+07
1.35024e+07
1.35021e+07
1.35017e+07
1.35014e+07
1.3501e+07
1.35007e+07
1.35005e+07
1.35002e+07
1.34999e+07
1.34997e+07
1.34995e+07
1.34992e+07
1.34991e+07
1.34988e+07
1.35153e+07
1.35134e+07
1.35129e+07
1.35116e+07
1.35109e+07
1.35099e+07
1.35092e+07
1.35084e+07
1.35077e+07
1.3507e+07
1.35064e+07
1.35058e+07
1.35053e+07
1.35047e+07
1.35042e+07
1.35038e+07
1.35033e+07
1.35029e+07
1.35025e+07
1.35021e+07
1.35018e+07
1.35014e+07
1.35011e+07
1.35008e+07
1.35006e+07
1.35003e+07
1.35001e+07
1.34998e+07
1.34996e+07
1.34994e+07
1.34993e+07
1.3499e+07
1.35154e+07
1.35133e+07
1.35129e+07
1.35115e+07
1.35109e+07
1.35099e+07
1.35092e+07
1.35084e+07
1.35077e+07
1.3507e+07
1.35064e+07
1.35058e+07
1.35053e+07
1.35048e+07
1.35043e+07
1.35038e+07
1.35034e+07
1.35029e+07
1.35025e+07
1.35022e+07
1.35018e+07
1.35015e+07
1.35012e+07
1.35009e+07
1.35006e+07
1.35004e+07
1.35002e+07
1.34999e+07
1.34998e+07
1.34995e+07
1.34994e+07
1.34992e+07
1.35154e+07
1.35132e+07
1.35129e+07
1.35115e+07
1.35109e+07
1.35099e+07
1.35092e+07
1.35084e+07
1.35077e+07
1.35071e+07
1.35065e+07
1.35059e+07
1.35053e+07
1.35048e+07
1.35043e+07
1.35038e+07
1.35034e+07
1.3503e+07
1.35026e+07
1.35022e+07
1.35019e+07
1.35015e+07
1.35013e+07
1.35009e+07
1.35007e+07
1.35004e+07
1.35003e+07
1.35e+07
1.34999e+07
1.34996e+07
1.34996e+07
1.34993e+07
1.35155e+07
1.35131e+07
1.3513e+07
1.35115e+07
1.35109e+07
1.35099e+07
1.35092e+07
1.35084e+07
1.35077e+07
1.35071e+07
1.35065e+07
1.35059e+07
1.35053e+07
1.35048e+07
1.35043e+07
1.35039e+07
1.35034e+07
1.3503e+07
1.35026e+07
1.35023e+07
1.35019e+07
1.35016e+07
1.35013e+07
1.3501e+07
1.35008e+07
1.35005e+07
1.35003e+07
1.35001e+07
1.35e+07
1.34997e+07
1.34997e+07
1.34994e+07
1.35156e+07
1.3513e+07
1.35129e+07
1.35114e+07
1.35109e+07
1.35098e+07
1.35092e+07
1.35084e+07
1.35077e+07
1.35071e+07
1.35065e+07
1.35059e+07
1.35054e+07
1.35049e+07
1.35044e+07
1.35039e+07
1.35035e+07
1.35031e+07
1.35027e+07
1.35023e+07
1.3502e+07
1.35016e+07
1.35013e+07
1.3501e+07
1.35008e+07
1.35005e+07
1.35004e+07
1.35001e+07
1.35001e+07
1.34998e+07
1.34999e+07
1.34996e+07
1.35157e+07
1.35129e+07
1.3513e+07
1.35114e+07
1.35109e+07
1.35098e+07
1.35092e+07
1.35084e+07
1.35077e+07
1.35071e+07
1.35065e+07
1.35059e+07
1.35054e+07
1.35049e+07
1.35044e+07
1.35039e+07
1.35035e+07
1.35031e+07
1.35027e+07
1.35023e+07
1.3502e+07
1.35017e+07
1.35014e+07
1.35011e+07
1.35009e+07
1.35006e+07
1.35004e+07
1.35002e+07
1.35001e+07
1.34999e+07
1.35001e+07
1.34999e+07
1.35158e+07
1.35128e+07
1.35129e+07
1.35113e+07
1.35108e+07
1.35098e+07
1.35092e+07
1.35084e+07
1.35078e+07
1.35071e+07
1.35065e+07
1.3506e+07
1.35055e+07
1.3505e+07
1.35045e+07
1.3504e+07
1.35036e+07
1.35032e+07
1.35028e+07
1.35025e+07
1.35021e+07
1.35018e+07
1.35015e+07
1.35012e+07
1.3501e+07
1.35008e+07
1.35006e+07
1.35004e+07
1.35004e+07
1.35003e+07
1.35007e+07
1.35008e+07
1.35161e+07
1.35127e+07
1.35131e+07
1.35115e+07
1.3511e+07
1.35099e+07
1.35093e+07
1.35085e+07
1.35079e+07
1.35072e+07
1.35066e+07
1.35061e+07
1.35056e+07
1.35051e+07
1.35046e+07
1.35042e+07
1.35038e+07
1.35034e+07
1.35031e+07
1.35027e+07
1.35025e+07
1.35021e+07
1.35019e+07
1.35016e+07
1.35015e+07
1.35012e+07
1.35012e+07
1.3501e+07
1.35013e+07
1.35014e+07
1.3502e+07
1.35025e+07
1.35162e+07
1.35127e+07
1.35131e+07
1.35115e+07
1.35111e+07
1.35101e+07
1.35095e+07
1.35088e+07
1.35082e+07
1.35076e+07
1.35071e+07
1.35066e+07
1.35062e+07
1.35058e+07
1.35054e+07
1.35051e+07
1.35047e+07
1.35044e+07
1.35041e+07
1.35038e+07
1.35036e+07
1.35033e+07
1.35031e+07
1.35029e+07
1.35028e+07
1.35027e+07
1.35029e+07
1.35029e+07
1.35033e+07
1.35035e+07
1.35044e+07
1.35053e+07
1.35174e+07
1.35133e+07
1.35141e+07
1.35126e+07
1.35122e+07
1.35113e+07
1.35107e+07
1.351e+07
1.35095e+07
1.3509e+07
1.35086e+07
1.35082e+07
1.35078e+07
1.35075e+07
1.35072e+07
1.35069e+07
1.35067e+07
1.35064e+07
1.35062e+07
1.3506e+07
1.35059e+07
1.35057e+07
1.35056e+07
1.35054e+07
1.35055e+07
1.35053e+07
1.35056e+07
1.35056e+07
1.35062e+07
1.35065e+07
1.35079e+07
1.35092e+07
1.35204e+07
1.35163e+07
1.35173e+07
1.35159e+07
1.35157e+07
1.3515e+07
1.35148e+07
1.35144e+07
1.35142e+07
1.3514e+07
1.35138e+07
1.35135e+07
1.35133e+07
1.3513e+07
1.35128e+07
1.35125e+07
1.35122e+07
1.35119e+07
1.35117e+07
1.35114e+07
1.35112e+07
1.35108e+07
1.35107e+07
1.35104e+07
1.35105e+07
1.35103e+07
1.35106e+07
1.35106e+07
1.35115e+07
1.35119e+07
1.35139e+07
1.35155e+07
1.35472e+07
1.35401e+07
1.35419e+07
1.354e+07
1.3539e+07
1.35375e+07
1.35362e+07
1.35347e+07
1.35334e+07
1.35321e+07
1.35308e+07
1.35296e+07
1.35285e+07
1.35273e+07
1.35263e+07
1.35253e+07
1.35244e+07
1.35234e+07
1.35226e+07
1.35217e+07
1.35211e+07
1.35202e+07
1.35198e+07
1.35189e+07
1.35187e+07
1.35179e+07
1.3518e+07
1.35173e+07
1.35179e+07
1.35177e+07
1.35193e+07
1.35199e+07
1.34961e+07
1.34958e+07
1.34955e+07
1.34952e+07
1.34949e+07
1.34946e+07
1.34943e+07
1.3494e+07
1.34937e+07
1.34933e+07
1.3493e+07
1.34927e+07
1.34924e+07
1.3492e+07
1.34917e+07
1.34914e+07
1.3491e+07
1.34906e+07
1.34903e+07
1.34899e+07
1.34895e+07
1.34891e+07
1.34887e+07
1.34883e+07
1.34878e+07
1.34874e+07
1.34869e+07
1.34864e+07
1.34859e+07
1.34853e+07
1.34847e+07
1.34841e+07
1.34835e+07
1.34828e+07
1.34821e+07
1.34814e+07
1.34806e+07
1.34797e+07
1.34789e+07
1.34779e+07
1.34769e+07
1.34758e+07
1.34746e+07
1.34733e+07
1.3472e+07
1.34705e+07
1.34689e+07
1.34672e+07
1.34654e+07
1.34633e+07
1.34611e+07
1.34587e+07
1.34561e+07
1.34533e+07
1.34502e+07
1.34468e+07
1.3443e+07
1.34389e+07
1.34343e+07
1.34293e+07
1.34238e+07
1.34176e+07
1.34108e+07
1.34032e+07
1.33947e+07
1.33852e+07
1.33746e+07
1.33627e+07
1.33493e+07
1.33341e+07
1.3317e+07
1.32975e+07
1.32754e+07
1.32501e+07
1.32214e+07
1.31883e+07
1.31498e+07
1.31049e+07
1.30521e+07
1.29901e+07
1.2917e+07
1.28312e+07
1.27296e+07
1.26239e+07
1.24755e+07
1.22953e+07
1.20876e+07
1.18522e+07
1.15854e+07
1.12491e+07
1.08403e+07
1.03757e+07
1.34959e+07
1.34955e+07
1.34953e+07
1.34949e+07
1.34946e+07
1.34943e+07
1.3494e+07
1.34937e+07
1.34933e+07
1.3493e+07
1.34927e+07
1.34923e+07
1.3492e+07
1.34916e+07
1.34912e+07
1.34908e+07
1.34905e+07
1.34901e+07
1.34897e+07
1.34892e+07
1.34888e+07
1.34884e+07
1.34879e+07
1.34874e+07
1.34869e+07
1.34864e+07
1.34859e+07
1.34853e+07
1.34847e+07
1.34841e+07
1.34835e+07
1.34828e+07
1.34821e+07
1.34813e+07
1.34805e+07
1.34796e+07
1.34787e+07
1.34778e+07
1.34768e+07
1.34757e+07
1.34745e+07
1.34732e+07
1.34719e+07
1.34704e+07
1.34689e+07
1.34672e+07
1.34654e+07
1.34634e+07
1.34613e+07
1.3459e+07
1.34564e+07
1.34537e+07
1.34507e+07
1.34475e+07
1.34439e+07
1.344e+07
1.34358e+07
1.34311e+07
1.34259e+07
1.34202e+07
1.3414e+07
1.3407e+07
1.33993e+07
1.33907e+07
1.33812e+07
1.33706e+07
1.33587e+07
1.33453e+07
1.33304e+07
1.33135e+07
1.32945e+07
1.32729e+07
1.32484e+07
1.32205e+07
1.31888e+07
1.31522e+07
1.31097e+07
1.306e+07
1.30019e+07
1.2934e+07
1.28548e+07
1.27627e+07
1.26555e+07
1.2544e+07
1.23826e+07
1.21929e+07
1.19798e+07
1.17412e+07
1.14686e+07
1.11224e+07
1.07105e+07
1.02534e+07
1.3496e+07
1.34957e+07
1.34954e+07
1.34951e+07
1.34948e+07
1.34944e+07
1.34941e+07
1.34938e+07
1.34935e+07
1.34931e+07
1.34928e+07
1.34925e+07
1.34922e+07
1.34918e+07
1.34914e+07
1.3491e+07
1.34906e+07
1.34902e+07
1.34898e+07
1.34894e+07
1.3489e+07
1.34886e+07
1.34881e+07
1.34876e+07
1.34871e+07
1.34866e+07
1.34861e+07
1.34855e+07
1.34849e+07
1.34843e+07
1.34837e+07
1.3483e+07
1.34823e+07
1.34815e+07
1.34807e+07
1.34799e+07
1.3479e+07
1.3478e+07
1.3477e+07
1.34759e+07
1.34747e+07
1.34735e+07
1.34721e+07
1.34707e+07
1.34691e+07
1.34675e+07
1.34657e+07
1.34637e+07
1.34616e+07
1.34593e+07
1.34568e+07
1.3454e+07
1.34511e+07
1.34478e+07
1.34443e+07
1.34404e+07
1.34361e+07
1.34315e+07
1.34263e+07
1.34206e+07
1.34144e+07
1.34074e+07
1.33997e+07
1.33911e+07
1.33816e+07
1.3371e+07
1.33591e+07
1.33457e+07
1.33308e+07
1.33138e+07
1.32948e+07
1.32731e+07
1.32486e+07
1.32205e+07
1.31888e+07
1.31521e+07
1.31091e+07
1.30588e+07
1.3e+07
1.29312e+07
1.28512e+07
1.27583e+07
1.265e+07
1.25423e+07
1.23751e+07
1.21814e+07
1.19675e+07
1.17304e+07
1.14593e+07
1.11055e+07
1.06854e+07
1.02238e+07
1.34961e+07
1.34958e+07
1.34955e+07
1.34952e+07
1.34948e+07
1.34945e+07
1.34943e+07
1.34939e+07
1.34936e+07
1.34932e+07
1.3493e+07
1.34926e+07
1.34923e+07
1.34919e+07
1.34915e+07
1.34911e+07
1.34907e+07
1.34903e+07
1.34899e+07
1.34895e+07
1.34891e+07
1.34886e+07
1.34882e+07
1.34877e+07
1.34872e+07
1.34867e+07
1.34862e+07
1.34856e+07
1.3485e+07
1.34844e+07
1.34837e+07
1.34831e+07
1.34823e+07
1.34816e+07
1.34808e+07
1.34799e+07
1.3479e+07
1.3478e+07
1.3477e+07
1.34759e+07
1.34747e+07
1.34735e+07
1.34721e+07
1.34707e+07
1.34691e+07
1.34674e+07
1.34656e+07
1.34637e+07
1.34615e+07
1.34592e+07
1.34567e+07
1.3454e+07
1.3451e+07
1.34478e+07
1.34443e+07
1.34404e+07
1.34361e+07
1.34315e+07
1.34263e+07
1.34207e+07
1.34144e+07
1.34075e+07
1.33998e+07
1.33912e+07
1.33818e+07
1.33711e+07
1.33593e+07
1.3346e+07
1.33311e+07
1.33142e+07
1.32952e+07
1.32736e+07
1.32492e+07
1.32212e+07
1.31896e+07
1.31529e+07
1.31098e+07
1.30591e+07
1.29997e+07
1.29302e+07
1.28492e+07
1.27554e+07
1.2646e+07
1.25427e+07
1.23688e+07
1.21692e+07
1.19524e+07
1.17148e+07
1.14433e+07
1.10782e+07
1.06455e+07
1.01753e+07
1.34963e+07
1.3496e+07
1.34957e+07
1.34954e+07
1.34951e+07
1.34948e+07
1.34945e+07
1.34942e+07
1.34939e+07
1.34934e+07
1.34932e+07
1.34928e+07
1.34925e+07
1.34921e+07
1.34918e+07
1.34914e+07
1.3491e+07
1.34906e+07
1.34902e+07
1.34898e+07
1.34894e+07
1.34889e+07
1.34885e+07
1.3488e+07
1.34875e+07
1.3487e+07
1.34865e+07
1.34859e+07
1.34854e+07
1.34847e+07
1.34841e+07
1.34834e+07
1.34827e+07
1.3482e+07
1.34812e+07
1.34803e+07
1.34794e+07
1.34785e+07
1.34775e+07
1.34764e+07
1.34752e+07
1.3474e+07
1.34727e+07
1.34713e+07
1.34697e+07
1.34681e+07
1.34663e+07
1.34643e+07
1.34623e+07
1.346e+07
1.34575e+07
1.34548e+07
1.34519e+07
1.34487e+07
1.34453e+07
1.34415e+07
1.34373e+07
1.34327e+07
1.34276e+07
1.34221e+07
1.34159e+07
1.34091e+07
1.34016e+07
1.33932e+07
1.33839e+07
1.33734e+07
1.33618e+07
1.33486e+07
1.3334e+07
1.33174e+07
1.32987e+07
1.32774e+07
1.32533e+07
1.32256e+07
1.31945e+07
1.31582e+07
1.31154e+07
1.30648e+07
1.30055e+07
1.29357e+07
1.28544e+07
1.27602e+07
1.26502e+07
1.25521e+07
1.23721e+07
1.21668e+07
1.19472e+07
1.17089e+07
1.1437e+07
1.10603e+07
1.06122e+07
1.0131e+07
1.34965e+07
1.34962e+07
1.34959e+07
1.34956e+07
1.34953e+07
1.3495e+07
1.34947e+07
1.34944e+07
1.34941e+07
1.34936e+07
1.34935e+07
1.3493e+07
1.34928e+07
1.34924e+07
1.3492e+07
1.34916e+07
1.34913e+07
1.34909e+07
1.34905e+07
1.34901e+07
1.34896e+07
1.34892e+07
1.34888e+07
1.34883e+07
1.34878e+07
1.34873e+07
1.34868e+07
1.34862e+07
1.34857e+07
1.34851e+07
1.34844e+07
1.34838e+07
1.34831e+07
1.34823e+07
1.34816e+07
1.34807e+07
1.34799e+07
1.34789e+07
1.34779e+07
1.34769e+07
1.34757e+07
1.34745e+07
1.34732e+07
1.34718e+07
1.34703e+07
1.34687e+07
1.34669e+07
1.3465e+07
1.3463e+07
1.34608e+07
1.34584e+07
1.34557e+07
1.34529e+07
1.34497e+07
1.34463e+07
1.34426e+07
1.34385e+07
1.3434e+07
1.34291e+07
1.34236e+07
1.34176e+07
1.3411e+07
1.34036e+07
1.33954e+07
1.33863e+07
1.3376e+07
1.33647e+07
1.33518e+07
1.33375e+07
1.33212e+07
1.33029e+07
1.3282e+07
1.32583e+07
1.32312e+07
1.32007e+07
1.3165e+07
1.31227e+07
1.30725e+07
1.30134e+07
1.29438e+07
1.28623e+07
1.27681e+07
1.26576e+07
1.25647e+07
1.23791e+07
1.21675e+07
1.19444e+07
1.17045e+07
1.14313e+07
1.10413e+07
1.05758e+07
1.00774e+07
1.34967e+07
1.34964e+07
1.34962e+07
1.34959e+07
1.34955e+07
1.34952e+07
1.3495e+07
1.34946e+07
1.34944e+07
1.34939e+07
1.34937e+07
1.34933e+07
1.34931e+07
1.34927e+07
1.34923e+07
1.3492e+07
1.34916e+07
1.34912e+07
1.34908e+07
1.34904e+07
1.349e+07
1.34896e+07
1.34891e+07
1.34887e+07
1.34882e+07
1.34877e+07
1.34872e+07
1.34866e+07
1.34861e+07
1.34855e+07
1.34849e+07
1.34842e+07
1.34835e+07
1.34828e+07
1.34821e+07
1.34812e+07
1.34804e+07
1.34795e+07
1.34785e+07
1.34775e+07
1.34764e+07
1.34752e+07
1.34739e+07
1.34725e+07
1.34711e+07
1.34695e+07
1.34678e+07
1.34659e+07
1.34639e+07
1.34617e+07
1.34594e+07
1.34568e+07
1.3454e+07
1.3451e+07
1.34477e+07
1.3444e+07
1.34401e+07
1.34357e+07
1.34309e+07
1.34256e+07
1.34197e+07
1.34132e+07
1.3406e+07
1.33981e+07
1.33892e+07
1.33792e+07
1.33681e+07
1.33556e+07
1.33416e+07
1.33258e+07
1.33079e+07
1.32875e+07
1.32644e+07
1.32378e+07
1.3208e+07
1.31732e+07
1.31315e+07
1.3082e+07
1.30233e+07
1.29541e+07
1.28728e+07
1.27789e+07
1.26678e+07
1.25807e+07
1.23896e+07
1.21719e+07
1.19447e+07
1.17029e+07
1.14278e+07
1.10228e+07
1.05397e+07
1.00224e+07
1.34969e+07
1.34967e+07
1.34964e+07
1.34961e+07
1.34958e+07
1.34955e+07
1.34952e+07
1.34949e+07
1.34947e+07
1.34942e+07
1.3494e+07
1.34936e+07
1.34934e+07
1.3493e+07
1.34926e+07
1.34922e+07
1.34919e+07
1.34915e+07
1.34911e+07
1.34907e+07
1.34903e+07
1.34899e+07
1.34895e+07
1.3489e+07
1.34885e+07
1.34881e+07
1.34876e+07
1.3487e+07
1.34865e+07
1.34859e+07
1.34853e+07
1.34847e+07
1.3484e+07
1.34833e+07
1.34825e+07
1.34818e+07
1.34809e+07
1.348e+07
1.34791e+07
1.34781e+07
1.3477e+07
1.34758e+07
1.34746e+07
1.34732e+07
1.34718e+07
1.34703e+07
1.34686e+07
1.34668e+07
1.34648e+07
1.34627e+07
1.34604e+07
1.3458e+07
1.34552e+07
1.34523e+07
1.3449e+07
1.34455e+07
1.34416e+07
1.34374e+07
1.34327e+07
1.34276e+07
1.34218e+07
1.34156e+07
1.34086e+07
1.34009e+07
1.33922e+07
1.33826e+07
1.33717e+07
1.33596e+07
1.3346e+07
1.33306e+07
1.33131e+07
1.32934e+07
1.32708e+07
1.32449e+07
1.32159e+07
1.3182e+07
1.3141e+07
1.30924e+07
1.30343e+07
1.29659e+07
1.28849e+07
1.27915e+07
1.26803e+07
1.25988e+07
1.24029e+07
1.21789e+07
1.19472e+07
1.17028e+07
1.14254e+07
1.1004e+07
1.05003e+07
9.96327e+06
1.34972e+07
1.34969e+07
1.34967e+07
1.34963e+07
1.3496e+07
1.34958e+07
1.34955e+07
1.34952e+07
1.34949e+07
1.34944e+07
1.34943e+07
1.34939e+07
1.34937e+07
1.34933e+07
1.34929e+07
1.34926e+07
1.34922e+07
1.34918e+07
1.34914e+07
1.3491e+07
1.34906e+07
1.34902e+07
1.34898e+07
1.34894e+07
1.34889e+07
1.34884e+07
1.3488e+07
1.34874e+07
1.34869e+07
1.34863e+07
1.34857e+07
1.34851e+07
1.34845e+07
1.34838e+07
1.34831e+07
1.34823e+07
1.34815e+07
1.34806e+07
1.34797e+07
1.34787e+07
1.34776e+07
1.34765e+07
1.34753e+07
1.3474e+07
1.34726e+07
1.34711e+07
1.34695e+07
1.34677e+07
1.34658e+07
1.34638e+07
1.34615e+07
1.34591e+07
1.34565e+07
1.34536e+07
1.34505e+07
1.3447e+07
1.34433e+07
1.34392e+07
1.34346e+07
1.34296e+07
1.34241e+07
1.3418e+07
1.34112e+07
1.34037e+07
1.33953e+07
1.3386e+07
1.33754e+07
1.33638e+07
1.33504e+07
1.33356e+07
1.33186e+07
1.32995e+07
1.32774e+07
1.32524e+07
1.32241e+07
1.31912e+07
1.3151e+07
1.31034e+07
1.30461e+07
1.29786e+07
1.28982e+07
1.28055e+07
1.26944e+07
1.26184e+07
1.24187e+07
1.21882e+07
1.19519e+07
1.17043e+07
1.14241e+07
1.09856e+07
1.04604e+07
9.89621e+06
1.34974e+07
1.34971e+07
1.34969e+07
1.34966e+07
1.34963e+07
1.3496e+07
1.34958e+07
1.34955e+07
1.34952e+07
1.34947e+07
1.34946e+07
1.34942e+07
1.34939e+07
1.34936e+07
1.34932e+07
1.34929e+07
1.34925e+07
1.34921e+07
1.34917e+07
1.34914e+07
1.3491e+07
1.34906e+07
1.34902e+07
1.34897e+07
1.34893e+07
1.34888e+07
1.34883e+07
1.34878e+07
1.34873e+07
1.34868e+07
1.34862e+07
1.34856e+07
1.34849e+07
1.34843e+07
1.34835e+07
1.34828e+07
1.3482e+07
1.34811e+07
1.34802e+07
1.34793e+07
1.34783e+07
1.34772e+07
1.3476e+07
1.34747e+07
1.34733e+07
1.34719e+07
1.34703e+07
1.34686e+07
1.34668e+07
1.34648e+07
1.34626e+07
1.34603e+07
1.34577e+07
1.34549e+07
1.34519e+07
1.34486e+07
1.34449e+07
1.34409e+07
1.34365e+07
1.34317e+07
1.34263e+07
1.34204e+07
1.34138e+07
1.34066e+07
1.33984e+07
1.33894e+07
1.33791e+07
1.33679e+07
1.33549e+07
1.33406e+07
1.3324e+07
1.33056e+07
1.32841e+07
1.32599e+07
1.32323e+07
1.32005e+07
1.31613e+07
1.31149e+07
1.30584e+07
1.29921e+07
1.29124e+07
1.28206e+07
1.27099e+07
1.26391e+07
1.24369e+07
1.21996e+07
1.19585e+07
1.17069e+07
1.14237e+07
1.09666e+07
1.04208e+07
9.82584e+06
1.34976e+07
1.34974e+07
1.34971e+07
1.34968e+07
1.34965e+07
1.34963e+07
1.3496e+07
1.34957e+07
1.34955e+07
1.3495e+07
1.34949e+07
1.34945e+07
1.34942e+07
1.34938e+07
1.34935e+07
1.34932e+07
1.34928e+07
1.34924e+07
1.34921e+07
1.34917e+07
1.34913e+07
1.34909e+07
1.34905e+07
1.34901e+07
1.34896e+07
1.34892e+07
1.34887e+07
1.34882e+07
1.34877e+07
1.34872e+07
1.34866e+07
1.3486e+07
1.34854e+07
1.34847e+07
1.3484e+07
1.34833e+07
1.34825e+07
1.34817e+07
1.34808e+07
1.34799e+07
1.34789e+07
1.34778e+07
1.34767e+07
1.34754e+07
1.34741e+07
1.34727e+07
1.34712e+07
1.34695e+07
1.34677e+07
1.34658e+07
1.34637e+07
1.34614e+07
1.34589e+07
1.34562e+07
1.34532e+07
1.34501e+07
1.34465e+07
1.34427e+07
1.34383e+07
1.34337e+07
1.34284e+07
1.34228e+07
1.34163e+07
1.34094e+07
1.34014e+07
1.33928e+07
1.33828e+07
1.33719e+07
1.33593e+07
1.33455e+07
1.33294e+07
1.33116e+07
1.32906e+07
1.32672e+07
1.32404e+07
1.32097e+07
1.31713e+07
1.31263e+07
1.30707e+07
1.30061e+07
1.29272e+07
1.28366e+07
1.27268e+07
1.26604e+07
1.24581e+07
1.22131e+07
1.19669e+07
1.17102e+07
1.14243e+07
1.09469e+07
1.03802e+07
9.75254e+06
1.34978e+07
1.34976e+07
1.34974e+07
1.34971e+07
1.34968e+07
1.34965e+07
1.34963e+07
1.3496e+07
1.34957e+07
1.34952e+07
1.34951e+07
1.34947e+07
1.34945e+07
1.34941e+07
1.34938e+07
1.34934e+07
1.34931e+07
1.34927e+07
1.34924e+07
1.3492e+07
1.34916e+07
1.34912e+07
1.34908e+07
1.34904e+07
1.349e+07
1.34895e+07
1.34891e+07
1.34886e+07
1.34881e+07
1.34876e+07
1.3487e+07
1.34864e+07
1.34858e+07
1.34852e+07
1.34845e+07
1.34838e+07
1.3483e+07
1.34822e+07
1.34814e+07
1.34805e+07
1.34795e+07
1.34785e+07
1.34774e+07
1.34762e+07
1.34749e+07
1.34735e+07
1.3472e+07
1.34704e+07
1.34687e+07
1.34668e+07
1.34648e+07
1.34626e+07
1.34602e+07
1.34576e+07
1.34547e+07
1.34516e+07
1.34481e+07
1.34444e+07
1.34402e+07
1.34358e+07
1.34306e+07
1.34252e+07
1.34189e+07
1.34122e+07
1.34044e+07
1.33961e+07
1.33864e+07
1.33759e+07
1.33637e+07
1.33503e+07
1.33346e+07
1.33174e+07
1.32971e+07
1.32744e+07
1.32483e+07
1.32185e+07
1.31811e+07
1.31372e+07
1.30829e+07
1.30194e+07
1.29419e+07
1.28526e+07
1.27445e+07
1.26806e+07
1.24813e+07
1.22298e+07
1.19783e+07
1.17148e+07
1.14266e+07
1.09268e+07
1.03393e+07
9.67184e+06
1.34981e+07
1.34978e+07
1.34976e+07
1.34973e+07
1.3497e+07
1.34968e+07
1.34965e+07
1.34962e+07
1.3496e+07
1.34955e+07
1.34954e+07
1.3495e+07
1.34948e+07
1.34944e+07
1.34941e+07
1.34937e+07
1.34934e+07
1.3493e+07
1.34926e+07
1.34923e+07
1.34919e+07
1.34915e+07
1.34911e+07
1.34907e+07
1.34903e+07
1.34899e+07
1.34894e+07
1.3489e+07
1.34885e+07
1.34879e+07
1.34874e+07
1.34868e+07
1.34863e+07
1.34856e+07
1.3485e+07
1.34843e+07
1.34836e+07
1.34828e+07
1.3482e+07
1.34811e+07
1.34801e+07
1.34791e+07
1.34781e+07
1.34769e+07
1.34757e+07
1.34744e+07
1.34729e+07
1.34714e+07
1.34697e+07
1.34679e+07
1.34659e+07
1.34638e+07
1.34614e+07
1.34589e+07
1.34561e+07
1.34531e+07
1.34498e+07
1.34462e+07
1.34421e+07
1.34378e+07
1.34328e+07
1.34276e+07
1.34215e+07
1.3415e+07
1.34074e+07
1.33994e+07
1.339e+07
1.33798e+07
1.33679e+07
1.3355e+07
1.33398e+07
1.33231e+07
1.33034e+07
1.32814e+07
1.32561e+07
1.32272e+07
1.31908e+07
1.3148e+07
1.30949e+07
1.30328e+07
1.29566e+07
1.28687e+07
1.27621e+07
1.27005e+07
1.2503e+07
1.22477e+07
1.19911e+07
1.1721e+07
1.14292e+07
1.0909e+07
1.03017e+07
9.5831e+06
1.34983e+07
1.34981e+07
1.34978e+07
1.34975e+07
1.34972e+07
1.3497e+07
1.34968e+07
1.34965e+07
1.34962e+07
1.34957e+07
1.34957e+07
1.34952e+07
1.3495e+07
1.34946e+07
1.34943e+07
1.3494e+07
1.34936e+07
1.34933e+07
1.34929e+07
1.34926e+07
1.34922e+07
1.34918e+07
1.34914e+07
1.3491e+07
1.34906e+07
1.34902e+07
1.34898e+07
1.34893e+07
1.34888e+07
1.34883e+07
1.34878e+07
1.34873e+07
1.34867e+07
1.34861e+07
1.34855e+07
1.34848e+07
1.34841e+07
1.34834e+07
1.34826e+07
1.34817e+07
1.34808e+07
1.34799e+07
1.34788e+07
1.34777e+07
1.34765e+07
1.34752e+07
1.34739e+07
1.34724e+07
1.34707e+07
1.3469e+07
1.34671e+07
1.3465e+07
1.34627e+07
1.34603e+07
1.34576e+07
1.34547e+07
1.34514e+07
1.3448e+07
1.3444e+07
1.34398e+07
1.3435e+07
1.34299e+07
1.3424e+07
1.34177e+07
1.34104e+07
1.34026e+07
1.33934e+07
1.33836e+07
1.33721e+07
1.33596e+07
1.33448e+07
1.33286e+07
1.33095e+07
1.32881e+07
1.32636e+07
1.32356e+07
1.32002e+07
1.31585e+07
1.31067e+07
1.3046e+07
1.29713e+07
1.2885e+07
1.278e+07
1.27213e+07
1.25255e+07
1.22673e+07
1.20045e+07
1.17288e+07
1.14307e+07
1.08912e+07
1.02648e+07
9.48979e+06
1.34985e+07
1.34983e+07
1.34981e+07
1.34978e+07
1.34975e+07
1.34972e+07
1.3497e+07
1.34967e+07
1.34965e+07
1.34959e+07
1.34959e+07
1.34955e+07
1.34953e+07
1.34949e+07
1.34946e+07
1.34942e+07
1.34939e+07
1.34935e+07
1.34932e+07
1.34928e+07
1.34925e+07
1.34921e+07
1.34917e+07
1.34913e+07
1.34909e+07
1.34905e+07
1.34901e+07
1.34897e+07
1.34892e+07
1.34887e+07
1.34882e+07
1.34877e+07
1.34872e+07
1.34866e+07
1.3486e+07
1.34854e+07
1.34847e+07
1.3484e+07
1.34832e+07
1.34824e+07
1.34816e+07
1.34806e+07
1.34796e+07
1.34786e+07
1.34774e+07
1.34762e+07
1.34748e+07
1.34734e+07
1.34718e+07
1.34701e+07
1.34683e+07
1.34663e+07
1.34641e+07
1.34617e+07
1.34591e+07
1.34562e+07
1.34531e+07
1.34497e+07
1.34459e+07
1.34418e+07
1.34371e+07
1.34322e+07
1.34264e+07
1.34203e+07
1.34132e+07
1.34056e+07
1.33967e+07
1.33872e+07
1.3376e+07
1.33639e+07
1.33495e+07
1.33339e+07
1.33153e+07
1.32946e+07
1.32707e+07
1.32436e+07
1.32091e+07
1.31686e+07
1.3118e+07
1.30588e+07
1.29857e+07
1.29012e+07
1.27978e+07
1.2742e+07
1.25484e+07
1.22884e+07
1.20199e+07
1.1738e+07
1.14331e+07
1.08748e+07
1.02285e+07
9.39636e+06
1.34987e+07
1.34985e+07
1.34983e+07
1.3498e+07
1.34977e+07
1.34974e+07
1.34972e+07
1.34969e+07
1.34967e+07
1.34961e+07
1.34961e+07
1.34957e+07
1.34955e+07
1.34951e+07
1.34948e+07
1.34944e+07
1.34941e+07
1.34938e+07
1.34934e+07
1.34931e+07
1.34927e+07
1.34924e+07
1.3492e+07
1.34917e+07
1.34913e+07
1.34909e+07
1.34905e+07
1.34901e+07
1.34897e+07
1.34892e+07
1.34888e+07
1.34883e+07
1.34877e+07
1.34872e+07
1.34866e+07
1.3486e+07
1.34854e+07
1.34847e+07
1.3484e+07
1.34832e+07
1.34824e+07
1.34815e+07
1.34805e+07
1.34795e+07
1.34783e+07
1.34771e+07
1.34758e+07
1.34744e+07
1.34729e+07
1.34713e+07
1.34694e+07
1.34675e+07
1.34654e+07
1.34631e+07
1.34605e+07
1.34578e+07
1.34547e+07
1.34514e+07
1.34477e+07
1.34437e+07
1.34392e+07
1.34343e+07
1.34288e+07
1.34228e+07
1.34159e+07
1.34086e+07
1.33999e+07
1.33907e+07
1.33798e+07
1.3368e+07
1.3354e+07
1.33388e+07
1.33207e+07
1.33007e+07
1.32775e+07
1.32512e+07
1.32176e+07
1.31782e+07
1.31289e+07
1.30712e+07
1.29996e+07
1.2917e+07
1.28155e+07
1.27624e+07
1.25716e+07
1.23105e+07
1.20366e+07
1.17479e+07
1.14351e+07
1.0859e+07
1.01914e+07
9.29786e+06
1.34989e+07
1.34986e+07
1.34985e+07
1.34982e+07
1.34979e+07
1.34976e+07
1.34974e+07
1.34971e+07
1.34969e+07
1.34963e+07
1.34963e+07
1.34959e+07
1.34957e+07
1.34953e+07
1.34951e+07
1.34947e+07
1.34944e+07
1.3494e+07
1.34937e+07
1.34934e+07
1.34931e+07
1.34927e+07
1.34924e+07
1.34921e+07
1.34917e+07
1.34914e+07
1.3491e+07
1.34906e+07
1.34902e+07
1.34898e+07
1.34893e+07
1.34889e+07
1.34884e+07
1.34879e+07
1.34873e+07
1.34868e+07
1.34861e+07
1.34855e+07
1.34848e+07
1.3484e+07
1.34832e+07
1.34823e+07
1.34814e+07
1.34804e+07
1.34793e+07
1.34781e+07
1.34769e+07
1.34755e+07
1.3474e+07
1.34724e+07
1.34706e+07
1.34688e+07
1.34667e+07
1.34644e+07
1.34619e+07
1.34593e+07
1.34563e+07
1.34531e+07
1.34494e+07
1.34456e+07
1.34411e+07
1.34364e+07
1.3431e+07
1.34252e+07
1.34185e+07
1.34114e+07
1.34029e+07
1.3394e+07
1.33833e+07
1.33719e+07
1.33583e+07
1.33435e+07
1.33259e+07
1.33064e+07
1.32839e+07
1.32583e+07
1.32256e+07
1.31873e+07
1.31392e+07
1.3083e+07
1.3013e+07
1.29324e+07
1.28327e+07
1.27824e+07
1.25948e+07
1.23335e+07
1.20545e+07
1.17586e+07
1.14369e+07
1.08449e+07
1.01551e+07
9.19207e+06
1.34991e+07
1.34988e+07
1.34987e+07
1.34984e+07
1.34981e+07
1.34978e+07
1.34976e+07
1.34973e+07
1.34971e+07
1.34965e+07
1.34966e+07
1.34961e+07
1.34959e+07
1.34956e+07
1.34953e+07
1.3495e+07
1.34947e+07
1.34944e+07
1.34941e+07
1.34938e+07
1.34935e+07
1.34932e+07
1.34929e+07
1.34926e+07
1.34922e+07
1.34919e+07
1.34916e+07
1.34912e+07
1.34908e+07
1.34904e+07
1.349e+07
1.34896e+07
1.34891e+07
1.34886e+07
1.34881e+07
1.34875e+07
1.34869e+07
1.34863e+07
1.34856e+07
1.34849e+07
1.34841e+07
1.34833e+07
1.34824e+07
1.34814e+07
1.34803e+07
1.34792e+07
1.34779e+07
1.34766e+07
1.34751e+07
1.34736e+07
1.34719e+07
1.347e+07
1.3468e+07
1.34658e+07
1.34633e+07
1.34607e+07
1.34578e+07
1.34547e+07
1.34511e+07
1.34474e+07
1.34431e+07
1.34385e+07
1.34332e+07
1.34276e+07
1.3421e+07
1.3414e+07
1.34058e+07
1.33971e+07
1.33867e+07
1.33756e+07
1.33623e+07
1.3348e+07
1.33308e+07
1.33119e+07
1.32899e+07
1.3265e+07
1.32332e+07
1.31959e+07
1.31489e+07
1.30942e+07
1.30258e+07
1.29472e+07
1.28495e+07
1.28017e+07
1.2618e+07
1.23573e+07
1.20734e+07
1.17699e+07
1.14382e+07
1.08319e+07
1.01214e+07
9.07817e+06
1.34994e+07
1.34989e+07
1.3499e+07
1.34986e+07
1.34983e+07
1.34981e+07
1.34979e+07
1.34975e+07
1.34974e+07
1.34967e+07
1.34968e+07
1.34963e+07
1.34962e+07
1.34959e+07
1.34957e+07
1.34954e+07
1.34951e+07
1.34948e+07
1.34945e+07
1.34943e+07
1.3494e+07
1.34937e+07
1.34935e+07
1.34932e+07
1.34929e+07
1.34926e+07
1.34922e+07
1.34919e+07
1.34915e+07
1.34912e+07
1.34908e+07
1.34903e+07
1.34899e+07
1.34894e+07
1.34889e+07
1.34884e+07
1.34878e+07
1.34872e+07
1.34865e+07
1.34858e+07
1.3485e+07
1.34842e+07
1.34833e+07
1.34824e+07
1.34813e+07
1.34802e+07
1.3479e+07
1.34777e+07
1.34763e+07
1.34748e+07
1.34731e+07
1.34713e+07
1.34693e+07
1.34671e+07
1.34647e+07
1.34622e+07
1.34593e+07
1.34563e+07
1.34528e+07
1.34491e+07
1.34449e+07
1.34404e+07
1.34352e+07
1.34298e+07
1.34233e+07
1.34166e+07
1.34085e+07
1.34e+07
1.33899e+07
1.33791e+07
1.33661e+07
1.33521e+07
1.33354e+07
1.33169e+07
1.32955e+07
1.32713e+07
1.32402e+07
1.3204e+07
1.3158e+07
1.31048e+07
1.30379e+07
1.29614e+07
1.28655e+07
1.28201e+07
1.2641e+07
1.23818e+07
1.2093e+07
1.17815e+07
1.14387e+07
1.082e+07
1.00919e+07
8.95462e+06
1.34997e+07
1.34991e+07
1.34992e+07
1.34989e+07
1.34986e+07
1.34983e+07
1.34981e+07
1.34978e+07
1.34978e+07
1.3497e+07
1.34972e+07
1.34967e+07
1.34967e+07
1.34963e+07
1.34962e+07
1.34959e+07
1.34956e+07
1.34954e+07
1.34951e+07
1.34949e+07
1.34947e+07
1.34944e+07
1.34942e+07
1.34939e+07
1.34936e+07
1.34933e+07
1.3493e+07
1.34927e+07
1.34923e+07
1.3492e+07
1.34916e+07
1.34912e+07
1.34908e+07
1.34903e+07
1.34898e+07
1.34893e+07
1.34887e+07
1.34881e+07
1.34875e+07
1.34868e+07
1.3486e+07
1.34852e+07
1.34844e+07
1.34834e+07
1.34824e+07
1.34813e+07
1.34801e+07
1.34788e+07
1.34774e+07
1.34759e+07
1.34743e+07
1.34725e+07
1.34705e+07
1.34684e+07
1.34661e+07
1.34636e+07
1.34608e+07
1.34578e+07
1.34544e+07
1.34508e+07
1.34467e+07
1.34423e+07
1.34372e+07
1.34319e+07
1.34256e+07
1.3419e+07
1.34111e+07
1.34028e+07
1.33929e+07
1.33823e+07
1.33697e+07
1.3356e+07
1.33396e+07
1.33217e+07
1.33007e+07
1.32772e+07
1.32467e+07
1.32115e+07
1.31665e+07
1.31147e+07
1.30493e+07
1.2975e+07
1.28809e+07
1.28375e+07
1.26638e+07
1.24067e+07
1.21134e+07
1.17935e+07
1.14383e+07
1.08077e+07
1.00663e+07
8.83545e+06
1.35001e+07
1.34993e+07
1.34996e+07
1.34994e+07
1.3499e+07
1.34988e+07
1.34986e+07
1.34982e+07
1.34983e+07
1.34975e+07
1.34977e+07
1.34973e+07
1.34973e+07
1.3497e+07
1.34968e+07
1.34966e+07
1.34964e+07
1.34961e+07
1.34959e+07
1.34957e+07
1.34955e+07
1.34952e+07
1.3495e+07
1.34948e+07
1.34945e+07
1.34942e+07
1.34939e+07
1.34936e+07
1.34933e+07
1.34929e+07
1.34925e+07
1.34921e+07
1.34917e+07
1.34913e+07
1.34908e+07
1.34903e+07
1.34897e+07
1.34891e+07
1.34885e+07
1.34878e+07
1.34871e+07
1.34863e+07
1.34854e+07
1.34845e+07
1.34835e+07
1.34824e+07
1.34812e+07
1.348e+07
1.34786e+07
1.34771e+07
1.34755e+07
1.34738e+07
1.34718e+07
1.34698e+07
1.34674e+07
1.3465e+07
1.34622e+07
1.34593e+07
1.3456e+07
1.34524e+07
1.34484e+07
1.34441e+07
1.34391e+07
1.34339e+07
1.34277e+07
1.34212e+07
1.34135e+07
1.34054e+07
1.33957e+07
1.33854e+07
1.3373e+07
1.33597e+07
1.33436e+07
1.33261e+07
1.33056e+07
1.32826e+07
1.32528e+07
1.32185e+07
1.31744e+07
1.3124e+07
1.30599e+07
1.29878e+07
1.28956e+07
1.28539e+07
1.26863e+07
1.24322e+07
1.21344e+07
1.18058e+07
1.14366e+07
1.07967e+07
1.00354e+07
8.71574e+06
1.35007e+07
1.34997e+07
1.35003e+07
1.35002e+07
1.34997e+07
1.34995e+07
1.34993e+07
1.3499e+07
1.34991e+07
1.34982e+07
1.34985e+07
1.34981e+07
1.34981e+07
1.34979e+07
1.34977e+07
1.34975e+07
1.34973e+07
1.34971e+07
1.34969e+07
1.34967e+07
1.34964e+07
1.34962e+07
1.3496e+07
1.34957e+07
1.34955e+07
1.34952e+07
1.34949e+07
1.34946e+07
1.34943e+07
1.34939e+07
1.34936e+07
1.34932e+07
1.34928e+07
1.34923e+07
1.34918e+07
1.34913e+07
1.34908e+07
1.34902e+07
1.34895e+07
1.34889e+07
1.34881e+07
1.34873e+07
1.34865e+07
1.34856e+07
1.34846e+07
1.34835e+07
1.34824e+07
1.34811e+07
1.34798e+07
1.34783e+07
1.34767e+07
1.3475e+07
1.34731e+07
1.3471e+07
1.34688e+07
1.34664e+07
1.34636e+07
1.34608e+07
1.34575e+07
1.3454e+07
1.345e+07
1.34458e+07
1.34409e+07
1.34358e+07
1.34297e+07
1.34234e+07
1.34158e+07
1.34079e+07
1.33983e+07
1.33883e+07
1.33761e+07
1.33631e+07
1.33474e+07
1.33303e+07
1.33101e+07
1.32877e+07
1.32585e+07
1.3225e+07
1.31818e+07
1.31327e+07
1.30699e+07
1.29998e+07
1.29094e+07
1.28692e+07
1.27084e+07
1.24577e+07
1.21558e+07
1.18186e+07
1.14332e+07
1.07859e+07
1.00146e+07
8.57279e+06
1.35018e+07
1.35008e+07
1.35014e+07
1.35015e+07
1.35009e+07
1.35006e+07
1.35004e+07
1.35e+07
1.35002e+07
1.34993e+07
1.34996e+07
1.34993e+07
1.34992e+07
1.3499e+07
1.34989e+07
1.34987e+07
1.34985e+07
1.34983e+07
1.34981e+07
1.34979e+07
1.34977e+07
1.34974e+07
1.34972e+07
1.3497e+07
1.34967e+07
1.34964e+07
1.34961e+07
1.34958e+07
1.34955e+07
1.34951e+07
1.34947e+07
1.34944e+07
1.34939e+07
1.34935e+07
1.3493e+07
1.34925e+07
1.34919e+07
1.34913e+07
1.34907e+07
1.349e+07
1.34893e+07
1.34885e+07
1.34876e+07
1.34867e+07
1.34857e+07
1.34847e+07
1.34835e+07
1.34823e+07
1.34809e+07
1.34795e+07
1.34779e+07
1.34762e+07
1.34743e+07
1.34723e+07
1.347e+07
1.34677e+07
1.3465e+07
1.34622e+07
1.34589e+07
1.34555e+07
1.34515e+07
1.34474e+07
1.34426e+07
1.34376e+07
1.34316e+07
1.34254e+07
1.34179e+07
1.34102e+07
1.34008e+07
1.33909e+07
1.3379e+07
1.33663e+07
1.33508e+07
1.33341e+07
1.33143e+07
1.32924e+07
1.32637e+07
1.3231e+07
1.31885e+07
1.31408e+07
1.30791e+07
1.30111e+07
1.29224e+07
1.28833e+07
1.27298e+07
1.24835e+07
1.21777e+07
1.18312e+07
1.14286e+07
1.07744e+07
9.99254e+06
8.43858e+06
1.35037e+07
1.3503e+07
1.35035e+07
1.35037e+07
1.3503e+07
1.35026e+07
1.35022e+07
1.35017e+07
1.35017e+07
1.35008e+07
1.35011e+07
1.35007e+07
1.35007e+07
1.35005e+07
1.35003e+07
1.35001e+07
1.34999e+07
1.34996e+07
1.34994e+07
1.34992e+07
1.3499e+07
1.34988e+07
1.34985e+07
1.34982e+07
1.3498e+07
1.34977e+07
1.34974e+07
1.3497e+07
1.34967e+07
1.34963e+07
1.3496e+07
1.34955e+07
1.34951e+07
1.34946e+07
1.34941e+07
1.34936e+07
1.34931e+07
1.34925e+07
1.34918e+07
1.34911e+07
1.34904e+07
1.34896e+07
1.34887e+07
1.34878e+07
1.34868e+07
1.34858e+07
1.34846e+07
1.34834e+07
1.3482e+07
1.34806e+07
1.3479e+07
1.34774e+07
1.34755e+07
1.34735e+07
1.34713e+07
1.34689e+07
1.34663e+07
1.34635e+07
1.34603e+07
1.34569e+07
1.3453e+07
1.3449e+07
1.34442e+07
1.34393e+07
1.34334e+07
1.34273e+07
1.342e+07
1.34123e+07
1.34031e+07
1.33934e+07
1.33817e+07
1.33692e+07
1.3354e+07
1.33376e+07
1.33181e+07
1.32967e+07
1.32684e+07
1.32365e+07
1.31947e+07
1.31483e+07
1.30875e+07
1.30217e+07
1.29344e+07
1.28962e+07
1.27506e+07
1.25092e+07
1.22e+07
1.18435e+07
1.14226e+07
1.07611e+07
9.97018e+06
8.29218e+06
1.35066e+07
1.35067e+07
1.35062e+07
1.35067e+07
1.35058e+07
1.35051e+07
1.35045e+07
1.35037e+07
1.35036e+07
1.35027e+07
1.3503e+07
1.35027e+07
1.35026e+07
1.35023e+07
1.35021e+07
1.35019e+07
1.35017e+07
1.35014e+07
1.35012e+07
1.3501e+07
1.35007e+07
1.35005e+07
1.35002e+07
1.34999e+07
1.34996e+07
1.34993e+07
1.3499e+07
1.34986e+07
1.34982e+07
1.34979e+07
1.34974e+07
1.3497e+07
1.34965e+07
1.34961e+07
1.34955e+07
1.3495e+07
1.34944e+07
1.34938e+07
1.34931e+07
1.34924e+07
1.34916e+07
1.34908e+07
1.349e+07
1.3489e+07
1.3488e+07
1.3487e+07
1.34858e+07
1.34846e+07
1.34832e+07
1.34818e+07
1.34802e+07
1.34785e+07
1.34766e+07
1.34746e+07
1.34724e+07
1.34701e+07
1.34674e+07
1.34647e+07
1.34615e+07
1.34582e+07
1.34543e+07
1.34503e+07
1.34456e+07
1.34407e+07
1.34349e+07
1.34289e+07
1.34216e+07
1.34141e+07
1.3405e+07
1.33954e+07
1.33839e+07
1.33716e+07
1.33566e+07
1.33405e+07
1.33213e+07
1.33002e+07
1.32724e+07
1.32411e+07
1.32e+07
1.31546e+07
1.30948e+07
1.3031e+07
1.29452e+07
1.29076e+07
1.27702e+07
1.25344e+07
1.22227e+07
1.18552e+07
1.14162e+07
1.07461e+07
9.93783e+06
8.14131e+06
1.35108e+07
1.35142e+07
1.35112e+07
1.35117e+07
1.3511e+07
1.35098e+07
1.35087e+07
1.3507e+07
1.35061e+07
1.35052e+07
1.35053e+07
1.35049e+07
1.35047e+07
1.35044e+07
1.35041e+07
1.35038e+07
1.35035e+07
1.35032e+07
1.35029e+07
1.35027e+07
1.35024e+07
1.35021e+07
1.35017e+07
1.35014e+07
1.35011e+07
1.35007e+07
1.35004e+07
1.35e+07
1.34996e+07
1.34992e+07
1.34987e+07
1.34983e+07
1.34978e+07
1.34972e+07
1.34967e+07
1.34961e+07
1.34955e+07
1.34949e+07
1.34942e+07
1.34934e+07
1.34927e+07
1.34918e+07
1.34909e+07
1.349e+07
1.3489e+07
1.34879e+07
1.34867e+07
1.34855e+07
1.34841e+07
1.34827e+07
1.34811e+07
1.34794e+07
1.34775e+07
1.34756e+07
1.34734e+07
1.34711e+07
1.34684e+07
1.34657e+07
1.34625e+07
1.34593e+07
1.34554e+07
1.34515e+07
1.34468e+07
1.3442e+07
1.34362e+07
1.34303e+07
1.34232e+07
1.34157e+07
1.34068e+07
1.33973e+07
1.3386e+07
1.33738e+07
1.33592e+07
1.33432e+07
1.33243e+07
1.33035e+07
1.32761e+07
1.32454e+07
1.32047e+07
1.31603e+07
1.31014e+07
1.30393e+07
1.29549e+07
1.29172e+07
1.27882e+07
1.25588e+07
1.22454e+07
1.18664e+07
1.14098e+07
1.07317e+07
9.90733e+06
7.98815e+06
1.35172e+07
1.3522e+07
1.3516e+07
1.3517e+07
1.35163e+07
1.35141e+07
1.35124e+07
1.35101e+07
1.35091e+07
1.35084e+07
1.35086e+07
1.35081e+07
1.35078e+07
1.35074e+07
1.35071e+07
1.35068e+07
1.35064e+07
1.35061e+07
1.35057e+07
1.35054e+07
1.3505e+07
1.35046e+07
1.35043e+07
1.35039e+07
1.35035e+07
1.3503e+07
1.35026e+07
1.35022e+07
1.35017e+07
1.35012e+07
1.35007e+07
1.35001e+07
1.34996e+07
1.3499e+07
1.34984e+07
1.34977e+07
1.3497e+07
1.34963e+07
1.34956e+07
1.34948e+07
1.34939e+07
1.3493e+07
1.34921e+07
1.34911e+07
1.349e+07
1.34888e+07
1.34876e+07
1.34863e+07
1.34849e+07
1.34834e+07
1.34817e+07
1.348e+07
1.3478e+07
1.3476e+07
1.34737e+07
1.34714e+07
1.34687e+07
1.34659e+07
1.34627e+07
1.34593e+07
1.34554e+07
1.34514e+07
1.34467e+07
1.34418e+07
1.3436e+07
1.343e+07
1.34229e+07
1.34153e+07
1.34064e+07
1.33969e+07
1.33855e+07
1.33733e+07
1.33586e+07
1.33426e+07
1.33236e+07
1.33028e+07
1.32753e+07
1.32447e+07
1.32042e+07
1.31602e+07
1.31014e+07
1.30406e+07
1.29567e+07
1.29184e+07
1.27966e+07
1.25729e+07
1.22591e+07
1.18692e+07
1.13949e+07
1.07103e+07
9.87448e+06
7.8352e+06
1.35247e+07
1.35486e+07
1.35279e+07
1.35271e+07
1.35292e+07
1.35266e+07
1.3523e+07
1.35171e+07
1.3513e+07
1.35115e+07
1.35118e+07
1.35112e+07
1.35107e+07
1.35101e+07
1.35096e+07
1.35091e+07
1.35085e+07
1.3508e+07
1.35075e+07
1.3507e+07
1.35065e+07
1.3506e+07
1.35055e+07
1.3505e+07
1.35044e+07
1.35039e+07
1.35033e+07
1.35027e+07
1.35021e+07
1.35015e+07
1.35009e+07
1.35003e+07
1.34996e+07
1.34989e+07
1.34982e+07
1.34975e+07
1.34967e+07
1.34959e+07
1.34951e+07
1.34942e+07
1.34933e+07
1.34923e+07
1.34913e+07
1.34902e+07
1.34891e+07
1.34879e+07
1.34866e+07
1.34852e+07
1.34838e+07
1.34822e+07
1.34805e+07
1.34788e+07
1.34768e+07
1.34747e+07
1.34724e+07
1.347e+07
1.34672e+07
1.34644e+07
1.34611e+07
1.34578e+07
1.34538e+07
1.34498e+07
1.3445e+07
1.344e+07
1.34342e+07
1.34281e+07
1.34208e+07
1.34132e+07
1.34041e+07
1.33945e+07
1.33829e+07
1.33706e+07
1.33557e+07
1.33396e+07
1.33202e+07
1.3299e+07
1.32711e+07
1.32401e+07
1.31992e+07
1.3155e+07
1.30963e+07
1.30358e+07
1.29533e+07
1.29109e+07
1.28052e+07
1.26038e+07
1.22983e+07
1.18911e+07
1.13795e+07
1.06899e+07
9.89067e+06
7.47932e+06
9.84745e+06
9.24917e+06
8.57418e+06
7.90389e+06
7.2738e+06
6.65683e+06
6.07112e+06
5.52823e+06
5.02082e+06
4.54358e+06
4.09772e+06
3.70438e+06
3.36271e+06
3.05397e+06
2.78016e+06
2.54893e+06
2.35121e+06
2.17965e+06
2.03561e+06
1.91532e+06
1.81358e+06
1.73027e+06
1.65527e+06
1.59145e+06
1.53268e+06
1.4778e+06
1.42412e+06
1.36933e+06
1.31631e+06
1.26256e+06
1.20576e+06
1.1473e+06
1.09162e+06
1.03675e+06
979442
924212
871490
819573
770367
737946
9.73902e+06
9.16928e+06
8.53795e+06
7.91068e+06
7.32306e+06
6.75524e+06
6.22283e+06
5.72177e+06
5.2407e+06
4.79528e+06
4.39002e+06
4.01262e+06
3.66516e+06
3.3665e+06
3.10738e+06
2.86808e+06
2.65032e+06
2.4677e+06
2.31459e+06
2.17952e+06
2.05352e+06
1.94595e+06
1.8553e+06
1.7767e+06
1.70322e+06
1.63101e+06
1.56593e+06
1.50554e+06
1.44867e+06
1.38936e+06
1.32991e+06
1.27384e+06
1.21789e+06
1.16232e+06
1.10638e+06
1.05178e+06
999599
947661
897995
849519
9.70285e+06
9.1261e+06
8.48746e+06
7.86242e+06
7.28285e+06
6.71407e+06
6.17839e+06
5.6853e+06
5.21727e+06
4.77905e+06
4.37009e+06
3.99538e+06
3.66638e+06
3.37989e+06
3.11926e+06
2.87907e+06
2.66788e+06
2.48873e+06
2.33525e+06
2.20268e+06
2.07497e+06
1.96481e+06
1.87032e+06
1.78732e+06
1.71482e+06
1.64151e+06
1.57248e+06
1.50947e+06
1.45002e+06
1.39247e+06
1.3312e+06
1.27371e+06
1.21897e+06
1.16305e+06
1.10758e+06
1.0541e+06
1.00194e+06
950724
902679
859638
9.64193e+06
9.05839e+06
8.41862e+06
7.78993e+06
7.21496e+06
6.66493e+06
6.13693e+06
5.64078e+06
5.18291e+06
4.76251e+06
4.36432e+06
3.99578e+06
3.67265e+06
3.39339e+06
3.14668e+06
2.91809e+06
2.71067e+06
2.53362e+06
2.38246e+06
2.25172e+06
2.13216e+06
2.01831e+06
1.92292e+06
1.8385e+06
1.75889e+06
1.68304e+06
1.6116e+06
1.54405e+06
1.48059e+06
1.41933e+06
1.35752e+06
1.29617e+06
1.23816e+06
1.1832e+06
1.1287e+06
1.0724e+06
1.01998e+06
969330
921261
877331
9.58293e+06
8.97743e+06
8.32989e+06
7.71381e+06
7.13248e+06
6.56803e+06
6.06055e+06
5.58178e+06
5.11588e+06
4.69628e+06
4.31707e+06
3.96458e+06
3.64862e+06
3.38087e+06
3.1436e+06
2.91922e+06
2.72158e+06
2.55729e+06
2.41274e+06
2.27558e+06
2.15201e+06
2.04596e+06
1.95237e+06
1.8632e+06
1.77639e+06
1.6967e+06
1.62401e+06
1.55677e+06
1.48822e+06
1.42098e+06
1.35917e+06
1.29826e+06
1.23957e+06
1.18102e+06
1.12488e+06
1.07058e+06
1.01791e+06
966539
919531
876944
9.51349e+06
8.89212e+06
8.22338e+06
7.6045e+06
7.04502e+06
6.47911e+06
5.95457e+06
5.49256e+06
5.05092e+06
4.63584e+06
4.25592e+06
3.91647e+06
3.62362e+06
3.36914e+06
3.135e+06
2.92009e+06
2.73413e+06
2.57577e+06
2.43741e+06
2.30494e+06
2.18211e+06
2.07304e+06
1.97632e+06
1.88929e+06
1.80135e+06
1.71671e+06
1.63964e+06
1.56802e+06
1.49771e+06
1.42955e+06
1.36424e+06
1.30046e+06
1.24117e+06
1.18262e+06
1.12502e+06
1.06983e+06
1.01781e+06
966567
919756
877547
9.43134e+06
8.7912e+06
8.12038e+06
7.4898e+06
6.92161e+06
6.37587e+06
5.86028e+06
5.38836e+06
4.9579e+06
4.56574e+06
4.19666e+06
3.86643e+06
3.58795e+06
3.34759e+06
3.12779e+06
2.92348e+06
2.74442e+06
2.59033e+06
2.45507e+06
2.33059e+06
2.20727e+06
2.09674e+06
1.9969e+06
1.90513e+06
1.81795e+06
1.72914e+06
1.65012e+06
1.57388e+06
1.50024e+06
1.43088e+06
1.3627e+06
1.29811e+06
1.23766e+06
1.17801e+06
1.12027e+06
1.06471e+06
1.01255e+06
961540
915353
873898
9.34744e+06
8.67383e+06
7.99502e+06
7.37803e+06
6.80178e+06
6.24779e+06
5.75169e+06
5.29001e+06
4.86327e+06
4.48581e+06
4.13609e+06
3.82088e+06
3.55259e+06
3.32426e+06
3.12136e+06
2.92886e+06
2.75638e+06
2.60625e+06
2.4723e+06
2.35119e+06
2.23021e+06
2.11748e+06
2.01577e+06
1.92097e+06
1.82813e+06
1.73987e+06
1.65798e+06
1.57629e+06
1.50143e+06
1.43146e+06
1.36087e+06
1.29411e+06
1.23345e+06
1.17381e+06
1.11505e+06
1.05948e+06
1.00748e+06
956477
910818
869928
9.25541e+06
8.56083e+06
7.85627e+06
7.24222e+06
6.68599e+06
6.12556e+06
5.62459e+06
5.18635e+06
4.77626e+06
4.40713e+06
4.071e+06
3.77397e+06
3.52408e+06
3.30931e+06
3.11638e+06
2.93199e+06
2.76741e+06
2.62256e+06
2.49091e+06
2.37041e+06
2.24652e+06
2.13333e+06
2.03036e+06
1.93346e+06
1.8349e+06
1.74568e+06
1.6617e+06
1.57731e+06
1.49998e+06
1.42882e+06
1.35734e+06
1.28974e+06
1.22797e+06
1.16774e+06
1.10898e+06
1.05267e+06
1.00089e+06
950399
904981
864800
9.14987e+06
8.4355e+06
7.72889e+06
7.10037e+06
6.54387e+06
6.00325e+06
5.50978e+06
5.07567e+06
4.68138e+06
4.33238e+06
4.01583e+06
3.7338e+06
3.49888e+06
3.29677e+06
3.11487e+06
2.93819e+06
2.77924e+06
2.63801e+06
2.50829e+06
2.38534e+06
2.25919e+06
2.14615e+06
2.04204e+06
1.94088e+06
1.83894e+06
1.74841e+06
1.66317e+06
1.57671e+06
1.497e+06
1.42459e+06
1.35359e+06
1.28413e+06
1.22169e+06
1.16161e+06
1.10227e+06
1.04591e+06
994305
943987
898838
859531
9.03982e+06
8.29641e+06
7.58664e+06
6.9723e+06
6.40506e+06
5.86003e+06
5.39013e+06
4.98275e+06
4.59132e+06
4.25976e+06
3.96401e+06
3.6998e+06
3.47859e+06
3.28898e+06
3.11503e+06
2.9443e+06
2.79047e+06
2.65255e+06
2.52415e+06
2.39431e+06
2.26848e+06
2.15561e+06
2.05033e+06
1.9433e+06
1.84064e+06
1.74876e+06
1.66232e+06
1.57433e+06
1.49318e+06
1.41954e+06
1.34801e+06
1.27876e+06
1.21449e+06
1.15489e+06
1.09569e+06
1.03871e+06
987124
937615
892342
854011
8.92779e+06
8.15412e+06
7.43125e+06
6.83335e+06
6.27884e+06
5.72833e+06
5.26735e+06
4.88301e+06
4.51082e+06
4.19632e+06
3.9189e+06
3.67138e+06
3.46596e+06
3.28778e+06
3.11794e+06
2.95175e+06
2.80103e+06
2.66489e+06
2.53563e+06
2.40132e+06
2.27601e+06
2.16241e+06
2.05412e+06
1.94391e+06
1.84125e+06
1.74816e+06
1.65983e+06
1.57059e+06
1.48877e+06
1.4143e+06
1.34232e+06
1.27278e+06
1.20778e+06
1.14822e+06
1.08865e+06
1.03268e+06
980160
931423
885906
849008
8.80732e+06
8.01652e+06
7.27737e+06
6.6779e+06
6.14996e+06
5.60964e+06
5.15122e+06
4.78526e+06
4.44296e+06
4.13862e+06
3.87576e+06
3.65117e+06
3.46091e+06
3.28761e+06
3.11924e+06
2.95883e+06
2.8121e+06
2.67638e+06
2.54158e+06
2.40653e+06
2.28108e+06
2.16575e+06
2.05575e+06
1.94391e+06
1.83969e+06
1.74496e+06
1.65624e+06
1.56715e+06
1.48408e+06
1.40928e+06
1.33571e+06
1.26724e+06
1.20126e+06
1.14176e+06
1.08262e+06
1.02641e+06
974016
925475
879811
844454
8.67348e+06
7.87381e+06
7.13423e+06
6.52457e+06
6.00533e+06
5.49262e+06
5.04683e+06
4.69083e+06
4.37335e+06
4.09624e+06
3.84737e+06
3.636e+06
3.45516e+06
3.29057e+06
3.12682e+06
2.96757e+06
2.81995e+06
2.68243e+06
2.54837e+06
2.41166e+06
2.28356e+06
2.16587e+06
2.05539e+06
1.94365e+06
1.83807e+06
1.74262e+06
1.65113e+06
1.56322e+06
1.4796e+06
1.40383e+06
1.33037e+06
1.26151e+06
1.1955e+06
1.13591e+06
1.07697e+06
1.02074e+06
968617
920134
874403
840461
8.53574e+06
7.72018e+06
6.9904e+06
6.38541e+06
5.86684e+06
5.36685e+06
4.95356e+06
4.61165e+06
4.31042e+06
4.05349e+06
3.82917e+06
3.6277e+06
3.45304e+06
3.29201e+06
3.13315e+06
2.97387e+06
2.82524e+06
2.68592e+06
2.55111e+06
2.41337e+06
2.28437e+06
2.16573e+06
2.05376e+06
1.94007e+06
1.83435e+06
1.73926e+06
1.64719e+06
1.55718e+06
1.47428e+06
1.39907e+06
1.32432e+06
1.25536e+06
1.19029e+06
1.13043e+06
1.0713e+06
1.01517e+06
963377
914994
869554
836936
8.39871e+06
7.56094e+06
6.83639e+06
6.25129e+06
5.73854e+06
5.2494e+06
4.85715e+06
4.54567e+06
4.25997e+06
4.0205e+06
3.81291e+06
3.62458e+06
3.45318e+06
3.29483e+06
3.1373e+06
2.97858e+06
2.82935e+06
2.6884e+06
2.55141e+06
2.41247e+06
2.28402e+06
2.16515e+06
2.04786e+06
1.93718e+06
1.8329e+06
1.73371e+06
1.64049e+06
1.55382e+06
1.46904e+06
1.39223e+06
1.31917e+06
1.25041e+06
1.18445e+06
1.12461e+06
1.06615e+06
1.0099e+06
958298
909971
864854
834056
8.26205e+06
7.4029e+06
6.67988e+06
6.11753e+06
5.61931e+06
5.14265e+06
4.76889e+06
4.48438e+06
4.22094e+06
3.99627e+06
3.80036e+06
3.62305e+06
3.45444e+06
3.29752e+06
3.13966e+06
2.97957e+06
2.82994e+06
2.68917e+06
2.54972e+06
2.40913e+06
2.28116e+06
2.16228e+06
2.04439e+06
1.93152e+06
1.82659e+06
1.73006e+06
1.63578e+06
1.54675e+06
1.46373e+06
1.38769e+06
1.31336e+06
1.24428e+06
1.17936e+06
1.11944e+06
1.06089e+06
1.00465e+06
953490
905186
860516
832132
8.12598e+06
7.24671e+06
6.52538e+06
5.98344e+06
5.50457e+06
5.043e+06
4.69378e+06
4.4278e+06
4.18663e+06
3.9793e+06
3.7946e+06
3.62225e+06
3.45534e+06
3.29978e+06
3.13775e+06
2.97967e+06
2.83301e+06
2.68633e+06
2.54263e+06
2.40894e+06
2.27922e+06
2.15553e+06
2.03875e+06
1.92857e+06
1.82197e+06
1.72317e+06
1.63039e+06
1.54242e+06
1.45826e+06
1.38145e+06
1.30817e+06
1.23922e+06
1.17413e+06
1.1141e+06
1.05605e+06
999767
948944
900564
856506
831992
7.98235e+06
7.10319e+06
6.37693e+06
5.85046e+06
5.40071e+06
4.95043e+06
4.6203e+06
4.38246e+06
4.16453e+06
3.96602e+06
3.78849e+06
3.61955e+06
3.45761e+06
3.29878e+06
3.13532e+06
2.97849e+06
2.83031e+06
2.68296e+06
2.53826e+06
2.40292e+06
2.27567e+06
2.15081e+06
2.03223e+06
1.92245e+06
1.81723e+06
1.71797e+06
1.62432e+06
1.53609e+06
1.4533e+06
1.37632e+06
1.30253e+06
1.2336e+06
1.16934e+06
1.10915e+06
1.05126e+06
994978
944601
896134
852882
833751
7.82016e+06
6.95055e+06
6.25126e+06
5.72336e+06
5.28771e+06
4.87246e+06
4.56615e+06
4.34008e+06
4.13833e+06
3.95811e+06
3.78619e+06
3.62044e+06
3.45501e+06
3.29616e+06
3.13562e+06
2.97525e+06
2.82539e+06
2.67769e+06
2.53552e+06
2.39865e+06
2.2682e+06
2.14477e+06
2.02888e+06
1.91626e+06
1.81052e+06
1.71204e+06
1.61972e+06
1.53007e+06
1.44766e+06
1.37044e+06
1.29769e+06
1.22814e+06
1.16457e+06
1.10379e+06
1.04688e+06
990031
940630
891412
849423
837193
7.67837e+06
6.77637e+06
6.11175e+06
5.62549e+06
5.18943e+06
4.78739e+06
4.51177e+06
4.31102e+06
4.12577e+06
3.95191e+06
3.78323e+06
3.6168e+06
3.45379e+06
3.29308e+06
3.12792e+06
2.97149e+06
2.82159e+06
2.67079e+06
2.52868e+06
2.39278e+06
2.26288e+06
2.13801e+06
2.02171e+06
1.91002e+06
1.80504e+06
1.70579e+06
1.61328e+06
1.52418e+06
1.44243e+06
1.36487e+06
1.2921e+06
1.22283e+06
1.15965e+06
1.09883e+06
1.04212e+06
985264
936194
886464
845781
842926
7.53997e+06
6.63437e+06
5.97472e+06
5.51673e+06
5.10975e+06
4.72206e+06
4.46351e+06
4.28625e+06
4.11549e+06
3.94802e+06
3.78059e+06
3.61163e+06
3.44898e+06
3.28698e+06
3.12307e+06
2.96523e+06
2.8149e+06
2.66394e+06
2.52204e+06
2.385e+06
2.25579e+06
2.13045e+06
2.01477e+06
1.90211e+06
1.79782e+06
1.69816e+06
1.60622e+06
1.51654e+06
1.4355e+06
1.3572e+06
1.28525e+06
1.2156e+06
1.15295e+06
1.09162e+06
1.03565e+06
978325
929988
878971
842569
851680
7.38005e+06
6.48274e+06
5.86382e+06
5.41076e+06
5.00429e+06
4.64346e+06
4.42663e+06
4.26892e+06
4.10679e+06
3.94178e+06
3.77414e+06
3.60426e+06
3.44191e+06
3.27828e+06
3.11491e+06
2.95701e+06
2.80581e+06
2.65453e+06
2.5136e+06
2.37589e+06
2.24675e+06
2.1214e+06
2.00597e+06
1.89295e+06
1.78933e+06
1.68935e+06
1.59759e+06
1.50795e+06
1.42726e+06
1.34866e+06
1.27708e+06
1.20744e+06
1.14504e+06
1.08365e+06
1.02793e+06
970640
922643
870670
839115
862164
7.22748e+06
6.30341e+06
5.72695e+06
5.31329e+06
4.92029e+06
4.58849e+06
4.39613e+06
4.25043e+06
4.0941e+06
3.93076e+06
3.76276e+06
3.59272e+06
3.43031e+06
3.26624e+06
3.10364e+06
2.94543e+06
2.79406e+06
2.64274e+06
2.50216e+06
2.36426e+06
2.23537e+06
2.10993e+06
1.99466e+06
1.88157e+06
1.77817e+06
1.67812e+06
1.58642e+06
1.49678e+06
1.41613e+06
1.33752e+06
1.266e+06
1.19637e+06
1.13389e+06
1.0725e+06
1.01669e+06
959310
911293
858523
832307
871659
7.0659e+06
6.15693e+06
5.63353e+06
5.23206e+06
4.84363e+06
4.53691e+06
4.36777e+06
4.23261e+06
4.08087e+06
3.9182e+06
3.75002e+06
3.57982e+06
3.41775e+06
3.25374e+06
3.0911e+06
2.93224e+06
2.78057e+06
2.62892e+06
2.48815e+06
2.34948e+06
2.22027e+06
2.09439e+06
1.97872e+06
1.86504e+06
1.7613e+06
1.66071e+06
1.56845e+06
1.47831e+06
1.39726e+06
1.31809e+06
1.24608e+06
1.17596e+06
1.11303e+06
1.05117e+06
994934
937098
888885
835088
813031
873920
6.91588e+06
6.02136e+06
5.54394e+06
5.15414e+06
4.76807e+06
4.48834e+06
4.34265e+06
4.21669e+06
4.06732e+06
3.90473e+06
3.73526e+06
3.56465e+06
3.40223e+06
3.23417e+06
3.06947e+06
2.90852e+06
2.75485e+06
2.60091e+06
2.45814e+06
2.3174e+06
2.18659e+06
2.05904e+06
1.94184e+06
1.82661e+06
1.72182e+06
1.62003e+06
1.52686e+06
1.43598e+06
1.35447e+06
1.27476e+06
1.20256e+06
1.13234e+06
1.06949e+06
1.00782e+06
952004
894466
847064
793192
774635
862594
6.76091e+06
5.87914e+06
5.45352e+06
5.0675e+06
4.67475e+06
4.42786e+06
4.30577e+06
4.18467e+06
4.03199e+06
3.86355e+06
3.68579e+06
3.50725e+06
3.33819e+06
3.16324e+06
2.99431e+06
2.82933e+06
2.67212e+06
2.51478e+06
2.36992e+06
2.2272e+06
2.09557e+06
1.96719e+06
1.84994e+06
1.73488e+06
1.63115e+06
1.53017e+06
1.43849e+06
1.34926e+06
1.26975e+06
1.19196e+06
1.12201e+06
1.0541e+06
993685
934545
881316
826499
782672
729941
718941
836643
6.43558e+06
5.57369e+06
5.26709e+06
4.85179e+06
4.44842e+06
4.24278e+06
4.14165e+06
4.00023e+06
3.8213e+06
3.63119e+06
3.43862e+06
3.24989e+06
3.07373e+06
2.89373e+06
2.72399e+06
2.5597e+06
2.4046e+06
2.25084e+06
2.11161e+06
1.97481e+06
1.85029e+06
1.72926e+06
1.61993e+06
1.51274e+06
1.41728e+06
1.32442e+06
1.2408e+06
1.15955e+06
1.08781e+06
1.01751e+06
954831
893998
840263
787494
740285
691925
652167
607178
615481
774130
)
;

boundaryField
{
    inlet
    {
        type            calculated;
        value           uniform 13500000;
    }
    outlet
    {
        type            calculated;
        value           uniform 13500000;
    }
    fluid_to_graphite
    {
        type            calculated;
        value           uniform 13500000;
    }
    wedgeBack
    {
        type            wedge;
    }
    wedgeFront
    {
        type            wedge;
    }
    defaultFaces
    {
        type            empty;
    }
}


                                                                               
