                                                                               
                             
                                                                   
                                                            
                                          
                             
                                                                               
FoamFile
{
    format          ascii;
    class           volScalarField;
    location        1 / fluid;
    object          T;
}
                                                                               

dimensions      [ 0 0 0 1 0 0 0 ];

internalField   nonuniform List<scalar> 
4592
(
3199.92
3199.9
3199.89
3199.88
3199.87
3199.85
3199.85
3199.84
3199.83
3199.82
3199.81
3199.8
3199.8
3199.79
3199.79
3199.78
3199.78
3199.77
3199.77
3199.76
3199.76
3199.75
3199.75
3199.74
3199.74
3199.73
3199.73
3199.73
3199.72
3199.72
3199.71
3199.71
3199.92
3199.9
3199.89
3199.88
3199.87
3199.85
3199.84
3199.83
3199.83
3199.82
3199.81
3199.8
3199.8
3199.79
3199.78
3199.78
3199.77
3199.77
3199.76
3199.76
3199.75
3199.75
3199.74
3199.74
3199.73
3199.73
3199.72
3199.72
3199.71
3199.71
3199.7
3199.7
3199.92
3199.9
3199.89
3199.88
3199.87
3199.85
3199.84
3199.83
3199.83
3199.82
3199.81
3199.8
3199.8
3199.79
3199.79
3199.78
3199.77
3199.77
3199.76
3199.76
3199.76
3199.75
3199.75
3199.74
3199.74
3199.73
3199.73
3199.72
3199.72
3199.71
3199.71
3199.71
3199.92
3199.9
3199.89
3199.88
3199.87
3199.85
3199.85
3199.84
3199.83
3199.82
3199.81
3199.81
3199.8
3199.79
3199.79
3199.78
3199.78
3199.77
3199.77
3199.76
3199.76
3199.75
3199.75
3199.75
3199.74
3199.74
3199.73
3199.73
3199.73
3199.72
3199.72
3199.71
3199.92
3199.9
3199.89
3199.88
3199.87
3199.85
3199.85
3199.84
3199.83
3199.82
3199.81
3199.81
3199.8
3199.8
3199.79
3199.79
3199.78
3199.78
3199.77
3199.77
3199.77
3199.76
3199.76
3199.75
3199.75
3199.75
3199.74
3199.74
3199.74
3199.73
3199.73
3199.73
3199.92
3199.9
3199.89
3199.88
3199.87
3199.85
3199.85
3199.84
3199.83
3199.82
3199.81
3199.81
3199.8
3199.8
3199.79
3199.79
3199.78
3199.78
3199.78
3199.77
3199.77
3199.77
3199.77
3199.76
3199.76
3199.76
3199.75
3199.75
3199.75
3199.74
3199.74
3199.74
3199.92
3199.9
3199.89
3199.88
3199.87
3199.85
3199.85
3199.84
3199.83
3199.82
3199.82
3199.81
3199.81
3199.8
3199.8
3199.79
3199.79
3199.79
3199.78
3199.78
3199.78
3199.77
3199.77
3199.77
3199.77
3199.76
3199.76
3199.76
3199.76
3199.76
3199.75
3199.75
3199.92
3199.9
3199.89
3199.88
3199.87
3199.85
3199.84
3199.84
3199.83
3199.82
3199.82
3199.81
3199.81
3199.8
3199.8
3199.79
3199.79
3199.79
3199.79
3199.78
3199.78
3199.78
3199.78
3199.78
3199.78
3199.77
3199.77
3199.77
3199.77
3199.77
3199.77
3199.76
3199.92
3199.9
3199.89
3199.87
3199.86
3199.85
3199.84
3199.83
3199.83
3199.82
3199.82
3199.81
3199.81
3199.8
3199.8
3199.8
3199.79
3199.79
3199.79
3199.79
3199.79
3199.79
3199.79
3199.78
3199.78
3199.78
3199.78
3199.78
3199.78
3199.78
3199.78
3199.78
3199.92
3199.9
3199.89
3199.87
3199.86
3199.85
3199.84
3199.83
3199.83
3199.82
3199.82
3199.81
3199.81
3199.8
3199.8
3199.8
3199.8
3199.79
3199.79
3199.79
3199.79
3199.79
3199.79
3199.79
3199.79
3199.79
3199.79
3199.79
3199.79
3199.79
3199.79
3199.79
3199.92
3199.89
3199.88
3199.87
3199.86
3199.85
3199.84
3199.83
3199.82
3199.82
3199.81
3199.81
3199.81
3199.8
3199.8
3199.8
3199.8
3199.8
3199.8
3199.79
3199.79
3199.79
3199.79
3199.79
3199.79
3199.79
3199.79
3199.8
3199.8
3199.8
3199.8
3199.8
3199.92
3199.89
3199.88
3199.87
3199.86
3199.84
3199.84
3199.83
3199.82
3199.82
3199.81
3199.81
3199.8
3199.8
3199.8
3199.8
3199.8
3199.8
3199.8
3199.8
3199.8
3199.8
3199.8
3199.8
3199.8
3199.8
3199.8
3199.8
3199.8
3199.8
3199.81
3199.81
3199.91
3199.89
3199.88
3199.86
3199.85
3199.84
3199.83
3199.82
3199.82
3199.81
3199.81
3199.8
3199.8
3199.8
3199.8
3199.8
3199.8
3199.8
3199.8
3199.8
3199.8
3199.8
3199.8
3199.8
3199.8
3199.8
3199.8
3199.81
3199.81
3199.81
3199.81
3199.82
3199.91
3199.88
3199.87
3199.86
3199.85
3199.83
3199.83
3199.82
3199.81
3199.81
3199.8
3199.8
3199.8
3199.8
3199.79
3199.79
3199.79
3199.79
3199.79
3199.8
3199.8
3199.8
3199.8
3199.8
3199.8
3199.81
3199.81
3199.81
3199.81
3199.82
3199.82
3199.83
3199.9
3199.87
3199.86
3199.85
3199.84
3199.83
3199.82
3199.81
3199.81
3199.8
3199.8
3199.79
3199.79
3199.79
3199.79
3199.79
3199.79
3199.79
3199.79
3199.79
3199.8
3199.8
3199.8
3199.8
3199.8
3199.81
3199.81
3199.81
3199.81
3199.82
3199.82
3199.83
3199.9
3199.87
3199.86
3199.84
3199.83
3199.82
3199.81
3199.8
3199.8
3199.79
3199.79
3199.79
3199.78
3199.78
3199.78
3199.78
3199.78
3199.78
3199.78
3199.79
3199.79
3199.79
3199.8
3199.8
3199.8
3199.8
3199.81
3199.81
3199.81
3199.82
3199.82
3199.83
3199.89
3199.86
3199.85
3199.83
3199.82
3199.81
3199.8
3199.8
3199.79
3199.78
3199.78
3199.78
3199.78
3199.78
3199.78
3199.78
3199.78
3199.78
3199.78
3199.78
3199.78
3199.79
3199.79
3199.8
3199.8
3199.8
3199.8
3199.81
3199.81
3199.82
3199.82
3199.83
3199.89
3199.85
3199.84
3199.83
3199.82
3199.8
3199.8
3199.79
3199.78
3199.77
3199.77
3199.77
3199.77
3199.77
3199.77
3199.77
3199.77
3199.77
3199.77
3199.77
3199.78
3199.78
3199.79
3199.79
3199.79
3199.8
3199.8
3199.8
3199.81
3199.81
3199.82
3199.83
3199.88
3199.84
3199.84
3199.82
3199.81
3199.79
3199.79
3199.78
3199.77
3199.77
3199.76
3199.76
3199.76
3199.76
3199.76
3199.76
3199.76
3199.76
3199.76
3199.76
3199.77
3199.77
3199.78
3199.78
3199.79
3199.79
3199.79
3199.79
3199.8
3199.8
3199.8
3199.77
3199.88
3199.84
3199.83
3199.81
3199.8
3199.79
3199.78
3199.77
3199.76
3199.76
3199.75
3199.75
3199.75
3199.75
3199.75
3199.75
3199.75
3199.75
3199.75
3199.75
3199.75
3199.75
3199.76
3199.76
3199.76
3199.76
3199.76
3199.75
3199.74
3199.72
3199.67
3199.46
3199.87
3199.83
3199.82
3199.8
3199.79
3199.78
3199.77
3199.76
3199.75
3199.75
3199.74
3199.74
3199.74
3199.73
3199.73
3199.73
3199.73
3199.73
3199.72
3199.71
3199.71
3199.7
3199.69
3199.67
3199.65
3199.61
3199.57
3199.5
3199.41
3199.24
3198.78
3197.48
3199.86
3199.81
3199.81
3199.79
3199.78
3199.77
3199.76
3199.75
3199.74
3199.73
3199.73
3199.72
3199.71
3199.7
3199.69
3199.68
3199.65
3199.63
3199.58
3199.52
3199.43
3199.34
3199.18
3199.02
3198.76
3198.46
3198.06
3197.51
3196.78
3195.35
3192.86
3188.32
3199.85
3199.8
3199.79
3199.78
3199.76
3199.75
3199.74
3199.73
3199.71
3199.7
3199.67
3199.64
3199.58
3199.5
3199.37
3199.22
3198.95
3198.66
3198.2
3197.7
3196.97
3196.2
3195.14
3194.09
3192.69
3191.28
3189.29
3187.09
3183.61
3179.07
3172.85
3164.8
3199.83
3199.77
3199.77
3199.75
3199.73
3199.71
3199.67
3199.62
3199.5
3199.35
3199.06
3198.72
3198.11
3197.4
3196.35
3195.21
3193.64
3191.98
3189.85
3187.65
3184.98
3182.26
3179.1
3175.92
3172.24
3168.36
3163.76
3158.44
3152.16
3144.78
3136.02
3124.99
3199.78
3199.71
3199.69
3199.64
3199.53
3199.33
3198.91
3198.38
3197.34
3196.1
3194.18
3192.04
3189.14
3186.03
3182.21
3178.27
3173.66
3168.96
3163.69
3158.42
3152.69
3147.02
3140.99
3134.87
3128.53
3121.78
3114.99
3107.46
3099.93
3090.47
3080.56
3066.58
3199.57
3199.44
3199.19
3198.64
3197.46
3195.67
3192.65
3189.03
3184.09
3178.67
3172.06
3165.23
3157.43
3149.71
3141.28
3133.05
3124.27
3115.71
3106.77
3098.06
3089.19
3080.48
3071.85
3063.31
3055.13
3046.5
3038.64
3029.37
3021.4
3009.67
2999.46
2981.14
3198.03
3196.56
3193.62
3187.94
3179.31
3168.59
3155.79
3142.23
3127.55
3113.09
3098.14
3083.95
3069.64
3056.25
3042.9
3030.49
3018.16
3006.58
2995.1
2984.15
2973.39
2962.93
2952.89
2943.03
2933.88
2924.12
2915.58
2904.69
2895.69
2881.52
2869.47
2843.22
3168.28
3117.93
3071.99
3029.17
2990
2953.55
2920.18
2889.12
2860.82
2834.52
2810.8
2788.76
2769.17
2750.87
2734.89
2719.68
2706.66
2693.77
2682.99
2671.66
2662.54
2652.12
2644.21
2633.91
2626.65
2616.1
2609.15
2597.85
2590.49
2577.27
2567.58
2540.32
3199.71
3199.7
3199.7
3199.7
3199.69
3199.69
3199.68
3199.68
3199.68
3199.67
3199.67
3199.66
3199.65
3199.64
3199.64
3199.63
3199.62
3199.61
3199.59
3199.58
3199.57
3199.55
3199.54
3199.52
3199.5
3199.48
3199.46
3199.43
3199.41
3199.38
3199.36
3199.33
3199.29
3199.26
3199.22
3199.18
3199.15
3199.1
3199.05
3199.01
3198.95
3198.89
3198.83
3198.76
3198.69
3198.61
3198.53
3198.43
3198.33
3198.23
3198.1
3197.98
3197.85
3197.68
3197.51
3197.33
3197.13
3196.91
3196.63
3196.39
3196.04
3195.75
3195.37
3194.97
3194.46
3193.95
3193.42
3192.73
3191.99
3191.22
3190.18
3189.16
3187.94
3186.55
3185
3183.15
3181.07
3178.65
3175.69
3172.29
3168.33
3163.76
3158.36
3152.22
3144.45
3135.12
3124.42
3112.1
3097.72
3079.8
3058.21
3033.02
3199.7
3199.69
3199.69
3199.68
3199.68
3199.67
3199.67
3199.66
3199.66
3199.65
3199.64
3199.64
3199.63
3199.62
3199.61
3199.6
3199.59
3199.58
3199.57
3199.55
3199.54
3199.52
3199.5
3199.48
3199.46
3199.44
3199.42
3199.39
3199.37
3199.34
3199.31
3199.27
3199.25
3199.2
3199.17
3199.12
3199.09
3199.03
3198.99
3198.92
3198.87
3198.79
3198.74
3198.65
3198.59
3198.49
3198.41
3198.29
3198.2
3198.07
3197.95
3197.79
3197.65
3197.48
3197.3
3197.07
3196.88
3196.61
3196.36
3196.04
3195.74
3195.34
3194.94
3194.5
3194.03
3193.43
3192.81
3192.09
3191.3
3190.42
3189.41
3188.23
3186.96
3185.52
3183.77
3181.76
3179.53
3176.97
3173.87
3170.26
3166.12
3161.28
3155.83
3149.42
3141.31
3131.76
3120.93
3108.54
3093.92
3075.79
3054.09
3029.19
3199.7
3199.7
3199.69
3199.69
3199.68
3199.68
3199.67
3199.67
3199.66
3199.66
3199.65
3199.64
3199.64
3199.63
3199.62
3199.61
3199.6
3199.58
3199.57
3199.56
3199.54
3199.52
3199.51
3199.49
3199.47
3199.44
3199.42
3199.39
3199.37
3199.34
3199.32
3199.27
3199.25
3199.2
3199.17
3199.12
3199.09
3199.03
3198.99
3198.92
3198.88
3198.79
3198.74
3198.65
3198.59
3198.48
3198.41
3198.28
3198.2
3198.06
3197.94
3197.78
3197.65
3197.46
3197.29
3197.06
3196.86
3196.6
3196.34
3196.03
3195.71
3195.32
3194.94
3194.46
3193.97
3193.38
3192.79
3192.05
3191.26
3190.33
3189.33
3188.14
3186.87
3185.4
3183.68
3181.61
3179.35
3176.68
3173.57
3169.88
3165.76
3160.87
3155.33
3148.92
3140.55
3130.81
3120.01
3107.65
3092.93
3074.19
3052.09
3027
3199.71
3199.71
3199.7
3199.7
3199.69
3199.69
3199.68
3199.68
3199.67
3199.67
3199.66
3199.65
3199.64
3199.64
3199.63
3199.62
3199.61
3199.59
3199.58
3199.56
3199.55
3199.53
3199.52
3199.49
3199.48
3199.45
3199.43
3199.4
3199.38
3199.34
3199.32
3199.28
3199.25
3199.21
3199.18
3199.12
3199.09
3199.03
3198.99
3198.92
3198.88
3198.8
3198.75
3198.65
3198.59
3198.49
3198.41
3198.28
3198.21
3198.06
3197.96
3197.77
3197.66
3197.46
3197.3
3197.08
3196.86
3196.64
3196.34
3196.03
3195.72
3195.36
3194.96
3194.47
3194.01
3193.38
3192.83
3192.06
3191.29
3190.37
3189.38
3188.18
3186.94
3185.45
3183.7
3181.64
3179.39
3176.63
3173.51
3169.8
3165.62
3160.72
3155.22
3148.72
3140.15
3130.23
3119.29
3106.81
3092
3072.72
3050.28
3024.49
3199.72
3199.72
3199.72
3199.71
3199.71
3199.7
3199.7
3199.69
3199.69
3199.68
3199.68
3199.67
3199.66
3199.65
3199.64
3199.63
3199.62
3199.61
3199.6
3199.58
3199.57
3199.55
3199.53
3199.51
3199.49
3199.47
3199.45
3199.42
3199.4
3199.36
3199.34
3199.3
3199.27
3199.22
3199.2
3199.14
3199.11
3199.05
3199.01
3198.94
3198.9
3198.82
3198.77
3198.68
3198.62
3198.51
3198.44
3198.31
3198.24
3198.09
3197.99
3197.81
3197.7
3197.5
3197.35
3197.13
3196.9
3196.69
3196.39
3196.1
3195.8
3195.43
3195.02
3194.52
3194.15
3193.49
3192.99
3192.12
3191.42
3190.51
3189.53
3188.38
3187.15
3185.64
3183.88
3181.81
3179.65
3176.79
3173.73
3169.98
3165.77
3160.86
3155.41
3148.86
3140.11
3129.99
3118.95
3106.31
3091.26
3071.51
3048.2
3022.63
3199.74
3199.73
3199.73
3199.73
3199.72
3199.72
3199.72
3199.71
3199.71
3199.7
3199.7
3199.69
3199.68
3199.67
3199.66
3199.65
3199.64
3199.63
3199.61
3199.6
3199.58
3199.56
3199.55
3199.53
3199.51
3199.48
3199.46
3199.43
3199.41
3199.38
3199.35
3199.31
3199.29
3199.24
3199.21
3199.16
3199.13
3199.07
3199.03
3198.96
3198.92
3198.84
3198.8
3198.7
3198.65
3198.54
3198.47
3198.35
3198.27
3198.13
3198.03
3197.87
3197.75
3197.53
3197.41
3197.19
3196.98
3196.73
3196.49
3196.2
3195.89
3195.48
3195.13
3194.67
3194.28
3193.63
3193.12
3192.24
3191.67
3190.66
3189.77
3188.66
3187.35
3185.88
3184.15
3182.15
3179.97
3177.14
3174.09
3170.34
3166.13
3161.19
3155.77
3149.08
3140.22
3129.8
3118.72
3105.83
3090.55
3070.35
3045.93
3018.7
3199.75
3199.75
3199.75
3199.74
3199.74
3199.74
3199.73
3199.73
3199.73
3199.72
3199.72
3199.71
3199.7
3199.69
3199.68
3199.67
3199.66
3199.65
3199.63
3199.62
3199.6
3199.58
3199.57
3199.55
3199.53
3199.5
3199.48
3199.45
3199.43
3199.4
3199.37
3199.33
3199.3
3199.27
3199.23
3199.19
3199.15
3199.1
3199.06
3198.99
3198.94
3198.89
3198.81
3198.74
3198.68
3198.57
3198.51
3198.39
3198.3
3198.19
3198.04
3197.96
3197.79
3197.6
3197.48
3197.24
3197.06
3196.83
3196.6
3196.28
3195.96
3195.65
3195.23
3194.82
3194.39
3193.82
3193.24
3192.5
3191.88
3190.9
3190.03
3188.93
3187.61
3186.14
3184.58
3182.58
3180.35
3177.64
3174.45
3170.79
3166.51
3161.7
3156.17
3149.52
3140.45
3129.92
3118.59
3105.5
3089.96
3069.14
3044.47
3015.36
3199.76
3199.76
3199.76
3199.76
3199.76
3199.76
3199.75
3199.75
3199.75
3199.74
3199.74
3199.73
3199.72
3199.71
3199.71
3199.7
3199.68
3199.67
3199.65
3199.64
3199.62
3199.6
3199.59
3199.57
3199.54
3199.52
3199.5
3199.47
3199.44
3199.42
3199.38
3199.36
3199.32
3199.29
3199.25
3199.22
3199.16
3199.13
3199.07
3199.03
3198.96
3198.92
3198.84
3198.78
3198.71
3198.61
3198.55
3198.45
3198.33
3198.26
3198.09
3198
3197.83
3197.68
3197.54
3197.29
3197.13
3196.91
3196.62
3196.36
3196.05
3195.76
3195.27
3194.98
3194.43
3193.96
3193.32
3192.7
3191.97
3191.11
3190.21
3189.13
3187.79
3186.45
3184.88
3182.93
3180.68
3178.03
3174.85
3171.26
3166.98
3162.22
3156.7
3150.12
3140.76
3130.05
3118.56
3105.36
3089.46
3067.75
3042.21
3013.71
3199.78
3199.78
3199.78
3199.78
3199.78
3199.77
3199.77
3199.77
3199.77
3199.76
3199.76
3199.75
3199.74
3199.74
3199.73
3199.72
3199.7
3199.69
3199.67
3199.66
3199.64
3199.62
3199.6
3199.58
3199.56
3199.54
3199.51
3199.49
3199.46
3199.44
3199.4
3199.38
3199.34
3199.32
3199.27
3199.24
3199.19
3199.16
3199.1
3199.06
3198.99
3198.95
3198.86
3198.82
3198.73
3198.65
3198.57
3198.47
3198.35
3198.27
3198.11
3198.01
3197.82
3197.7
3197.51
3197.28
3197.1
3196.87
3196.53
3196.34
3195.96
3195.67
3195.15
3194.87
3194.29
3193.87
3193.13
3192.59
3191.75
3190.99
3190.03
3189
3187.64
3186.42
3184.71
3182.92
3180.6
3178.09
3174.87
3171.4
3167.06
3162.39
3156.83
3150.33
3140.77
3129.86
3118.25
3104.99
3088.73
3066.27
3039.31
3009.4
3199.79
3199.79
3199.79
3199.8
3199.79
3199.79
3199.79
3199.79
3199.79
3199.78
3199.78
3199.77
3199.76
3199.76
3199.75
3199.73
3199.72
3199.7
3199.69
3199.67
3199.66
3199.64
3199.62
3199.6
3199.58
3199.56
3199.53
3199.51
3199.48
3199.46
3199.42
3199.4
3199.36
3199.34
3199.29
3199.26
3199.2
3199.17
3199.11
3199.07
3198.99
3198.95
3198.85
3198.8
3198.68
3198.61
3198.47
3198.38
3198.2
3198.09
3197.86
3197.74
3197.45
3197.3
3196.95
3196.77
3196.34
3196.13
3195.63
3195.38
3194.79
3194.49
3193.81
3193.46
3192.65
3192.24
3191.29
3190.79
3189.67
3189.03
3187.78
3186.89
3185.29
3184.28
3182.27
3180.83
3178.35
3176.18
3172.85
3169.75
3165.28
3160.98
3155.28
3149.1
3139.78
3128.86
3117.27
3103.9
3087.41
3064.32
3036.89
3003.98
3199.8
3199.81
3199.81
3199.81
3199.81
3199.81
3199.81
3199.81
3199.81
3199.8
3199.8
3199.79
3199.78
3199.77
3199.76
3199.75
3199.73
3199.72
3199.7
3199.69
3199.67
3199.65
3199.63
3199.61
3199.59
3199.57
3199.55
3199.53
3199.49
3199.47
3199.43
3199.41
3199.37
3199.34
3199.28
3199.25
3199.17
3199.13
3199.03
3198.96
3198.82
3198.74
3198.54
3198.42
3198.14
3197.99
3197.62
3197.42
3196.95
3196.7
3196.12
3195.82
3195.13
3194.78
3193.97
3193.58
3192.66
3192.23
3191.21
3190.74
3189.62
3189.11
3187.89
3187.34
3186.03
3185.43
3184.01
3183.36
3181.8
3181.08
3179.35
3178.52
3176.58
3175.55
3173.29
3172.11
3169.44
3167.92
3164.39
3162.25
3157.44
3154.22
3148.07
3142.84
3134.98
3124.53
3113.75
3100.21
3084.51
3060.04
3033.14
2999.41
3199.81
3199.82
3199.82
3199.83
3199.83
3199.83
3199.83
3199.83
3199.83
3199.82
3199.81
3199.81
3199.8
3199.79
3199.78
3199.76
3199.75
3199.73
3199.72
3199.7
3199.68
3199.67
3199.65
3199.62
3199.6
3199.58
3199.55
3199.53
3199.49
3199.46
3199.41
3199.37
3199.28
3199.21
3199.09
3198.97
3198.77
3198.59
3198.29
3198.01
3197.58
3197.18
3196.6
3196.07
3195.31
3194.64
3193.7
3192.9
3191.78
3190.88
3189.59
3188.6
3187.15
3186.1
3184.52
3183.43
3181.73
3180.64
3178.84
3177.76
3175.89
3174.83
3172.9
3171.87
3169.89
3168.88
3166.86
3165.86
3163.79
3162.77
3160.63
3159.55
3157.31
3156.12
3153.68
3152.5
3149.93
3148.61
3145.39
3143.61
3139.09
3136.57
3130.54
3125.93
3121.74
3112.32
3104.07
3090.25
3077.48
3050.62
3025.11
2990.77
3199.82
3199.83
3199.83
3199.84
3199.84
3199.84
3199.84
3199.84
3199.84
3199.84
3199.83
3199.82
3199.82
3199.81
3199.79
3199.78
3199.76
3199.75
3199.73
3199.71
3199.69
3199.67
3199.65
3199.62
3199.59
3199.55
3199.5
3199.43
3199.34
3199.22
3199.06
3198.84
3198.55
3198.19
3197.73
3197.17
3196.5
3195.7
3194.77
3193.71
3192.51
3191.2
3189.74
3188.2
3186.5
3184.75
3182.85
3180.95
3178.86
3176.86
3174.63
3172.57
3170.25
3168.17
3165.77
3163.73
3161.29
3159.31
3156.84
3154.96
3152.49
3150.72
3148.25
3146.6
3144.16
3142.61
3140.19
3138.75
3136.33
3134.96
3132.54
3131.2
3128.74
3127.37
3124.81
3123.58
3121.07
3119.81
3116.78
3115.15
3110.89
3108.6
3102.67
3098.56
3095.87
3087.4
3082.36
3068.68
3059.35
3031.14
3008.64
2969.27
3199.83
3199.84
3199.85
3199.85
3199.86
3199.86
3199.86
3199.86
3199.86
3199.85
3199.84
3199.84
3199.83
3199.82
3199.8
3199.78
3199.77
3199.75
3199.73
3199.7
3199.67
3199.62
3199.57
3199.48
3199.36
3199.2
3198.96
3198.64
3198.22
3197.67
3196.98
3196.14
3195.12
3193.92
3192.53
3190.96
3189.2
3187.27
3185.15
3182.88
3180.47
3177.94
3175.29
3172.55
3169.71
3166.82
3163.85
3160.87
3157.81
3154.81
3151.7
3148.72
3145.6
3142.69
3139.6
3136.8
3133.74
3131.09
3128.09
3125.6
3122.67
3120.37
3117.5
3115.39
3112.6
3110.67
3107.95
3106.18
3103.53
3101.89
3099.27
3097.72
3095.11
3093.6
3090.93
3089.66
3087.15
3085.92
3083.01
3081.48
3077.4
3075.27
3069.34
3065.86
3064.1
3056.7
3052.64
3039.56
3031.37
3001.44
2982.36
2935.19
3199.84
3199.85
3199.86
3199.86
3199.87
3199.87
3199.87
3199.87
3199.87
3199.86
3199.86
3199.85
3199.84
3199.82
3199.8
3199.77
3199.73
3199.69
3199.62
3199.52
3199.38
3199.17
3198.87
3198.46
3197.9
3197.18
3196.26
3195.13
3193.79
3192.21
3190.39
3188.34
3186.06
3183.56
3180.86
3177.97
3174.9
3171.68
3168.33
3164.88
3161.33
3157.69
3153.99
3150.23
3146.43
3142.62
3138.8
3135
3131.19
3127.44
3123.66
3120
3116.29
3112.76
3109.14
3105.78
3102.26
3099.1
3095.69
3092.75
3089.45
3086.75
3083.57
3081.1
3078.03
3075.8
3072.83
3070.81
3067.94
3066.09
3063.29
3061.59
3058.83
3057.21
3054.42
3053.11
3050.55
3049.32
3046.44
3044.97
3040.99
3038.97
3033.12
3029.92
3028.86
3022.36
3019.22
3006.67
2999.35
2967.65
2952.29
2899.62
3199.84
3199.85
3199.86
3199.87
3199.88
3199.88
3199.88
3199.88
3199.87
3199.86
3199.84
3199.82
3199.79
3199.75
3199.67
3199.56
3199.4
3199.15
3198.8
3198.31
3197.63
3196.76
3195.65
3194.28
3192.63
3190.7
3188.48
3185.98
3183.21
3180.19
3176.93
3173.46
3169.81
3166
3162.05
3157.99
3153.83
3149.6
3145.3
3140.95
3136.56
3132.14
3127.69
3123.24
3118.8
3114.38
3109.96
3105.57
3101.19
3096.86
3092.56
3088.39
3084.21
3080.21
3076.14
3072.33
3068.41
3064.83
3061.06
3057.73
3054.1
3051.04
3047.56
3044.77
3041.43
3038.91
3035.71
3033.44
3030.36
3028.31
3025.34
3023.47
3020.57
3018.84
3015.93
3014.55
3011.92
3010.69
3007.79
3006.37
3002.43
3000.51
2994.67
2991.68
2991.21
2985.42
2983.19
2971.03
2964.5
2930.65
2918.8
2864.25
3199.84
3199.85
3199.86
3199.86
3199.86
3199.86
3199.85
3199.83
3199.81
3199.75
3199.67
3199.57
3199.4
3199.15
3198.76
3198.19
3197.41
3196.39
3195.09
3193.48
3191.56
3189.29
3186.69
3183.76
3180.54
3177.04
3173.29
3169.32
3165.16
3160.83
3156.36
3151.77
3147.08
3142.31
3137.47
3132.58
3127.65
3122.69
3117.71
3112.73
3107.75
3102.78
3097.82
3092.89
3087.98
3083.1
3078.24
3073.42
3068.63
3063.92
3059.24
3054.65
3050.06
3045.59
3041.11
3036.88
3032.57
3028.58
3024.44
3020.73
3016.76
3013.34
3009.54
3006.43
3002.81
3000
2996.54
2994.02
2990.71
2988.46
2985.28
2983.25
2980.18
2978.32
2975.28
2973.84
2971.1
2969.87
2966.92
2965.54
2961.62
2959.79
2953.88
2951.17
2951.23
2946.07
2944.85
2933
2927.31
2891.13
2881.92
2827.72
3199.82
3199.81
3199.8
3199.75
3199.69
3199.61
3199.54
3199.41
3199.27
3198.95
3198.53
3197.97
3197.15
3196.03
3194.56
3192.72
3190.48
3187.88
3184.92
3181.64
3178.04
3174.14
3169.98
3165.59
3161.01
3156.25
3151.35
3146.32
3141.18
3135.94
3130.63
3125.26
3119.84
3114.37
3108.88
3103.36
3097.84
3092.31
3086.79
3081.28
3075.79
3070.33
3064.89
3059.5
3054.15
3048.86
3043.61
3038.43
3033.3
3028.27
3023.24
3018.32
3013.38
3008.59
3003.79
2999.18
2994.45
2990.02
2985.5
2981.38
2977.03
2973.24
2969.09
2965.64
2961.69
2958.57
2954.82
2952.03
2948.47
2945.98
2942.58
2940.37
2937.1
2935.11
2931.91
2930.38
2927.53
2926.28
2923.27
2921.92
2918
2916.26
2910.27
2908.09
2908.6
2903.87
2903.8
2892.22
2887.55
2849.01
2841.38
2784.65
3199.65
3199.56
3199.39
3199.05
3198.59
3198.12
3197.69
3197.11
3196.23
3194.9
3193.41
3191.58
3189.28
3186.53
3183.31
3179.68
3175.68
3171.39
3166.85
3162.1
3157.14
3151.99
3146.68
3141.25
3135.71
3130.07
3124.35
3118.56
3112.71
3106.8
3100.85
3094.86
3088.85
3082.82
3076.78
3070.73
3064.69
3058.65
3052.64
3046.64
3040.67
3034.74
3028.84
3022.99
3017.19
3011.45
3005.77
3000.16
2994.62
2989.17
2983.78
2978.53
2973.29
2968.24
2963.16
2958.21
2953.2
2948.44
2943.56
2938.96
2934.2
2929.99
2925.43
2921.6
2917.27
2913.82
2909.72
2906.63
2902.76
2900.02
2896.35
2893.93
2890.43
2888.28
2884.89
2883.27
2880.27
2879
2875.91
2874.6
2870.65
2869.01
2862.88
2861.34
2862.39
2858.77
2859.76
2848.05
2844.7
2804.25
2799.27
2729.71
3198.69
3198.18
3197.29
3195.62
3193.69
3191.98
3190.56
3188.81
3186.58
3183.56
3180.57
3177.17
3173.23
3168.84
3164
3158.79
3153.31
3147.64
3141.85
3135.99
3130.03
3123.98
3117.87
3111.68
3105.44
3099.15
3092.82
3086.43
3080.01
3073.56
3067.07
3060.56
3054.03
3047.49
3040.94
3034.4
3027.86
3021.33
3014.81
3008.33
3001.87
2995.45
2989.06
2982.73
2976.45
2970.23
2964.07
2958
2951.99
2946.09
2940.25
2934.55
2928.89
2923.41
2917.97
2912.73
2907.5
2902.47
2897.27
2892.35
2887.28
2882.51
2877.49
2873.2
2868.42
2864.56
2860.04
2856.6
2852.35
2849.32
2845.31
2842.65
2838.87
2836.53
2832.9
2831.17
2827.98
2826.69
2823.48
2822.2
2818.21
2816.67
2810.36
2809.56
2811.26
2809.17
2811.3
2799.53
2797.94
2755.12
2757.23
2678.81
3193.98
3192.06
3189.29
3184.63
3180.3
3177.06
3174.49
3171.54
3167.99
3163.3
3158.95
3154.1
3148.68
3142.8
3136.54
3130
3123.32
3116.6
3109.95
3103.36
3096.74
3090.08
3083.39
3076.67
3069.92
3063.13
3056.3
3049.45
3042.55
3035.62
3028.67
3021.68
3014.68
3007.65
3000.61
2993.57
2986.52
2979.48
2972.45
2965.43
2958.44
2951.48
2944.56
2937.69
2930.86
2924.1
2917.39
2910.79
2904.23
2897.81
2891.44
2885.23
2879.06
2873.1
2867.14
2861.46
2855.72
2850.35
2844.82
2839.73
2834.29
2829.2
2823.82
2818.89
2813.5
2809.13
2804.06
2800.18
2795.44
2792.04
2787.61
2784.65
2780.5
2777.94
2773.99
2772.11
2768.67
2767.35
2763.96
2762.72
2758.62
2757.21
2750.76
2750.07
2752.58
2753.06
2756.37
2745.15
2745.84
2702.35
2706.08
2630.61
3179.34
3175.26
3170.28
3162.59
3156.19
3151.73
3148.25
3144.22
3139.46
3133.28
3127.74
3121.62
3114.95
3107.85
3100.47
3092.93
3085.44
3078.11
3070.96
3063.87
3056.77
3049.65
3042.51
3035.35
3028.16
3020.94
3013.69
3006.4
2999.08
2991.71
2984.31
2976.87
2969.39
2961.88
2954.35
2946.79
2939.21
2931.62
2924.02
2916.43
2908.84
2901.28
2893.73
2886.23
2878.76
2871.36
2864
2856.75
2849.53
2842.47
2835.43
2828.6
2821.77
2815.22
2808.62
2802.37
2795.99
2790.08
2783.92
2778.37
2772.4
2767.21
2761.33
2756.02
2750.04
2744.93
2739.11
2734.66
2729.3
2725.43
2720.46
2717.1
2712.47
2709.59
2705.21
2703.1
2699.3
2697.89
2694.22
2693
2688.69
2687.41
2680.96
2680.2
2684.64
2687.35
2691.32
2682.72
2686.21
2641.87
2652.18
2560.75
3150.63
3145.2
3138.39
3128.74
3120.78
3115.31
3111.22
3106.35
3100.71
3093.26
3086.71
3079.56
3071.92
3063.91
3055.78
3047.69
3039.71
3031.94
3024.26
3016.66
3009.04
3001.42
2993.79
2986.14
2978.47
2970.78
2963.05
2955.29
2947.49
2939.65
2931.76
2923.82
2915.84
2907.81
2899.73
2891.6
2883.44
2875.24
2867
2858.74
2850.46
2842.18
2833.88
2825.62
2817.35
2809.15
2800.95
2792.88
2784.81
2776.91
2769
2761.34
2753.64
2746.26
2738.8
2731.74
2724.51
2717.81
2710.81
2704.49
2697.7
2691.76
2685.17
2679.6
2673.06
2667.23
2660.62
2655.55
2649.48
2645.05
2639.41
2635.51
2630.25
2626.86
2621.86
2619.33
2614.97
2613.3
2609.11
2607.85
2603.05
2601.87
2595.18
2594.17
2600.76
2607.14
2611.82
2607.15
2615.57
2569.65
2593.01
2481.52
3106.77
3100.62
3092.32
3081.59
3072.58
3066.38
3062.01
3056.57
3050.36
3041.88
3034.53
3026.65
3018.41
3009.96
3001.43
2992.91
2984.38
2975.97
2967.65
2959.4
2951.14
2942.86
2934.56
2926.24
2917.91
2909.55
2901.16
2892.74
2884.28
2875.79
2867.25
2858.66
2850.01
2841.3
2832.53
2823.7
2814.79
2805.82
2796.78
2787.69
2778.52
2769.32
2760.05
2750.8
2741.47
2732.21
2722.89
2713.68
2704.43
2695.36
2686.24
2677.37
2668.43
2659.84
2651.12
2642.86
2634.39
2626.51
2618.28
2610.8
2602.83
2595.77
2588.06
2581.41
2574.01
2567.83
2560.76
2555.2
2548.47
2543.34
2536.89
2532.19
2526.04
2521.81
2515.87
2512.54
2507.22
2504.94
2499.73
2498.17
2492.34
2491.08
2483.58
2481.72
2491.08
2502.29
2508.23
2508.92
2521.83
2477.25
2522.91
2383.22
3044.29
3037.51
3028
3016.29
3007.11
3000.77
2996.5
2990.53
2983.94
2974.82
2967.12
2959.02
2950.54
2941.82
2932.8
2923.63
2914.38
2905.21
2896.07
2886.96
2877.78
2868.55
2859.27
2849.94
2840.57
2831.17
2821.73
2812.25
2802.74
2793.19
2783.59
2773.95
2764.25
2754.49
2744.66
2734.74
2724.73
2714.63
2704.41
2694.1
2683.65
2673.14
2662.48
2651.78
2640.95
2630.13
2619.19
2608.33
2597.36
2586.56
2575.65
2565.01
2554.24
2543.85
2533.3
2523.3
2513.08
2503.57
2493.7
2484.76
2475.27
2466.94
2457.82
2450.17
2441.82
2435.34
2428
2421.78
2414.38
2408.24
2400.92
2394.98
2387.84
2382.23
2375.21
2370.39
2363.85
2360.13
2353.54
2350.8
2343.33
2341.39
2332.05
2327.91
2339.49
2354.71
2364.18
2368.31
2380.26
2343.64
2419.62
2244.96
2952.4
2946.55
2936.23
2923.25
2914.13
2909.09
2905.94
2899.62
2893.01
2883.45
2875.35
2866.77
2857.66
2848.12
2838.22
2828.09
2817.79
2807.5
2797.13
2786.72
2776.14
2765.42
2754.56
2743.59
2732.52
2721.36
2710.12
2698.82
2687.47
2676.06
2664.61
2653.11
2641.55
2629.94
2618.26
2606.49
2594.61
2582.64
2570.5
2558.26
2545.83
2533.29
2520.55
2507.72
2494.72
2481.66
2468.46
2455.3
2442.01
2428.91
2415.65
2402.77
2389.66
2377.16
2364.74
2353.07
2341.41
2330.64
2319.75
2309.88
2299.77
2290.77
2281.42
2273.31
2264.99
2257.78
2249.79
2242.49
2234.44
2227.11
2219.1
2211.82
2203.89
2196.81
2188.8
2182.33
2174.45
2168.99
2160.68
2156.37
2146.78
2143.7
2131.7
2124.04
2135.54
2150.24
2160.83
2166.19
2175.69
2144.68
2252.72
2047.83
2812.1
2808.4
2798.03
2782.59
2773.16
2767.9
2765.4
2759.55
2752.59
2740.81
2730.79
2720.32
2709.32
2697.87
2686.02
2673.88
2661.49
2649.06
2636.45
2623.71
2610.69
2597.41
2583.88
2570.13
2556.2
2542.09
2527.86
2513.52
2499.1
2484.64
2470.14
2455.64
2441.13
2426.64
2412.13
2397.64
2383.1
2368.55
2353.91
2339.23
2324.45
2309.6
2294.66
2279.65
2264.6
2249.53
2234.48
2219.53
2204.62
2190.03
2175.44
2161.42
2147.33
2134.13
2121.29
2109.28
2097.55
2086.67
2075.98
2066.11
2056.39
2047.38
2038.56
2030.23
2021.6
2013.3
2004.8
1996.53
1988.15
1979.91
1971.61
1963.47
1955.18
1947.31
1938.69
1931.46
1922.51
1916.58
1906.67
1902.43
1890.6
1888.24
1873.97
1863.07
1876
1887.93
1898.18
1903.98
1913.91
1878.54
1994.79
1789.57
2519.72
2509.58
2494.51
2474.96
2460.44
2448.96
2443.13
2429.43
2414.43
2398.67
2385.2
2370.64
2355.11
2338.86
2322.06
2304.96
2287.71
2270.59
2253.56
2236.44
2219.02
2201.29
2183.31
2165.09
2146.7
2128.18
2109.6
2091.03
2072.52
2054.15
2035.96
2018
2000.31
1982.93
1965.84
1949.08
1932.6
1916.42
1900.47
1884.8
1869.32
1854.08
1839.03
1824.24
1809.65
1795.39
1781.36
1767.77
1754.46
1741.69
1729.29
1717.44
1706.12
1695.17
1684.18
1673.65
1663.05
1652.98
1642.77
1633.1
1623.21
1613.91
1604.29
1595.34
1585.95
1577.34
1568.15
1559.88
1550.85
1543.02
1534.07
1526.79
1517.76
1511.17
1501.67
1496
1485.67
1481.49
1470.07
1467.67
1454.89
1454.15
1440.37
1433.15
1433.77
1436.52
1439.36
1433.21
1437.59
1410.9
1471.35
1349.47
3004.14
2970.86
2931.42
2885.18
2839.52
2791.55
2738.86
2688.73
2644.19
2592.05
2532.69
2489.92
2453.18
2395.4
2342.12
2319.49
2294.49
2244.59
2200.65
2183.61
2176.15
2156.55
2119.61
2101.55
2095.78
2089.07
2068.52
2044.92
2034.83
2025.71
2002.39
1974.75
1962.44
1949.74
1919.04
1896.75
1879.94
1856.2
1832.23
1817.38
3000.7
2968.45
2931.91
2888.39
2842.91
2798.97
2758.1
2711.29
2658.88
2616.4
2582.85
2533.55
2473.16
2438.49
2418.48
2376.65
2322.32
2292.74
2280.31
2256.57
2214.52
2188.07
2178.74
2170.33
2146.67
2115.57
2101.1
2094.88
2085.75
2059.37
2036.35
2026.64
2012.48
1993.69
1971.07
1953.57
1938.23
1916.8
1895.24
1875.52
2998.78
2966.04
2926.48
2884.02
2844.2
2796.82
2746.23
2703.96
2666.22
2623.95
2570.61
2515.83
2480.68
2459.95
2422.7
2365.58
2319.83
2300.87
2291.34
2270.09
2219.67
2186.46
2175.2
2170.3
2159.33
2125.01
2099.08
2089.95
2083.98
2068.57
2037.95
2022.71
2014.31
1993.66
1971.7
1956.3
1937.24
1916.39
1897.33
1879.57
2994.61
2963.5
2925.49
2874.93
2833.42
2801.81
2751.11
2689.63
2652.95
2629.54
2581.59
2516.07
2470.59
2451.74
2431.8
2383.86
2328.68
2298.17
2287.71
2276.74
2243.28
2199.5
2183.3
2176.53
2161.46
2138.91
2116.27
2098.1
2086.8
2073.99
2050.72
2025.09
2010.62
2002.42
1984.15
1955.36
1936.4
1922.13
1904.39
1884.54
2992.09
2955.44
2919.12
2879.13
2826.92
2779.16
2749.83
2703.15
2642.3
2604.52
2576.63
2526.79
2473.06
2446.93
2424.38
2376.99
2335.41
2318.9
2300.93
2263.67
2232.43
2219.72
2208.89
2182.01
2149.71
2131.85
2124.51
2114.45
2085.1
2059.56
2050.08
2034.63
2016.84
1993.55
1975.43
1961.2
1939.99
1918.8
1902.38
1885.06
2990.2
2955.07
2906.7
2864.78
2833.22
2780.4
2724.17
2689.81
2654.46
2606.28
2555.53
2511.13
2482.1
2457.88
2415.54
2366.74
2338.68
2327.74
2311.08
2270.89
2234.13
2216.49
2209.2
2197.22
2163.16
2133.17
2121.76
2113.78
2090.43
2067.76
2050.62
2031.12
2017.32
1996.9
1974.19
1958.62
1941.09
1919.59
1901.46
1884.52
2982.63
2951.42
2908.79
2851.51
2810.43
2782.77
2729.84
2667.7
2634.71
2609.25
2556.66
2500.78
2472.68
2456.22
2421.09
2371.23
2337.14
2323.74
2313.51
2286.81
2242.52
2216.35
2206.8
2198.87
2175.64
2138.59
2124.56
2110.81
2091.61
2072.78
2049.03
2030.25
2016.57
1995.06
1973.37
1957.14
1938.48
1917.39
1899.79
1883.07
2978.87
2938.93
2900.37
2855.5
2801.05
2761.03
2725.13
2665.72
2621.99
2599.32
2555.67
2498.07
2462.14
2448.12
2427.09
2380.1
2338.21
2319.03
2310.9
2295.86
2254.39
2221.05
2208.94
2200.37
2173.94
2148.36
2131.01
2106.12
2092.06
2077.99
2048.59
2025.37
2015.41
1995.93
1970.97
1955.68
1937.23
1914.99
1897.66
1881.23
2976.88
2936.57
2882.09
2840.69
2807.07
2755.65
2701.35
2657.3
2623.35
2591.24
2542.48
2490.74
2463.04
2450.6
2426.41
2378.08
2340
2324.23
2316.33
2299.22
2254.46
2225.72
2215.97
2204.1
2171.02
2151.92
2134.92
2106.07
2089.41
2077.51
2049.01
2025.12
2013.38
1993.89
1969.49
1951.52
1934.14
1913.57
1894.88
1878.68
2967.63
2932.77
2881.72
2819.19
2780.55
2755.3
2702.6
2638.48
2602.01
2583.06
2542.49
2488.21
2458.7
2446.75
2425.75
2379.74
2344.42
2330.15
2320.97
2297.22
2254.79
2234.45
2224.84
2202.61
2168.69
2154.46
2139.05
2106.27
2085.03
2074.71
2051.26
2022.24
2009.56
1992.51
1966.29
1948.31
1931.55
1910.83
1891.14
1876.2
2956.24
2914.56
2875.41
2820.97
2753.91
2716.51
2694.62
2644.32
2582.9
2561.09
2533.09
2485.25
2454.7
2442.54
2420.74
2377.63
2348.25
2336.78
2323.76
2288.36
2255.22
2242.13
2228.82
2194.93
2165.92
2154.36
2138.3
2102.76
2079.97
2069.96
2048.13
2020.52
2001.62
1988.21
1963.18
1942.18
1924.69
1907.46
1885.19
1871.7
2946.99
2889.14
2844.46
2813.06
2750.64
2680.2
2652.41
2629.28
2574
2542.4
2514.19
2473.74
2450.59
2437.73
2409.98
2371.05
2347.91
2337.52
2318.37
2279.13
2254.31
2243.16
2222.18
2185.14
2162.07
2151.6
2131.63
2094
2071.51
2061.83
2040.68
2013.17
1991.19
1978.5
1952.97
1936.2
1912.48
1898.4
1874.17
1865.13
2930.18
2866.98
2799.33
2766.95
2737.46
2664.44
2604.28
2585.59
2560.42
2518.8
2480.92
2455.92
2442.26
2420.67
2385.8
2356.88
2343.29
2330.42
2299.02
2263.13
2244.22
2233.45
2210.51
2170.64
2145.17
2134.94
2118.49
2083.46
2056.07
2044.54
2022.69
2000.94
1974.17
1960.99
1937.51
1919.47
1894.87
1881.42
1855.31
1851.72
2894.76
2840.97
2765.51
2706.46
2683.65
2646.41
2576.5
2534.11
2520.06
2497.76
2455.13
2427.07
2415.67
2401.38
2368.9
2337.52
2321.4
2310.15
2285.04
2245.87
2220.52
2209.63
2194.05
2154.62
2124.05
2112.77
2092.79
2065.57
2038.11
2022.3
2000.22
1978.3
1952.63
1938.77
1915.53
1897.27
1873.39
1859.49
1831.37
1831.86
2849.62
2801.06
2740.48
2665.22
2619.5
2599.24
2559.07
2501.84
2472.47
2461.11
2436.06
2401.72
2384.46
2373.53
2349.1
2314.45
2293.81
2283.36
2263.02
2222.99
2195.84
2184.57
2168.54
2129.92
2101.03
2089.47
2068.54
2038.11
2014.79
2000.91
1973.79
1952.01
1930.99
1915.4
1890.34
1872.68
1850.01
1835.89
1807.72
1809.8
2804.14
2747.16
2704.18
2638.49
2569.89
2538.56
2521.09
2480.57
2435.44
2419.37
2407.57
2379.49
2354.76
2343.38
2323.76
2290.04
2267.91
2256.91
2235.01
2195.56
2173.6
2161.64
2131.68
2107.11
2085.04
2059.42
2036.73
2018.63
1989.42
1970.47
1950.28
1929.1
1903.77
1888.42
1866.53
1848.18
1825.14
1810.71
1783.28
1787.57
2764.01
2688.95
2651.41
2608.96
2536.25
2484.84
2470.24
2451.11
2407.26
2381.47
2371.73
2353.54
2326.61
2313.57
2293.91
2261.5
2241.23
2229.57
2203.9
2166.78
2147.78
2134.93
2104.63
2076.24
2054.22
2036.92
2010.59
1985.47
1962.72
1946.89
1921.74
1899.46
1878.24
1862.62
1839.58
1821.11
1799.27
1784.71
1757.98
1764.53
2730.69
2639.97
2586.63
2561.91
2505.69
2442.14
2422.43
2408.87
2373.32
2347.55
2338.17
2322.51
2296.15
2281.99
2257.08
2234.6
2219.9
2191.66
2162.71
2148.78
2124.06
2093.94
2071.63
2054.11
2025.64
2001.36
1981.01
1960.03
1933.26
1914.73
1893.23
1872.12
1849.98
1833.34
1811.43
1792.9
1771.68
1756.75
1731.09
1740.68
2685.29
2609.29
2529.58
2492.82
2465.43
2406.45
2373.28
2363.45
2338.73
2311.28
2300.77
2286.53
2265.94
2246.36
2220.93
2202.59
2186.61
2157.62
2128.27
2113.68
2094.72
2061.02
2035.06
2020.44
1996.46
1970
1946.62
1925.74
1904.08
1884.44
1860.22
1839.31
1820.58
1802.54
1780.42
1761.72
1741.9
1726.47
1702.31
1715.7
2614.41
2556.87
2497.65
2427.09
2390.09
2367.19
2337.77
2308.6
2286.27
2276.91
2268.28
2247.19
2219.9
2207.65
2190.7
2163.54
2143.16
2120.35
2098.74
2075.68
2049.73
2026.07
2006.9
1981.03
1955.72
1935.31
1915.48
1888.2
1867.71
1848.73
1827.57
1803.72
1786.97
1766.29
1747.8
1726.44
1709.75
1690.89
1670.1
1688.81
2559.19
2471.39
2435.8
2393.38
2332.02
2293.65
2282.85
2265.98
2242.44
2229.9
2220.89
2199.3
2180.79
2167.27
2140.7
2121.86
2103.19
2075.03
2055.03
2034.55
2008.54
1983.01
1964.23
1940.14
1915.79
1893.52
1873.38
1847.53
1828.28
1807.64
1786.34
1763.49
1747.61
1726.14
1708
1686.64
1670.34
1651.62
1629.61
1659.18
2505.99
2411.13
2349.06
2320.89
2282.98
2236.03
2215.17
2203.12
2189.64
2181.5
2166.33
2143.87
2131.48
2116.4
2088.39
2068.85
2053.27
2025.2
2004.66
1983.24
1959.93
1932.77
1915.2
1889.73
1867.27
1843.57
1824.92
1797.61
1780.49
1756.95
1738.36
1713.84
1699.13
1674.66
1659.78
1635.48
1621.24
1600
1571.45
1625
2418.9
2331.77
2279.76
2235.2
2193.4
2159.67
2145.31
2134.39
2121.22
2113.67
2100.5
2079.85
2068.66
2048.83
2024.7
2006.8
1989.27
1961.7
1943.6
1917.9
1895.78
1870.84
1852.79
1823.33
1804.12
1779.08
1759.76
1730.7
1715.39
1688.42
1671.12
1643.64
1629.73
1601.93
1588.59
1558.74
1548.08
1520.74
1480.99
1569.79
2323.5
2219.95
2174.85
2138.55
2095.07
2059.3
2048.56
2042.56
2031.82
2024.54
2010.57
1992.17
1981.14
1959.25
1937.02
1918.62
1900.51
1872.5
1854.16
1826.01
1804.63
1777.63
1758.28
1726.79
1707.55
1678.74
1658.39
1627.48
1611.24
1580.77
1562.98
1533.42
1518.86
1489.19
1475.68
1444.31
1434.76
1404.27
1357.67
1471.65
2190.32
2076.42
2036.33
1999.85
1956.55
1921.08
1912.76
1909.41
1900.15
1892.16
1876.21
1859.05
1846.87
1821.38
1800.57
1780.35
1760.86
1730.2
1711.14
1680.47
1659.35
1629.48
1609.03
1576.28
1557.51
1527.06
1507.7
1477.6
1462.23
1432.83
1417.53
1390.74
1378.45
1352.65
1341.99
1315.5
1309.84
1284.18
1245.03
1351.9
1996.55
1879.5
1846.54
1811.31
1766.34
1731.91
1724.76
1718.65
1709.46
1696.26
1679.42
1659.6
1645.43
1617.08
1600.54
1577.66
1558.71
1529.53
1513.65
1485.15
1468.49
1441.99
1426.6
1399.98
1387.15
1363.08
1350.42
1328.15
1318.5
1297.52
1288.29
1269.99
1262.64
1245.86
1239.38
1222.09
1219.94
1204.07
1180.71
1261.37
1738.17
1638.51
1591.73
1591.69
1527.43
1498.31
1490.96
1483.62
1474.86
1460.46
1448.36
1432.45
1421.69
1401.03
1391.11
1374.91
1363.46
1344.11
1335.89
1318.14
1309.45
1292.92
1285.62
1269.59
1263.12
1249.36
1243.35
1230.34
1225.53
1214.41
1209.82
1199.68
1196.13
1187.42
1184.23
1174.82
1174.79
1167.38
1154.3
1224.48
1327.37
1247.83
1238.36
1233.23
1201.63
1191.04
1199.63
1201.9
1201.1
1199.58
1197.37
1194.53
1192.35
1188.86
1186.03
1183.24
1180.61
1177.04
1174.86
1171.89
1169.77
1167.13
1165.5
1162.96
1161.7
1159.78
1158.68
1156.89
1156.4
1155.02
1154.52
1153.44
1153.43
1152.44
1152.65
1149.97
1154.63
1148.33
1127.8
1210.29
)
;

boundaryField
{
    inlet
    {
        type            fixedValue;
        value           uniform 3200;
    }
    outlet
    {
        type            zeroGradient;
    }
    fluid_to_graphite
    {
        type            fixedValue;
        value           uniform 893.836;
    }
    wedgeBack
    {
        type            wedge;
    }
    wedgeFront
    {
        type            wedge;
    }
    defaultFaces
    {
        type            empty;
    }
}


                                                                               
