                                                                               
                             
                                                                   
                                                            
                                          
                             
                                                                               
FoamFile
{
    format          ascii;
    class           volScalarField;
    location        1 / fluid;
    object          k;
}
                                                                               

dimensions      [ 0 2 -2 0 0 0 0 ];

internalField   nonuniform List<scalar> 
4592
(
1.51534
1.50795
1.50179
1.49584
1.49037
1.48514
1.48041
1.47609
1.47237
1.46925
1.46692
1.46545
1.46492
1.46519
1.46605
1.46741
1.46936
1.47185
1.47488
1.47842
1.48249
1.48707
1.49215
1.49772
1.50378
1.5103
1.51727
1.52467
1.53248
1.54068
1.54925
1.55818
1.51545
1.50819
1.50223
1.49649
1.49129
1.48638
1.48206
1.47825
1.47517
1.47285
1.4715
1.47118
1.47179
1.47305
1.47503
1.47775
1.48117
1.48527
1.49004
1.49546
1.50152
1.5082
1.51546
1.52328
1.53163
1.54047
1.54978
1.55952
1.56965
1.58012
1.59093
1.60202
1.51548
1.50818
1.50221
1.49641
1.49116
1.48615
1.48175
1.47784
1.47466
1.47225
1.47083
1.47048
1.47114
1.47249
1.47457
1.47739
1.48093
1.48517
1.4901
1.49572
1.50199
1.50891
1.51644
1.52456
1.53323
1.54242
1.5521
1.56223
1.57277
1.58368
1.59493
1.60649
1.51553
1.50818
1.5022
1.49632
1.491
1.48588
1.48137
1.47733
1.47404
1.47152
1.47001
1.4696
1.47027
1.47164
1.47376
1.47663
1.48026
1.48461
1.48969
1.49547
1.50194
1.50907
1.51685
1.52524
1.53422
1.54374
1.55378
1.56429
1.57524
1.58658
1.59828
1.61032
1.51559
1.50819
1.50221
1.49625
1.49087
1.48562
1.48099
1.47678
1.47332
1.47062
1.46894
1.46838
1.46904
1.47047
1.47266
1.47563
1.47939
1.48392
1.48922
1.49526
1.50203
1.50951
1.51768
1.5265
1.53595
1.54598
1.55656
1.56766
1.57922
1.59121
1.60359
1.61634
1.51565
1.50826
1.50234
1.49635
1.49095
1.48561
1.48087
1.47648
1.47283
1.46988
1.46795
1.46711
1.46756
1.469
1.4712
1.4742
1.47801
1.48262
1.48804
1.49425
1.50124
1.50898
1.51746
1.52664
1.5365
1.547
1.5581
1.56975
1.58193
1.59457
1.60764
1.62115
1.51578
1.5086
1.50294
1.49714
1.49192
1.48667
1.48202
1.47764
1.47397
1.47093
1.4689
1.46791
1.46823
1.46975
1.47205
1.47513
1.47906
1.48383
1.48944
1.4959
1.50318
1.51128
1.52016
1.5298
1.54018
1.55125
1.56299
1.57533
1.58825
1.60168
1.61561
1.63002
1.51606
1.50951
1.50442
1.49919
1.49446
1.48963
1.48532
1.48118
1.47769
1.47474
1.47272
1.47168
1.47192
1.47341
1.4758
1.47897
1.48298
1.48785
1.49361
1.50027
1.50781
1.51622
1.52549
1.53559
1.54649
1.55816
1.57056
1.58364
1.59738
1.6117
1.62659
1.64204
1.51661
1.51129
1.50727
1.50316
1.49939
1.49543
1.49188
1.48834
1.48538
1.4828
1.48108
1.48021
1.48054
1.48204
1.48449
1.48773
1.4918
1.49675
1.50265
1.50949
1.51728
1.52601
1.53566
1.54622
1.55768
1.56998
1.5831
1.597
1.61165
1.62697
1.64295
1.6596
1.51751
1.51427
1.51191
1.50955
1.50722
1.5046
1.5022
1.49963
1.4975
1.49557
1.49436
1.49383
1.49434
1.49582
1.49821
1.50138
1.50542
1.51037
1.51632
1.52326
1.53122
1.54019
1.55018
1.56116
1.57314
1.58607
1.59995
1.61471
1.63034
1.64676
1.66398
1.68201
1.51881
1.51836
1.51823
1.51808
1.51755
1.51659
1.51565
1.51435
1.51333
1.51229
1.51179
1.51173
1.51249
1.51395
1.51623
1.51931
1.52331
1.52826
1.53425
1.54127
1.54938
1.55857
1.56888
1.58029
1.5928
1.6064
1.62107
1.63678
1.65351
1.6712
1.68985
1.7095
1.52064
1.52256
1.52506
1.52679
1.52852
1.5294
1.5303
1.53059
1.53092
1.53098
1.53133
1.53188
1.53296
1.53458
1.53692
1.54004
1.54409
1.5491
1.55515
1.56227
1.57054
1.57997
1.5906
1.60244
1.61553
1.62985
1.64541
1.66219
1.68019
1.69936
1.71972
1.74135
1.523
1.52754
1.53249
1.53652
1.54037
1.54311
1.54572
1.54747
1.54917
1.55043
1.55181
1.5532
1.55495
1.55706
1.55977
1.56313
1.56733
1.57245
1.57862
1.58588
1.59434
1.60402
1.61501
1.62733
1.64105
1.65617
1.67274
1.69076
1.71026
1.73122
1.75368
1.77779
1.52558
1.53309
1.5408
1.54729
1.55345
1.5582
1.56272
1.56614
1.56937
1.57194
1.57448
1.57682
1.57938
1.58217
1.58542
1.58917
1.59362
1.59888
1.60516
1.61254
1.62116
1.63107
1.6424
1.65519
1.66956
1.68553
1.70322
1.72265
1.74389
1.767
1.79204
1.81932
1.52805
1.53901
1.54968
1.55877
1.56736
1.57422
1.58075
1.58597
1.5909
1.595
1.59893
1.60248
1.60608
1.60973
1.61371
1.61809
1.62309
1.62873
1.63525
1.64278
1.65156
1.66169
1.67337
1.68663
1.7017
1.71858
1.73752
1.75854
1.78183
1.80754
1.83578
1.86724
1.53086
1.54557
1.55934
1.57102
1.58206
1.59101
1.59956
1.60662
1.61329
1.61902
1.62447
1.62943
1.6343
1.63907
1.64403
1.64925
1.655
1.66136
1.66854
1.67657
1.68572
1.69615
1.70823
1.72199
1.73781
1.75568
1.77602
1.79881
1.82451
1.85331
1.88556
1.92286
1.53377
1.55257
1.56958
1.58397
1.59755
1.60871
1.61938
1.62837
1.63689
1.64434
1.65143
1.6579
1.6642
1.67026
1.6764
1.68266
1.68934
1.69653
1.70452
1.7134
1.72346
1.73462
1.7473
1.76165
1.7783
1.79721
1.81914
1.84394
1.87248
1.90487
1.94249
1.99033
1.53728
1.56058
1.58105
1.59808
1.61418
1.62749
1.64027
1.6512
1.66161
1.67088
1.67971
1.68787
1.69579
1.70338
1.71095
1.71854
1.72644
1.73471
1.74372
1.75355
1.7646
1.77693
1.79102
1.80668
1.82453
1.84465
1.86828
1.89506
1.92668
1.96304
2.01048
2.09221
1.54078
1.56899
1.59312
1.61312
1.63208
1.64794
1.66323
1.67651
1.68919
1.7006
1.7115
1.72162
1.7314
1.74077
1.75004
1.75923
1.76868
1.77846
1.78901
1.80043
1.81317
1.82717
1.84306
1.86074
1.88119
1.90393
1.93016
1.95924
1.99491
2.03993
2.12646
2.37533
1.546
1.5799
1.60844
1.63162
1.65377
1.67246
1.69058
1.70656
1.72188
1.73589
1.74942
1.76232
1.77499
1.7873
1.79957
1.8118
1.82441
1.83751
1.85168
1.86707
1.88428
1.90329
1.92499
1.94938
1.97802
2.01076
2.04984
2.09441
2.15001
2.24399
2.56392
3.6601
1.55319
1.5945
1.62898
1.65738
1.68493
1.7088
1.73202
1.75293
1.77313
1.79211
1.81087
1.82936
1.84815
1.86747
1.88795
1.90958
1.93333
1.96003
1.99114
2.02756
2.07126
2.12312
2.18579
2.26026
2.35241
2.46461
2.60639
2.784
3.03698
3.59981
5.54888
9.91856
1.57449
1.62923
1.67595
1.71419
1.75139
1.78445
1.81751
1.84931
1.88218
1.91678
1.95569
1.99932
2.05001
2.11056
2.18416
2.27101
2.37664
2.50749
2.67287
2.88107
3.14562
3.47717
3.89243
4.39964
5.0256
5.78489
6.73992
7.95493
9.76392
13.7094
20.2261
29.1169
1.64234
1.72706
1.80091
1.86774
1.93877
2.01488
2.10532
2.20837
2.33226
2.4872
2.69002
2.94617
3.27584
3.70313
4.25223
4.9483
5.81872
6.88395
8.17085
9.68977
11.4676
13.4987
15.7654
18.2246
20.9541
23.9526
27.4726
31.7633
38.4605
46.3067
55.0045
64.0663
1.93178
2.11688
2.31473
2.56664
2.9035
3.35979
3.97116
4.71859
5.66556
6.87605
8.41746
10.356
12.7485
15.592
18.8268
22.4325
26.4032
30.6953
35.2976
40.1326
45.1997
50.3919
55.6061
60.757
66.0549
71.4451
77.9505
85.2816
92.558
98.7948
103.978
107.976
3.15699
3.98774
5.30121
7.37627
9.93903
13.0409
16.7973
21.2733
26.5005
32.4585
39.1031
46.3567
54.1184
62.1595
70.1744
78.094
85.9117
93.5228
100.934
108.011
114.797
121.146
127.254
133.096
138.926
144.338
149.005
152.453
154.556
154.603
152.643
148.682
8.27952
14.8531
24.0199
34.8827
47.0359
59.9561
73.3212
86.7928
100.129
113.079
125.539
137.456
148.639
158.896
168.249
176.518
183.817
190.039
195.385
199.755
203.387
206.159
208.228
209.291
209.483
208.738
206.683
203.227
198.334
191.779
183.2
172.399
25.8036
60.1679
96.8226
131.817
163.894
191.88
215.336
234.126
248.632
259.346
266.868
271.649
274.313
275.293
274.903
273.47
271.165
268.226
264.713
260.827
256.552
252.049
246.868
241.318
235.283
228.972
222.066
214.59
205.912
195.762
183.241
167.972
44.9304
83.1437
114.999
139.54
157.415
169.75
177.738
182.427
184.667
185.147
184.37
182.748
180.551
178.016
175.264
172.434
169.553
166.714
163.888
161.148
158.43
155.808
153.157
150.569
147.916
145.299
142.552
139.757
136.683
133.343
129.401
124.734
1.56743
1.5768
1.58671
1.59722
1.60823
1.61981
1.63209
1.64512
1.65912
1.67366
1.68899
1.70502
1.72195
1.73967
1.75832
1.77788
1.79845
1.82009
1.84293
1.86696
1.89226
1.91892
1.94704
1.97675
2.00823
2.04165
2.07721
2.11514
2.15571
2.19942
2.24584
2.29413
2.34431
2.39636
2.4503
2.50613
2.56386
2.62351
2.68509
2.7486
2.81404
2.88142
2.95075
3.02204
3.09529
3.17049
3.24765
3.32673
3.40772
3.49061
3.5754
3.66204
3.75055
3.8409
3.93304
4.02691
4.12253
4.21982
4.31879
4.41933
4.52143
4.62493
4.72988
4.83613
4.94366
5.05225
5.16187
5.27237
5.38356
5.4952
5.60724
5.71913
5.83075
5.94159
6.05185
6.16127
6.26928
6.3752
6.47836
6.57756
6.67151
6.75905
6.83797
6.91075
6.9639
6.9995
7.01722
7.01602
6.99225
6.93225
6.8343
6.72336
1.61348
1.62533
1.63811
1.6516
1.66547
1.67988
1.69509
1.71125
1.7285
1.74607
1.76461
1.78397
1.8044
1.82576
1.84816
1.87155
1.896
1.92147
1.948
1.97571
2.00468
2.03501
2.06688
2.10036
2.13556
2.17265
2.21181
2.25323
2.29714
2.34379
2.39343
2.44638
2.50293
2.56185
2.62299
2.68639
2.75209
2.8201
2.89045
2.96317
3.03829
3.11582
3.19578
3.27817
3.36302
3.45034
3.54014
3.63244
3.72724
3.8245
3.92421
4.02638
4.13099
4.238
4.34742
4.4592
4.57324
4.68953
4.80799
4.92857
5.05117
5.17574
5.30214
5.43018
5.55978
5.69077
5.82298
5.95614
6.09009
6.22444
6.35894
6.4932
6.62677
6.7595
6.89083
7.01977
7.14551
7.26734
7.38456
7.49604
7.6007
7.69777
7.78796
7.86007
7.90875
7.94205
7.96018
7.96002
7.9308
7.86494
7.76572
7.65369
1.61843
1.63074
1.64416
1.65833
1.6726
1.68731
1.70295
1.71978
1.73775
1.75546
1.77422
1.79384
1.81458
1.83624
1.85892
1.88251
1.90701
1.93235
1.9586
1.98589
2.0143
2.04388
2.07473
2.10694
2.14062
2.1759
2.21304
2.2521
2.29326
2.33672
2.3827
2.43146
2.48326
2.5384
2.59723
2.66049
2.72713
2.79638
2.86828
2.94289
3.02026
3.10042
3.1834
3.26926
3.35799
3.44963
3.54422
3.64179
3.74238
3.84601
3.95272
4.06251
4.17537
4.29131
4.41035
4.53247
4.65765
4.7859
4.91719
5.05142
5.18855
5.32852
5.47123
5.61663
5.76458
5.91491
6.06743
6.22194
6.37825
6.53603
6.695
6.85468
7.01464
7.17462
7.3343
7.4925
7.64798
7.79966
7.94635
8.08672
8.21936
8.34343
8.4627
8.55789
8.62249
8.67053
8.70346
8.71731
8.69494
8.62961
8.52886
8.41223
1.62279
1.63557
1.64965
1.66446
1.67912
1.69412
1.71011
1.72748
1.74603
1.76389
1.78289
1.80271
1.82374
1.84564
1.86853
1.89225
1.91678
1.94202
1.96805
1.995
2.02294
2.05191
2.08198
2.11322
2.14571
2.17955
2.21486
2.25176
2.29041
2.33111
2.3739
2.41899
2.4666
2.51696
2.57036
2.62709
2.68746
2.75183
2.82106
2.8951
2.97298
3.05395
3.13808
3.22547
3.31617
3.41025
3.50773
3.60865
3.71305
3.82102
3.93257
4.04777
4.16664
4.28924
4.41554
4.54557
4.67935
4.81686
4.95817
5.1032
5.2519
5.40422
5.56009
5.71942
5.88207
6.04795
6.21681
6.38853
6.56274
6.73909
6.91726
7.09678
7.27706
7.45796
7.6396
7.8206
7.99924
8.17413
8.34352
8.50577
8.65898
8.80225
8.94184
9.05918
9.1367
9.19475
9.23785
9.26335
9.24913
9.18334
9.07957
8.9778
1.62956
1.6431
1.65815
1.67396
1.68936
1.70502
1.72175
1.74003
1.75953
1.77798
1.79769
1.81823
1.84007
1.86277
1.88649
1.91097
1.93619
1.962
1.98848
2.01578
2.04398
2.07313
2.10326
2.13442
2.16669
2.20014
2.23486
2.27097
2.30856
2.34778
2.38877
2.43186
2.47707
2.52461
2.57471
2.62761
2.68357
2.7429
2.80592
2.87298
2.94495
3.02177
3.10391
3.19186
3.28529
3.38255
3.48375
3.58901
3.69847
3.8122
3.93026
4.05277
4.17975
4.31135
4.44759
4.58857
4.73435
4.88489
5.04032
5.20062
5.3658
5.53593
5.71096
5.89084
6.07532
6.26453
6.45813
6.65617
6.85811
7.06377
7.2728
7.48456
7.69849
7.91419
8.13158
8.34867
8.56328
8.77387
8.97786
9.17366
9.35925
9.53399
9.70715
9.84087
9.92434
9.98875
10.0402
10.0733
10.0578
9.98562
9.87544
9.78673
1.63514
1.64936
1.66526
1.68188
1.69784
1.71398
1.73129
1.75034
1.77064
1.78951
1.80976
1.83083
1.85328
1.87658
1.90091
1.92595
1.95169
1.97793
2.00477
2.03238
2.06081
2.0901
2.12027
2.15138
2.18351
2.2167
2.25102
2.28654
2.32337
2.3616
2.40135
2.44274
2.48594
2.53109
2.57857
2.6284
2.6808
2.73602
2.79432
2.85601
2.92137
2.99078
3.0646
3.14379
3.22825
3.31851
3.41508
3.51857
3.62959
3.74656
3.86851
3.99566
4.12815
4.26623
4.41002
4.55971
4.71541
4.87724
5.04529
5.21973
5.40055
5.58789
5.78168
5.98207
6.18893
6.40243
6.62221
6.84838
7.08015
7.31769
7.56021
7.8073
8.05833
8.31236
8.57038
8.83036
9.08925
9.34477
9.5935
9.83322
10.061
10.276
10.4905
10.6617
10.7665
10.8474
10.9152
10.9649
10.9586
10.8852
10.7702
10.7242
1.64496
1.65998
1.67689
1.69446
1.71111
1.72787
1.74588
1.76576
1.7869
1.80635
1.82732
1.84907
1.87232
1.89639
1.92152
1.94733
1.9738
2.0007
2.02814
2.05631
2.08526
2.11502
2.14563
2.17712
2.20954
2.24294
2.27741
2.31298
2.34974
2.38776
2.42714
2.46799
2.51041
2.55456
2.60058
2.64863
2.69891
2.75181
2.80736
2.86583
2.92748
2.99263
3.06159
3.13474
3.21248
3.29526
3.38411
3.47902
3.58052
3.68928
3.80599
3.93138
4.06629
4.21164
4.36564
4.5271
4.69619
4.87334
5.05885
5.2532
5.45655
5.6692
5.89125
6.12285
6.36383
6.61446
6.87438
7.14368
7.42167
7.70846
8.00278
8.30412
8.61123
8.92308
9.23989
9.56092
9.88197
10.2
10.5109
10.8115
11.0982
11.3708
11.6456
11.8492
11.9669
12.0587
12.1395
12.2012
12.1955
12.1149
11.9896
12.0857
1.65806
1.67389
1.6918
1.71026
1.72754
1.74485
1.76349
1.78416
1.80606
1.82605
1.8477
1.87009
1.89408
1.91887
1.94477
1.97132
1.99853
2.02612
2.05424
2.08308
2.11269
2.14312
2.17438
2.20653
2.23959
2.27363
2.30868
2.3448
2.38207
2.42057
2.46038
2.50158
2.54429
2.58863
2.63475
2.68282
2.73303
2.78561
2.84081
2.89892
2.96049
3.02566
3.09485
3.16849
3.2471
3.33123
3.4214
3.51829
3.6225
3.73476
3.85642
3.98755
4.12892
4.28139
4.44574
4.62307
4.81405
5.02001
5.24188
5.4827
5.74128
6.01375
6.30019
6.60097
6.91628
7.24654
7.59142
7.95131
8.32533
8.71379
9.11508
9.52906
9.95307
10.3854
10.8196
11.2589
11.6974
12.1317
12.5564
12.9686
13.3646
13.7463
14.1391
14.3409
14.4244
14.4905
14.5585
14.6004
14.5469
14.4279
14.2696
14.7404
1.67687
1.69365
1.71272
1.73222
1.75024
1.76819
1.78754
1.80903
1.83171
1.85235
1.87479
1.89791
1.92276
1.9484
1.9752
2.00265
2.03075
2.05921
2.08819
2.11791
2.14842
2.17979
2.21202
2.24518
2.27931
2.31445
2.35068
2.38804
2.42664
2.46656
2.50793
2.5509
2.59568
2.64253
2.69171
2.74357
2.79853
2.85709
2.91984
2.98741
3.06056
3.14006
3.2268
3.32167
3.4259
3.54016
3.66535
3.80247
3.95231
4.11576
4.29347
4.48619
4.69437
4.91875
5.16041
5.41917
5.69487
5.98853
6.2999
6.63002
6.97881
7.34753
7.73615
8.14634
8.58058
9.03857
9.521
10.0309
10.5696
11.1415
11.7484
12.3968
13.0729
13.7689
14.4646
15.169
15.8734
16.5737
17.2616
17.9353
18.5902
19.2332
19.9109
20.0677
20.0246
19.9874
19.987
19.9404
19.7329
19.5078
19.2665
20.3936
1.70075
1.71859
1.739
1.75963
1.77846
1.79711
1.81723
1.8396
1.8631
1.88443
1.90772
1.93163
1.95741
1.98395
2.01175
2.04019
2.06933
2.0988
2.12884
2.15965
2.19133
2.22393
2.25751
2.29213
2.32789
2.36489
2.40328
2.44323
2.485
2.52892
2.57544
2.62514
2.67872
2.73703
2.80114
2.87228
2.95188
3.04161
3.14312
3.25819
3.3887
3.53653
3.70344
3.89111
4.10095
4.33424
4.59186
4.8746
5.1832
5.5173
5.87655
6.26072
6.6689
7.10074
7.55484
8.0307
8.52671
9.04263
9.57677
10.1306
10.7006
11.2876
11.8897
12.5082
13.1417
13.7921
14.4581
15.1423
15.8439
16.5694
17.314
18.0817
18.8722
19.6913
20.5022
21.3525
22.2556
23.2359
24.2858
25.4295
26.5714
27.715
28.9308
29.2941
29.2715
29.2217
29.2354
29.1729
28.867
28.5743
28.2573
30.2098
1.73003
1.74918
1.77123
1.79329
1.81312
1.83262
1.85365
1.87703
1.90146
1.92362
1.94789
1.97271
1.99955
2.02715
2.05612
2.08573
2.11608
2.14678
2.17812
2.21034
2.2436
2.27801
2.31376
2.35107
2.39028
2.43193
2.47664
2.52528
2.57903
2.63942
2.7084
2.78824
2.88158
2.99147
3.12133
3.27473
3.45539
3.66686
3.91256
4.19543
4.51799
4.8822
5.28887
5.73811
6.22957
6.76187
7.33349
7.94207
8.58511
9.25937
9.96224
10.6902
11.441
12.2123
13.0006
13.8032
14.6185
15.4442
16.2794
17.1225
17.9733
18.831
19.6955
20.5669
21.4453
22.3334
23.229
24.1333
25.0468
25.9711
26.9069
27.8557
28.8182
29.7973
30.7437
31.6584
32.5757
33.5189
34.5121
35.5771
36.7219
37.955
39.3363
39.9636
40.3506
40.6037
40.917
41.159
41.1436
41.0659
40.8386
43.5792
1.76411
1.78485
1.80896
1.83274
1.85379
1.87431
1.89639
1.92091
1.9464
1.96948
1.99485
2.02068
2.04872
2.07749
2.10778
2.13875
2.17058
2.2029
2.23615
2.27077
2.30726
2.34622
2.38847
2.43523
2.4883
2.55009
2.6235
2.7123
2.82114
2.95539
3.12105
3.3245
3.57244
3.87122
4.22674
4.64353
5.12505
5.67301
6.2877
6.96749
7.70989
8.50999
9.36293
10.2624
11.2027
12.1769
13.1798
14.2056
15.2484
16.3026
17.3651
18.4307
19.4984
20.5638
21.6277
22.6864
23.7414
24.79
25.8348
26.8738
27.9123
28.9477
29.9839
31.0205
32.0614
33.1066
34.1601
35.2225
36.2976
37.3862
38.4912
39.6134
40.7561
41.9194
43.0738
44.1598
45.2201
46.2717
47.3335
48.4214
49.5538
50.7547
52.1213
52.415
52.4718
52.7112
53.2374
53.9774
54.7263
55.2556
55.3731
58.4508
1.8034
1.82612
1.85286
1.8788
1.90131
1.92301
1.94627
1.97205
1.99873
2.02281
2.04941
2.07632
2.10571
2.13588
2.16786
2.20085
2.23539
2.27157
2.31057
2.35407
2.40441
2.46461
2.53866
2.63218
2.75224
2.9073
3.10726
3.3628
3.68448
4.08236
4.56517
5.13952
5.80955
6.57559
7.43527
8.38341
9.41269
10.5139
11.6771
12.8909
14.1454
15.428
16.7294
18.0407
19.3545
20.6639
21.964
23.2498
24.5188
25.7672
26.9941
28.1979
29.3811
30.543
31.6865
32.8102
33.9178
35.0098
36.0905
37.1612
38.2272
39.2893
40.3528
41.4192
42.494
43.5787
44.679
45.7969
46.938
48.1034
49.2975
50.5226
51.7828
53.0841
54.4173
55.7255
57.023
58.3192
59.6178
60.9235
62.2416
63.5936
65.0819
65.4088
65.1978
65.1017
65.3202
65.811
66.552
67.6348
68.3191
71.3529
1.84862
1.87373
1.90384
1.93239
1.95659
1.97958
2.00404
2.03111
2.05905
2.08422
2.11226
2.14057
2.17212
2.20521
2.24172
2.28191
2.32841
2.38399
2.45389
2.54549
2.66838
2.83421
3.05726
3.3536
3.74007
4.23275
4.84484
5.58351
6.44912
7.44064
8.55237
9.77482
11.0956
12.4985
13.968
15.4883
17.044
18.6207
20.2048
21.7811
23.3397
24.8723
26.3724
27.8347
29.2562
30.6363
31.9734
33.267
34.518
35.7264
36.8948
38.0265
39.1242
40.1902
41.2281
42.2418
43.2359
44.2144
45.1821
46.1431
47.1017
48.0616
49.0283
50.0059
50.9996
52.0135
53.0531
54.1225
55.227
56.3711
57.5597
58.7976
60.09
61.4471
62.8817
64.365
65.88
67.4304
69.0056
70.5994
72.1955
73.7919
75.5126
76.444
76.5231
76.4558
76.5768
76.8823
77.3302
77.9527
78.5728
80.9285
1.90146
1.92953
1.96418
1.99612
2.02238
2.04684
2.07265
2.10136
2.13135
2.1588
2.19049
2.224
2.26472
2.31285
2.37527
2.45871
2.57494
2.73821
2.96811
3.28805
3.72243
4.28852
5.00538
5.88651
6.93759
8.1555
9.52765
11.0314
12.6423
14.3445
16.1167
17.9373
19.7851
21.6416
23.4903
25.3163
27.1068
28.8509
30.539
32.1628
33.7214
35.2114
36.6329
37.9868
39.2725
40.4914
41.6452
42.7384
43.7753
44.7614
45.7012
46.5991
47.4584
48.2852
49.0846
49.8627
50.6248
51.3767
52.1236
52.8713
53.6251
54.3906
55.1729
55.9773
56.8092
57.6739
58.5766
59.5226
60.5173
61.5661
62.6746
63.8487
65.0949
66.4258
67.8735
69.4424
71.0899
72.8178
74.6053
76.4365
78.2765
80.1063
82.05
83.8858
84.7079
85.1012
85.4801
85.9335
86.3466
86.584
86.6842
87.5642
1.9648
1.99682
2.03878
2.07688
2.10719
2.13514
2.16475
2.19876
2.23729
2.27748
2.3308
2.3983
2.49701
2.64002
2.85788
3.17934
3.63356
4.2496
5.0549
6.07499
7.31162
8.74465
10.3682
12.1623
14.0987
16.1458
18.2706
20.4427
22.6358
24.8211
26.9734
29.0712
31.0972
33.0413
34.8975
36.6588
38.3209
39.8831
41.3486
42.7219
44.0024
45.1946
46.3032
47.3323
48.2796
49.1505
49.9527
50.6942
51.3816
52.0212
52.6158
53.1729
53.699
54.2018
54.6861
55.1592
55.6261
56.0937
56.5674
57.0535
57.557
58.0841
58.6395
59.2293
59.8582
60.532
61.2555
62.0346
62.8744
63.781
64.7599
65.8174
66.961
68.2047
69.5938
71.1453
72.8296
74.6339
76.5322
78.5021
80.4954
82.4791
84.5727
87.3142
89.0633
90.1759
91.0569
91.9429
92.6113
92.7126
92.3927
91.6387
2.05277
2.09389
2.15571
2.219
2.26812
2.31385
2.36421
2.42764
2.51704
2.64149
2.83564
3.11571
3.54217
4.16098
5.03669
6.19147
7.61434
9.29538
11.211
13.3494
15.6687
18.1324
20.69
23.2936
25.8999
28.4707
30.9736
33.3828
35.6842
37.8673
39.9213
41.8397
43.6218
45.2689
46.7806
48.1581
49.4066
50.5324
51.542
52.439
53.2314
53.9278
54.5365
55.0666
55.5285
55.9306
56.2799
56.5851
56.8533
57.0889
57.2897
57.4669
57.6276
57.7802
57.9269
58.0751
58.2302
58.399
58.5859
58.7979
59.0393
59.3166
59.6338
59.9971
60.4106
60.8801
61.4097
62.0055
62.6718
63.4146
64.2394
65.1524
66.1613
67.2802
68.5621
70.0282
71.6669
73.4548
75.3633
77.3672
79.4105
81.4511
83.604
87.0655
89.7036
91.6032
93.1016
94.5551
95.6371
95.7979
95.274
92.8415
2.24643
2.32388
2.47904
2.69631
2.85574
3.00363
3.16956
3.40162
3.79814
4.39054
5.26589
6.42717
7.95354
9.85695
12.1224
14.6965
17.507
20.456
23.4786
26.5493
29.6093
32.6072
35.5011
38.2662
40.8855
43.3417
45.6238
47.7298
49.6606
51.4139
52.9909
54.3979
55.6422
56.7292
57.6642
58.4569
59.1165
59.6529
60.0757
60.3944
60.6183
60.7572
60.8199
60.8165
60.7557
60.6471
60.4991
60.3212
60.1216
59.9101
59.6945
59.4828
59.2812
59.0971
58.9175
58.7527
58.6088
58.493
58.4082
58.3614
58.3558
58.3975
58.4903
58.6397
58.8492
59.124
59.4679
59.8858
60.3819
60.9613
61.6293
62.391
63.2544
64.2325
65.3812
66.7229
68.257
69.9573
71.7949
73.7441
75.7464
77.7554
79.8832
83.8089
87.1703
89.7892
91.8919
93.9172
95.4255
95.7353
95.2089
91.3034
2.95896
3.19323
3.79965
4.77723
5.52289
6.13339
6.79714
7.73777
9.46633
11.3508
13.6995
16.4352
19.5486
22.9376
26.5102
30.1538
33.7629
37.247
40.5701
43.7426
46.7303
49.5089
52.0684
54.4068
56.5189
58.4039
60.0692
61.5242
62.7745
63.8276
64.6955
65.39
65.9228
66.3061
66.5511
66.669
66.6708
66.5674
66.369
66.0862
65.7285
65.3061
64.828
64.3036
63.7412
63.15
62.5379
61.9134
61.2841
60.6587
60.0438
59.4481
58.8782
58.3433
57.8478
57.3994
57.0028
56.645
56.3261
56.0559
55.8385
55.6794
55.5811
55.5481
55.5837
55.6919
55.8761
56.1396
56.4867
56.9206
57.4466
58.0683
58.7937
59.6338
60.6437
61.8443
63.232
64.7995
66.5117
68.3423
70.2353
72.1436
74.1786
78.3062
82.1673
85.3527
87.9629
90.4743
92.3193
92.7782
92.3382
87.399
5.9578
6.89105
8.93881
11.9866
14.2577
16.1324
17.8982
20.254
23.7043
26.8669
30.3722
34.0999
37.9967
41.9145
45.792
49.5204
53.0255
56.253
59.1898
61.8411
64.201
66.2748
68.0732
69.604
70.8766
71.9064
72.7097
73.3031
73.7023
73.9222
73.9773
73.882
73.6496
73.2933
72.8255
72.2582
71.6027
70.8699
70.0701
69.2133
68.3087
67.3655
66.392
65.3968
64.3872
63.3713
62.3559
61.3485
60.3553
59.3835
58.4388
57.5286
56.6581
55.8352
55.0646
54.3548
53.7107
53.1368
52.6359
52.2098
51.8371
51.5261
51.2851
51.1172
51.0247
51.0095
51.0753
51.2232
51.4575
51.7791
52.1938
52.7025
53.3138
54.0357
54.9201
55.9838
57.2248
58.6399
60.1996
61.8758
63.6189
65.3829
67.2811
71.3762
75.4889
79.0345
81.9975
84.8425
86.8813
87.4304
87.0769
81.3696
16.0302
18.4801
22.5577
27.8438
31.5668
34.4247
37.0708
40.2356
44.3236
47.957
51.7169
55.5389
59.3592
63.0416
66.5047
69.6524
72.4435
74.8618
76.9092
78.5863
79.929
80.9638
81.7157
82.2086
82.4639
82.5028
82.3454
82.0105
81.5156
80.8775
80.1116
79.2326
78.254
77.1887
76.0486
74.845
73.5883
72.2885
70.9547
69.5959
68.2198
66.8344
65.4467
64.0638
62.6919
61.3373
60.0058
58.7031
57.4342
56.2049
55.0195
53.8835
52.8012
51.7781
50.8184
49.9279
49.1117
48.3754
47.7246
47.1634
46.6902
46.3134
46.0009
45.7578
45.5969
45.5174
45.5221
45.6093
45.7833
46.0426
46.3929
46.8328
47.3713
48.013
48.8048
49.7578
50.8736
52.1453
53.5558
55.0742
56.6599
58.2682
60.0148
63.8986
68.011
71.6813
74.8045
77.777
79.8438
80.3794
80.1291
73.9909
38.0028
41.0422
45.5564
51.2092
55.1562
58.0547
60.8146
64.1044
68.1357
71.5585
74.91
78.1404
81.1894
83.932
86.2966
88.2437
89.7615
90.8756
91.5954
91.9865
92.085
91.9207
91.5209
90.911
90.1142
89.1527
88.0463
86.8133
85.4705
84.0336
82.5169
80.9337
79.296
77.6153
75.9018
74.165
72.4138
70.6564
68.9001
67.152
65.4184
63.7052
62.0179
60.3617
58.7414
57.1614
55.6261
54.1393
52.7049
51.3266
50.0078
48.7518
47.5624
46.4424
45.3959
44.4258
43.537
42.7323
42.018
41.3972
40.8773
40.4618
40.1458
39.9353
39.7965
39.7352
39.7591
39.8633
40.0518
40.3206
40.6757
41.1137
41.6437
42.2678
43.0262
43.9246
44.9666
46.141
47.4455
48.8454
50.3109
51.7964
53.4212
56.9804
60.8493
64.3841
67.4375
70.2852
72.1929
72.62
72.3489
66.6658
71.1114
72.203
74.6192
78.2433
81.1495
83.392
85.6704
88.4381
91.5919
94.1152
96.3778
98.3487
99.9916
101.219
102.011
102.378
102.311
101.897
101.214
100.28
99.1294
97.7902
96.2881
94.6466
92.8869
91.0282
89.0878
87.0814
85.0234
82.9266
80.8029
78.663
76.5166
74.3724
72.2384
70.122
68.0295
65.967
63.9396
61.9523
60.0095
58.1149
56.2725
54.4852
52.7564
51.0886
49.4847
47.9466
46.4773
45.0784
43.7525
42.501
41.3271
40.2317
39.2184
38.2881
37.4454
36.6913
36.0313
35.4672
35.0063
34.6512
34.4111
34.2887
34.2794
34.367
34.53
34.7637
35.0737
35.4562
35.9184
36.4565
37.0806
37.7916
38.6221
39.5746
40.6511
41.8415
43.1555
44.5562
46.0209
47.5027
49.1256
52.3721
55.8076
58.9067
61.5962
64.0266
65.5434
65.7619
65.1909
61.4406
108.873
106.133
104.558
104.174
104.847
105.815
107.083
108.699
110.228
111.308
112.017
112.332
112.256
111.748
110.775
109.428
107.808
106.001
104.053
101.951
99.7252
97.3981
94.9911
92.5233
90.0116
87.4708
84.9144
82.3541
79.8007
77.2635
74.7511
72.2709
69.8297
67.4335
65.0875
62.7964
60.5643
58.3947
56.2906
54.2548
52.2896
50.3969
48.5787
46.8362
45.1713
43.5845
42.0777
40.6513
39.3071
38.0454
36.8682
35.7757
34.7704
33.8524
33.0248
32.2875
31.6445
31.0962
30.6476
30.3
30.0604
29.9312
29.9219
30.0355
30.2817
30.6535
31.0997
31.6075
32.1869
32.8369
33.5682
34.3797
35.2833
36.2821
37.402
38.6482
40.0124
41.5014
43.1228
44.8474
46.6403
48.4636
50.4361
53.7113
56.6898
59.0464
60.9831
62.6527
63.5532
63.4349
62.1269
63.7701
141.221
133.888
127.75
122.587
120.236
119.488
119.541
119.851
119.643
119.173
118.255
116.849
114.992
112.756
110.24
107.525
104.695
101.83
98.9534
96.0254
93.0653
90.0907
87.1165
84.1562
81.2214
78.3222
75.4677
72.6654
69.9223
67.2441
64.6361
62.1025
59.6473
57.2736
54.984
52.7808
50.6656
48.6398
46.7044
44.86
43.1074
41.4464
39.8777
38.4008
37.0165
35.7242
34.5246
33.4175
32.4039
31.4837
30.6587
29.9291
29.2974
28.7632
28.3282
27.9925
27.7591
27.629
27.6067
27.6944
27.8997
28.2256
28.6829
29.2652
29.9791
30.7916
31.6822
32.6561
33.7277
34.8984
36.1846
37.5895
39.1261
40.807
42.6589
44.7105
46.924
49.3659
52.0091
54.8635
57.8334
60.9229
64.2073
68.9057
72.2081
73.9208
74.8931
75.682
76.1362
75.7258
72.6199
90.2036
158.153
148.324
138.371
128.907
123.742
121
119.499
118.166
115.822
113.66
111.128
108.299
105.23
101.97
98.5975
95.1794
91.7876
88.4845
85.2731
82.0923
78.9542
75.8702
72.85
69.902
67.0337
64.2511
61.5597
58.9637
56.4667
54.0716
51.7807
49.5955
47.5173
45.5468
43.6843
41.9296
40.2824
38.7422
37.3081
35.9792
34.7546
33.6333
32.6145
31.6974
30.8816
30.1669
29.5532
29.041
28.6315
28.3257
28.1263
28.0349
28.0558
28.1783
28.4017
28.7269
29.1567
29.6944
30.3463
31.1178
32.0191
33.056
34.2406
35.5199
36.8995
38.398
40.0443
41.8492
43.8307
46.0051
48.389
51.009
53.8749
57.0568
60.6047
64.6522
69.0994
74.1625
79.7389
85.927
92.5015
99.5488
107.099
118.205
125.708
129.103
130.564
132.127
134.983
136.445
129.253
199.397
150.101
137.94
126.76
116.156
109.403
105.007
102.035
99.8949
97.4342
95.3968
92.8422
89.9204
86.7777
83.5087
80.2141
76.9746
73.8606
70.9273
68.161
65.4849
62.904
60.4247
58.0514
55.7876
53.636
51.5983
49.6758
47.8689
46.1777
44.6015
43.1396
41.7907
40.5533
39.4257
38.4061
37.4928
36.684
35.978
35.3733
34.8688
34.4633
34.1568
33.9486
33.8397
33.8305
33.9232
34.1192
34.4226
34.8365
35.3659
36.0173
36.7962
37.7131
38.6744
39.6996
40.8033
41.9996
43.3025
44.7267
46.288
48.0025
49.8911
51.9726
54.2903
56.8712
59.7509
62.9554
66.5357
70.5219
74.987
79.9655
85.5704
91.8519
98.9959
107.28
117.039
128.31
141.261
155.75
172.097
189.871
209.342
230.637
264.68
290.964
306.79
318.246
334.433
364.352
392.653
385.986
639.193
118.215
114.798
109.227
104.81
102.08
100.487
99.5564
99.0246
98.4061
97.8959
97.1988
96.2717
95.174
93.9299
92.5807
91.1675
89.7328
88.3135
86.9123
85.4989
84.0797
82.6601
81.2447
79.8377
78.4431
77.0647
75.7063
74.3714
73.0636
71.7866
70.544
69.3393
68.1762
67.0583
65.9894
64.9727
64.0121
63.1106
62.2721
61.4996
60.797
60.1673
59.6149
59.1433
58.7572
58.4609
58.2604
58.1608
58.1693
58.2926
58.5394
58.9189
59.4393
60.123
60.9757
62.0028
63.2173
64.6309
66.2635
68.1333
70.2672
72.691
75.4408
78.5522
82.0765
86.0593
90.5715
95.6728
101.465
108.03
115.522
124.041
133.833
145.024
158.249
173.86
192.64
214.677
240.995
271.433
307.302
347.688
394.743
468.994
573.785
715.462
899.613
1147.45
1478.5
1859.58
2270.01
2744.86
6.58435
6.4061
6.1801
5.93795
5.69227
5.43757
5.17871
4.92559
4.67249
4.42869
4.19668
3.97305
3.76587
3.58461
3.41915
3.25959
3.11807
3.0055
2.91184
2.82317
2.74207
2.68102
2.63839
2.5997
2.55813
2.51811
2.48381
2.44937
2.40867
2.36266
2.31592
2.2673
2.21322
2.15648
2.10073
2.04333
1.9848
1.92669
1.87213
1.81896
7.51324
7.33341
7.09947
6.84687
6.59367
6.32826
6.05291
5.77991
5.50933
5.23432
4.95561
4.7053
4.48132
4.26475
4.05728
3.87296
3.7138
3.56886
3.43495
3.31907
3.22171
3.13482
3.05461
2.98401
2.92578
2.87429
2.82198
2.76814
2.71676
2.66892
2.61888
2.56418
2.50801
2.45159
2.39388
2.33424
2.27314
2.21228
2.15213
2.09795
8.26327
8.07258
7.82408
7.55608
7.28419
7.00291
6.71688
6.42363
6.12166
5.80962
5.49271
5.18609
4.89616
4.62575
4.39309
4.21036
4.04831
3.88924
3.74064
3.61631
3.51723
3.42973
3.34568
3.26743
3.20229
3.14981
3.09959
3.04543
2.99014
2.93896
2.88925
2.83494
2.77674
2.71849
2.65951
2.59857
2.53523
2.47252
2.40922
2.34787
8.84663
8.6718
8.4321
8.17915
7.91507
7.62222
7.32452
7.03178
6.71768
6.37138
6.02074
5.69687
5.39235
5.09825
4.83571
4.62807
4.46277
4.30364
4.15029
4.01521
3.90818
3.82029
3.73766
3.659
3.58927
3.52935
3.47491
3.42124
3.3661
3.3111
3.2575
3.20304
3.14403
3.08116
3.01937
2.9595
2.89496
2.82856
2.75886
2.68714
9.67098
9.51858
9.29065
9.03973
8.78913
8.51176
8.18365
7.84974
7.51956
7.15451
6.74976
6.36753
6.02856
5.71183
5.42336
5.1929
5.00264
4.81649
4.65378
4.52504
4.41497
4.31353
4.22417
4.15133
4.08798
4.02533
3.96041
3.89635
3.8462
3.79712
3.73667
3.67404
3.61321
3.55177
3.48763
3.42236
3.35285
3.28455
3.2082
3.12115
10.6621
10.5831
10.4426
10.2564
10.0292
9.78793
9.46951
9.09192
8.69421
8.27129
7.82477
7.37169
6.94924
6.57254
6.25769
6.00299
5.77621
5.56687
5.39755
5.26587
5.15293
5.04896
4.9547
4.87513
4.80802
4.74641
4.67331
4.59744
4.5353
4.4765
4.4097
4.34009
4.2682
4.19833
4.13231
4.06645
3.99143
3.9204
3.83444
3.72366
12.2128
12.3633
12.4395
12.4458
12.3486
12.1758
11.8296
11.4003
10.8887
10.2997
9.72058
9.16108
8.61664
8.11869
7.70666
7.37868
7.1042
6.86437
6.6656
6.49983
6.3589
6.23967
6.12237
6.0168
5.93733
5.87048
5.7883
5.70443
5.63258
5.5607
5.48636
5.40612
5.31806
5.23083
5.14441
5.06031
4.96195
4.87489
4.7606
4.60794
15.3188
15.9969
16.5168
16.8274
16.9618
16.9695
16.5514
15.9583
15.205
14.3092
13.3888
12.5377
11.7543
11.0398
10.4397
9.97625
9.60334
9.26431
8.95404
8.69649
8.50767
8.35004
8.18387
8.0367
7.94175
7.85754
7.75334
7.6554
7.56052
7.45936
7.36362
7.26125
7.1375
7.01102
6.88862
6.76912
6.62391
6.49847
6.31801
6.06434
21.6593
23.072
24.2263
24.9367
25.267
25.4469
24.9754
23.9417
22.604
21.1442
19.7173
18.3919
17.1696
16.0776
15.1824
14.4918
13.9155
13.3732
12.8798
12.4979
12.2397
11.9898
11.7127
11.4831
11.3335
11.184
11.0128
10.8542
10.695
10.5248
10.3625
10.1934
9.99743
9.79631
9.59906
9.40976
9.18626
8.98879
8.70306
8.25777
32.226
34.3082
35.9871
37.1381
37.6777
37.6981
36.6688
35.1918
33.1151
30.7206
28.5037
26.5807
24.8588
23.3277
22.063
21.064
20.2054
19.3942
18.673
18.1294
17.7223
17.2822
16.827
16.4696
16.193
15.8909
15.5763
15.2943
15.0121
14.7087
14.4166
14.1295
13.8134
13.4889
13.1745
12.8709
12.5324
12.2295
11.8091
11.1234
46.1723
48.6603
50.4736
51.6918
52.3748
51.6152
49.3047
46.9299
44.3632
41.323
38.3705
35.8464
33.6611
31.7464
30.1803
28.9297
27.7962
26.6964
25.7371
25.0129
24.3743
23.6707
23.0016
22.4676
21.9794
21.4476
20.9298
20.4713
20.0101
19.52
19.0495
18.5976
18.1268
17.6477
17.1804
16.7332
16.2621
15.8274
15.2634
14.3479
61.0567
63.4815
65.0199
65.0515
64.6544
63.391
60.3713
56.7867
53.3863
50.0591
46.906
44.2062
41.8277
39.7609
38.1079
36.7223
35.3572
34.0246
32.9092
32.025
31.1153
30.1483
29.2723
28.5263
27.7881
27.0158
26.2897
25.6351
24.969
24.2797
23.6285
23.0068
22.3745
21.7416
21.1255
20.5263
19.9301
19.3727
18.6833
17.591
73.4726
75.31
75.9049
74.4614
72.2602
69.8723
66.9471
63.19
59.252
55.794
52.8305
50.2898
48.0676
46.2072
44.6495
43.1788
41.6953
40.3104
39.1276
38.0433
36.9076
35.7684
34.7275
33.7759
32.8334
31.8741
30.9707
30.1406
29.3017
28.4589
27.655
26.8783
26.118
25.3667
24.6301
23.9106
23.2221
22.5593
21.7869
20.6004
82.0331
82.3986
81.6
79.5936
76.3872
72.4761
69.2246
65.9609
62.223
58.9425
56.3064
54.0898
52.2423
50.7087
49.2589
47.7811
46.3404
44.9972
43.7343
42.4964
41.2561
40.0181
38.8415
37.7549
36.6826
35.5873
34.5589
33.6003
32.6414
31.6833
30.7674
29.9033
29.0611
28.2171
27.4017
26.6058
25.8556
25.1214
24.3225
23.1466
87.2851
85.9112
83.4894
81.0433
77.8519
73.2271
69.2902
66.2585
63.0782
60.2308
58.0255
56.2075
54.6776
53.381
52.0973
50.729
49.3351
47.9655
46.6813
45.4394
44.1335
42.7677
41.5262
40.4411
39.2492
38.034
36.9628
35.9375
34.8897
33.8717
32.9179
31.9947
31.0867
30.2057
29.3628
28.5209
27.7372
26.9689
26.188
25.1128
90.0713
87.3614
83.4183
80.0946
76.9869
72.5173
68.3014
65.2362
62.536
60.23
58.4212
56.9796
55.7109
54.4956
53.2829
52.0823
50.7826
49.4054
48.1266
46.9152
45.5754
44.1782
42.9559
41.8078
40.5682
39.3776
38.2829
37.2078
36.1586
35.1496
34.1756
33.2387
32.3453
31.4729
30.6235
29.7755
29.0025
28.2388
27.5046
26.5803
89.9884
86.3908
81.55
77.308
73.916
69.8647
65.9912
63.1197
60.8639
59.1123
57.6427
56.4458
55.3947
54.2618
53.0879
51.9309
50.5968
49.2185
48.0814
46.9194
45.5165
44.2302
43.1656
41.9922
40.7903
39.6832
38.6325
37.6069
36.6171
35.645
34.7285
33.8592
33.008
32.168
31.3718
30.581
29.8567
29.1383
28.4844
27.7428
87.1219
82.7641
77.9098
73.2219
69.3487
65.5671
62.3189
59.9613
58.2372
56.9738
55.8316
54.8455
53.9482
52.9073
51.8306
50.651
49.3294
48.1259
47.039
45.7741
44.449
43.3253
42.3368
41.2597
40.1812
39.2084
38.3229
37.4222
36.5358
35.6858
34.8997
34.1403
33.4005
32.6742
31.9943
31.3167
30.6923
30.0901
29.5459
28.9655
82.31
76.9734
72.3665
68.139
64.0793
60.2652
57.6487
55.9598
54.8495
54.0446
53.1698
52.3427
51.5737
50.6988
49.6834
48.5184
47.3892
46.3616
45.2468
44.0056
42.9253
41.993
41.0175
40.0192
39.1884
38.4454
37.732
37.0434
36.4325
35.8089
35.2425
34.7027
34.1972
33.6855
33.2389
32.8015
32.3824
32.0708
31.647
31.0575
76.1815
70.4986
65.5771
61.9605
58.5006
54.8867
52.7392
51.7063
51.0783
50.5505
49.9445
49.3772
48.785
47.9751
47.0392
46.1014
45.1516
44.2056
43.2387
42.2462
41.3933
40.6345
39.8595
39.1494
38.6262
38.1853
37.8355
37.6109
37.4799
37.3638
37.3417
37.3347
37.3852
37.4462
37.615
37.9242
38.0966
38.9133
38.4985
36.9662
68.9245
63.9855
59.3254
55.804
52.9139
50.0157
48.5105
47.9878
47.6862
47.3764
47.0116
46.6524
46.1494
45.4533
44.7766
44.068
43.3124
42.6066
41.9527
41.3487
40.8926
40.5473
40.3673
40.3786
40.6536
41.1375
41.9785
43.1008
44.4231
45.8776
47.7343
49.6967
51.8931
54.2133
56.9944
60.6452
63.6232
70.1773
69.3287
61.6841
62.1787
58.4369
54.8593
52.1347
49.9629
47.7068
46.7653
46.5525
46.4869
46.3624
46.1961
46.0077
45.6817
45.3001
44.9865
44.6089
44.3326
44.2839
44.439
44.8384
45.7815
47.2064
49.2371
52.0147
55.8664
60.4779
66.1498
72.7656
80.474
89.0287
99.3422
110.441
122.907
136.379
152.038
172.037
190.05
224.281
223.366
184.234
59.0821
58.2642
56.018
55.2103
55.0337
53.8353
53.1977
52.9929
53.0529
53.2271
53.539
53.9084
54.2453
54.7438
55.5487
56.5178
58.3215
61.3176
65.6134
71.3499
79.563
90.1151
103.421
119.616
139.357
161.92
189.157
220.713
256.239
296.176
342.216
392.51
447.349
507.73
574.728
658.77
736.253
864.468
877.774
720.555
66.6321
73.6911
74.3976
78.1806
83.0151
83.7306
83.7322
84.1426
85.5548
87.7259
90.862
94.7267
99.1612
104.916
112.711
123.473
139.234
161.405
189.883
224.303
267.24
317.763
377.78
448.817
530.065
621.303
724.795
840.003
962.736
1098.39
1244.06
1400.69
1562.88
1739.23
1922.52
2141.84
2340.54
2627.51
2701.66
2287
106.526
135.139
141.681
159.06
179.632
188.491
194.261
200.946
212.396
228.123
249.207
274.422
304.076
342.602
397.847
464.326
549.183
653.431
772.122
909.076
1063.75
1236.44
1425.4
1636
1855.48
2089.79
2331.24
2585.38
2836.33
3102.67
3365.09
3637.65
3900.85
4178.13
4445.9
4754.3
5018.82
5388.51
5525
5021.77
253.084
343.024
365.643
434.449
511.297
562.66
603.848
647.922
711.825
795.117
901.122
1024.81
1165.31
1348.25
1554.67
1780.68
2028.8
2307.61
2590.61
2900.45
3212.9
3544.92
3874.37
4225.39
4562.73
4920.77
5267.68
5630.99
5973.29
6338.8
6683.29
7043.56
7380.1
7736.58
8070.98
8457.36
8780.55
9232.85
9565.17
9379
809.31
1083.35
1212.82
1455.1
1752.24
2005.32
2222.9
2444.46
2734.9
3093.97
3503.79
3927.73
4341.71
4784.74
5222.72
5677.89
6134.97
6604.6
7061.32
7529.2
7984.68
8445.65
8894.4
9346.72
9786.34
10227.7
10658.2
11088.8
11513
11935.8
12353.3
12769.6
13183.9
13592.4
14004.9
14440.9
14850.4
15174.3
15940.3
16560.5
3492.76
4388.23
5570.01
6234.21
6783.75
7480.12
7944.43
8171.71
8319.98
8436.67
8541.06
8650.36
8782.75
8930.15
9099
9295.98
9514.14
9743.38
9997.8
10264.1
10547.6
10839.2
11146.5
11453.3
11775.8
12096.9
12426.9
12751.3
13090.6
13418.9
13755.3
14082.6
14422.5
14751
15096.2
15446.9
15795.7
16022.9
16201.6
17992.2
)
;

boundaryField
{
    inlet
    {
        type            fixedValue;
        value           uniform 1.52223;
    }
    outlet
    {
        type            inletOutlet;
        inletValue      uniform 1.52223;
        value           uniform 1.52223;
    }
    fluid_to_graphite
    {
        type            kqRWallFunction;
        value           uniform 1.52223;
    }
    wedgeBack
    {
        type            wedge;
    }
    wedgeFront
    {
        type            wedge;
    }
    defaultFaces
    {
        type            empty;
    }
}


                                                                               
