# Probe 0 (0.010500000000000001 -0.0025198995569999999 0.446551168256)
# Probe 1 (0.010500000000000001 -0.0060554334630000001 0.45008670216199997)
# Probe 2 (0.010500000000000001 -0.0095909673689999995 0.45362223606800001)
# Probe 3 (0.010500000000000001 -0.013126501275000001 0.45715776997399998)
# Time                   0                        1                        2                        3                       
2.3900000136255266       512.2044444380615        377.96072156073683       332.53981080235883       311.87589663262054      
2.3999999844136446       513.68718503957109       378.52742487635351       332.76821544337406       311.96203823626729      
2.4099999692871736       515.16580001071475       379.09674515599318       332.99776540975779       312.0487329543497       
2.4200000358227265       516.6459606105808        379.66862969685059       333.22845676301415       312.13597688116323      
2.4300000352741398       518.13016731140021       380.24302921586815       333.46028667006874       312.22376690096473      
2.4400000090353351       519.61792922949542       380.8198933455314        333.69325065790747       312.31209962237386      
2.4499999643790789       521.1067514879519        381.39917618938671       333.92734468534064       312.40097210267515      
2.4600000109870366       522.59287658901621       381.98094885327748       334.16256344688662       312.49038109695209      
2.4700000023285829       524.07139977312818       382.56529329183627       334.3989004585747        312.58032295669625      
2.479999982114697        525.53909362289028       383.15213199052641       334.63635160886759       312.67079491690413      
2.4899999717471624       526.99239755596636       383.74155786058304       334.87491079362565       312.76179336294047      
2.4999999740006698       528.42839209354997       384.33354976448743       335.1145737335263        312.85331524495712      
2.5100000120592214       529.8528331279216        384.92797957818476       335.3553339914107        312.94535639660842      
2.5199999986613379       531.27058141920941       385.52463124508          335.59719387152171       313.03791450880806      
2.5300000351718848       532.68398012703381       386.12361410458118       335.84015179180199       313.13098538199608      
2.5400000162927765       534.0933579347967        386.72510992005687       336.08421378128872       313.22456682697418      
2.5499999737688341       535.49847760749606       387.32907084059042       336.32938127184821       313.31863934279022      
2.5600000134695859       536.89742340520957       387.93543680748678       336.57565601824604       313.41312261786709      
2.5699999648535052       538.28774791896706       388.54416313843865       336.8230688755217        313.50804384828865      
2.5800000227479241       539.66682608419808       389.15554686608868       337.07165350650331       313.60341808463204      
2.5899999863358398       541.03230640698575       389.76951345778218       337.32140434810464       313.69925345627183      
2.600000022745482        542.38225905235504       390.38597059492088       337.57230193802474       313.79555464493592      
