                                                                               
                             
                                                                   
                                                            
                                          
                             
                                                                               
FoamFile
{
    format      ascii;
    class       vectorField;
    location    "constant/graphite/polyMesh";
    object      points;
}
                                                                               


156
(
(0 -0.0059746421770000002 0.43602535780000001)
(0.010500000000000001 -0.0059746421770000002 0.43602535780000001)
(0.021000000000000001 -0.0059746421770000002 0.43602535780000001)
(0 0.0080059108740000006 0.45000591089999997)
(0.010500000000000001 0.0080059108740000006 0.45000591089999992)
(0.021000000000000001 0.0080059108740000006 0.45000591089999997)
(0 -0.0066817489581999998 0.43673246458120002)
(0.010500000000000001 -0.0066817489581999998 0.43673246458119991)
(0.021000000000000001 -0.0066817489581999998 0.43673246458120002)
(0 0.0072988040928000002 0.45071301768119998)
(0.010500000000000001 0.0072988040928000019 0.45071301768119998)
(0.021000000000000001 0.0072988040928000002 0.45071301768119998)
(0 -0.0073888557394000002 0.43743957136240003)
(0.010500000000000001 -0.0073888557394000019 0.43743957136239997)
(0.021000000000000001 -0.0073888557394000002 0.43743957136240003)
(0 0.0065916973116000007 0.45142012446239993)
(0.010500000000000001 0.0065916973116000024 0.45142012446240004)
(0.021000000000000001 0.0065916973116000007 0.45142012446239993)
(0 -0.0080959625206000006 0.43814667814360003)
(0.010500000000000001 -0.0080959625206000006 0.43814667814360003)
(0.021000000000000001 -0.0080959625206000006 0.43814667814360003)
(0 0.0058845905304000003 0.45212723124359994)
(0.010500000000000001 0.0058845905304000011 0.45212723124360005)
(0.021000000000000001 0.0058845905304000003 0.45212723124359994)
(0 -0.0088030693018000001 0.43885378492479998)
(0.010500000000000001 -0.0088030693018000001 0.43885378492480015)
(0.021000000000000001 -0.0088030693018000001 0.43885378492479998)
(0 0.0051774837492000007 0.45283433802479994)
(0.010500000000000001 0.0051774837492000007 0.45283433802480005)
(0.021000000000000001 0.0051774837492000007 0.45283433802479994)
(0 -0.0095101760829999996 0.43956089170600005)
(0.010500000000000002 -0.0095101760829999996 0.43956089170600005)
(0.021000000000000005 -0.0095101760829999996 0.43956089170600005)
(0 0.0044703769680000003 0.453541444806)
(0.010500000000000002 0.0044703769680000003 0.453541444806)
(0.021000000000000005 0.0044703769680000003 0.453541444806)
(0 -0.010217282864200001 0.4402679984872)
(0.010500000000000002 -0.010217282864199999 0.4402679984872)
(0.021000000000000005 -0.010217282864200001 0.4402679984872)
(0 0.0037632701868000004 0.45424855158719996)
(0.010500000000000002 0.0037632701868000004 0.45424855158719996)
(0.021000000000000005 0.0037632701868000004 0.45424855158719996)
(0 -0.010924389645399999 0.44097510526839995)
(0.010500000000000001 -0.010924389645399999 0.44097510526839995)
(0.021000000000000001 -0.010924389645399999 0.44097510526839995)
(0 0.0030561634056 0.45495565836840002)
(0.010500000000000001 0.0030561634056 0.45495565836839996)
(0.021000000000000001 0.0030561634056 0.45495565836840002)
(0 -0.011631496426600002 0.44168221204959995)
(0.010500000000000001 -0.011631496426599998 0.44168221204959995)
(0.021000000000000001 -0.011631496426600002 0.44168221204959995)
(0 0.0023490566244 0.45566276514959991)
(0.010500000000000001 0.0023490566243999996 0.45566276514959997)
(0.021000000000000001 0.0023490566244 0.45566276514959991)
(0 -0.012338603207799998 0.44238931883080007)
(0.010500000000000001 -0.012338603207800001 0.44238931883079996)
(0.021000000000000001 -0.012338603207799998 0.44238931883080007)
(0 0.0016419498432000007 0.45636987193080003)
(0.010500000000000001 0.0016419498432000002 0.45636987193080003)
(0.021000000000000001 0.0016419498432000007 0.45636987193080003)
(0 -0.013045709989000001 0.44309642561200002)
(0.010500000000000002 -0.013045709988999997 0.44309642561200002)
(0.021000000000000005 -0.013045709989000001 0.44309642561200002)
(0 0.00093484306200000017 0.45707697871199998)
(0.010500000000000002 0.00093484306200000017 0.45707697871199998)
(0.021000000000000005 0.00093484306200000017 0.45707697871199998)
(0 -0.0137528167702 0.44380353239319997)
(0.010500000000000001 -0.0137528167702 0.44380353239320008)
(0.021000000000000001 -0.0137528167702 0.44380353239319997)
(0 0.00022773628080000023 0.45778408549320004)
(0.010500000000000001 0.00022773628080000023 0.45778408549319999)
(0.021000000000000001 0.00022773628080000023 0.45778408549320004)
(0 -0.0144599235514 0.44451063917440004)
(0.010500000000000001 -0.0144599235514 0.44451063917439998)
(0.021000000000000001 -0.0144599235514 0.44451063917440004)
(0 -0.00047937050039999961 0.45849119227439999)
(0.010500000000000001 -0.00047937050039999961 0.45849119227439999)
(0.021000000000000001 -0.00047937050039999961 0.45849119227439999)
(0 -0.015167030332600001 0.44521774595559999)
(0.010500000000000001 -0.015167030332600001 0.44521774595559999)
(0.021000000000000001 -0.015167030332600001 0.44521774595559999)
(0 -0.0011864772816000003 0.45919829905560006)
(0.010500000000000001 -0.0011864772816000003 0.4591982990556)
(0.021000000000000001 -0.0011864772816000003 0.45919829905560006)
(0 -0.015874137113800001 0.44592485273679999)
(0.010500000000000001 -0.015874137113800004 0.44592485273679999)
(0.021000000000000001 -0.015874137113800001 0.44592485273679999)
(0 -0.0018935840628000013 0.45990540583680001)
(0.010500000000000001 -0.0018935840628000013 0.45990540583680012)
(0.021000000000000001 -0.0018935840628000013 0.45990540583680001)
(0 -0.016581243895 0.44663195951799994)
(0.010500000000000001 -0.016581243895 0.446631959518)
(0.021000000000000001 -0.016581243895 0.44663195951799994)
(0 -0.0026006908439999998 0.46061251261800001)
(0.010500000000000001 -0.0026006908439999998 0.4606125126179999)
(0.021000000000000001 -0.0026006908439999998 0.46061251261800001)
(0 -0.0172883506762 0.44733906629920001)
(0.010500000000000001 -0.017288350676199996 0.44733906629919989)
(0.021000000000000001 -0.0172883506762 0.44733906629920001)
(0 -0.0033077976252000002 0.46131961939920002)
(0.010500000000000001 -0.0033077976252000002 0.46131961939919996)
(0.021000000000000001 -0.0033077976252000002 0.46131961939920002)
(0 -0.017995457457399999 0.44804617308039996)
(0.010500000000000001 -0.017995457457400003 0.44804617308039996)
(0.021000000000000001 -0.017995457457399999 0.44804617308039996)
(0 -0.004014904406400001 0.46202672618040003)
(0.010500000000000001 -0.004014904406400001 0.46202672618040003)
(0.021000000000000001 -0.004014904406400001 0.46202672618040003)
(0 -0.018702564238599999 0.44875327986160002)
(0.010500000000000001 -0.018702564238600002 0.44875327986160002)
(0.021000000000000001 -0.018702564238599999 0.44875327986160002)
(0 -0.0047220111875999997 0.46273383296159998)
(0.010500000000000001 -0.0047220111875999997 0.46273383296160003)
(0.021000000000000001 -0.0047220111875999997 0.46273383296159998)
(0 -0.019409671019799998 0.44946038664279997)
(0.010500000000000001 -0.019409671019799998 0.44946038664280002)
(0.021000000000000001 -0.019409671019799998 0.44946038664279997)
(0 -0.0054291179688000001 0.46344093974280004)
(0.010500000000000001 -0.0054291179688000001 0.46344093974279993)
(0.021000000000000001 -0.0054291179688000001 0.46344093974280004)
(0 -0.020116777800999998 0.45016749342400003)
(0.010500000000000001 -0.020116777800999994 0.45016749342399992)
(0.021000000000000001 -0.020116777800999998 0.45016749342400003)
(0 -0.0061362247500000014 0.46414804652399999)
(0.010500000000000001 -0.0061362247499999996 0.46414804652399999)
(0.021000000000000001 -0.0061362247500000014 0.46414804652399999)
(0 -0.020823884582200001 0.45087460020519998)
(0.010500000000000001 -0.020823884582199997 0.45087460020519998)
(0.021000000000000001 -0.020823884582200001 0.45087460020519998)
(0 -0.0068433315311999992 0.46485515330519994)
(0.010500000000000001 -0.0068433315312000009 0.46485515330520005)
(0.021000000000000001 -0.0068433315311999992 0.46485515330519994)
(0 -0.0215309913634 0.45158170698639993)
(0.010500000000000001 -0.021530991363400004 0.45158170698640004)
(0.021000000000000001 -0.0215309913634 0.45158170698639993)
(0 -0.0075504383124000004 0.4655622600864)
(0.010500000000000001 -0.0075504383124000004 0.46556226008639995)
(0.021000000000000001 -0.0075504383124000004 0.4655622600864)
(0 -0.0222380981446 0.4522888137676)
(0.010500000000000001 -0.0222380981446 0.45228881376760005)
(0.021000000000000001 -0.0222380981446 0.4522888137676)
(0 -0.0082575450936000008 0.46626936686760007)
(0.010500000000000001 -0.0082575450936000008 0.46626936686760007)
(0.021000000000000001 -0.0082575450936000008 0.46626936686760007)
(0 -0.022945204925799999 0.45299592054880006)
(0.010500000000000001 -0.022945204925799999 0.45299592054880006)
(0.021000000000000001 -0.022945204925799999 0.45299592054880006)
(0 -0.0089646518748000004 0.46697647364880002)
(0.010500000000000001 -0.0089646518747999986 0.46697647364880002)
(0.021000000000000001 -0.0089646518748000004 0.46697647364880002)
(0 -0.023652311706999999 0.45370302733000001)
(0.010500000000000001 -0.023652311706999999 0.45370302733000001)
(0.021000000000000001 -0.023652311706999999 0.45370302733000001)
(0 -0.0096717586559999999 0.46768358043000002)
(0.010500000000000001 -0.0096717586559999999 0.46768358043000008)
(0.021000000000000001 -0.0096717586559999999 0.46768358043000002)
)


                                                                               
