                                                                               
                             
                                                                   
                                                            
                                          
                             
                                                                               
FoamFile
{
    format      ascii;
    class       volScalarField;
    location    "1.0050000000000052/fluid";
    object      rhoE;
}
                                                                               

dimensions      [1 -1 -2 0 0 0 0];

internalField   nonuniform List<scalar> 
4592
(
13514930.611617956
13513821.243655249
13512846.901822191
13511825.846249273
13510921.156348959
13509996.267777678
13509157.507774677
13508321.7350788
13507548.613825902
13506792.142284051
13506082.808056956
13505396.294062354
13504746.938683931
13504121.722427135
13503526.989003589
13502955.501089288
13502409.93786264
13501886.678798791
13501386.042293927
13500905.614416454
13500445.061785389
13500002.586904109
13499577.683450684
13499168.803465016
13498775.592907917
13498396.406591607
13498031.437123148
13497678.395640826
13497338.777044652
13497008.502892431
13496692.062410219
13496381.024107564
13514928.431340909
13513815.136743871
13512840.422305191
13511816.261054223
13510910.200571252
13509982.302918592
13509141.321948728
13508302.179971473
13507525.856682932
13506765.305807274
13506051.65303579
13505360.146486562
13504705.301651511
13504073.622257395
13503472.035479026
13502893.985800682
13502341.749458546
13501811.349120567
13501303.230915824
13500814.871670861
13500345.987250576
13499894.745960949
13499460.668349691
13499042.202765066
13498639.016491983
13498249.482167231
13497873.815278769
13497509.749990903
13497158.850337643
13496816.972263182
13496488.922202006
13496165.704636965
13514936.691235036
13513818.649157267
13512850.242971839
13511823.608692775
13510923.003135478
13509995.115547443
13509159.038708165
13508321.86152886
13507550.310207387
13506793.103429941
13506084.374478579
13505397.177330634
13504747.561919732
13504121.029896563
13503524.967067676
13502952.225362018
13502405.458240334
13501880.418195503
13501377.739691386
13500894.741457157
13500431.245773975
13499985.317933982
13499556.546345731
13499143.301585618
13498745.304080976
13498360.849540327
13497990.238071563
13497631.043204203
13497285.10403402
13496947.737637557
13496624.753422419
13496305.269652359
13514944.033105362
13513816.071086058
13512855.233584912
13511822.507533152
13510927.466746459
13509996.98360263
13509165.148945952
13508327.833233781
13507559.852920061
13506804.021573333
13506098.585763566
13505413.642417256
13504767.231616642
13504143.457150294
13503550.809650369
13502981.414671637
13502438.306490978
13501916.878291316
13501417.992653908
13500938.739660548
13500479.08742868
13500036.944580853
13499611.996666837
13499202.506577199
13498808.250107441
13498427.46330592
13498060.459813714
13497704.791788455
13497362.309124922
13497028.240763966
13496708.637748679
13496391.981258152
13514957.020986637
13513817.25213138
13512868.032776922
13511828.661428742
13510942.846524658
13510010.733962007
13509186.560879564
13508351.225458417
13507590.280591644
13506838.754567722
13506140.324916324
13505461.142101888
13504822.055414654
13504205.15846529
13503619.950429928
13503057.821496254
13502522.324310923
13502008.408319283
13501517.262106394
13501045.678726837
13500593.853529962
13500159.472474068
13499742.387184842
13499340.696674183
13498954.273311749
13498581.282996111
13498222.006085167
13497874.113363175
13497539.159241971
13497212.862183683
13496900.472275579
13496591.650519405
13514969.592640607
13513812.094391027
13512876.725259155
13511826.940460207
13510951.155277979
13510015.154049523
13509198.602502218
13508363.791826965
13507609.393247657
13506861.064434102
13506168.908207314
13505494.479717333
13504861.827624667
13504250.891278939
13503672.477788892
13503116.935290603
13502588.55404021
13502081.67744437
13501597.927597217
13501133.689094828
13500689.473254401
13500262.635184593
13499853.285172239
13499459.248711076
13499080.580626594
13498715.296231441
13498363.665667981
13498023.521678761
13497695.932120057
13497377.511261608
13497071.929275325
13496771.37941687
13514985.910177
13513806.426392427
13512889.002432035
13511826.803139495
13510963.855033999
13510023.748613976
13509216.889001071
13508383.383923797
13507637.296681261
13506893.445696998
13506209.243712666
13505541.126683041
13504916.563976757
13504313.242813611
13503743.398551352
13503196.034914661
13502676.347564233
13502177.998860717
13501703.164997695
13501247.722795313
13500812.632506104
13500394.78254197
13499994.701771513
13499609.771224348
13499240.406958591
13498884.296882225
13498541.844832608
13498210.962922011
13497892.176351782
13497583.27830009
13497285.675204771
13496995.414141381
13515002.829165926
13513794.424840918
13512898.227920946
13511819.706836184
13510970.988543672
13510024.854626097
13509228.03761665
13508394.854847472
13507656.951112632
13506916.962832406
13506240.369809084
13505578.074486831
13504961.097444816
13504364.902985396
13503803.33199455
13503263.816921402
13502752.595569996
13502262.541117271
13501796.512576267
13501349.731618522
13500923.770739192
13500514.847989781
13500124.138801686
13499748.300953874
13499388.416597284
13499041.492342111
13498708.427240156
13498386.839549974
13498077.021537013
13497777.746043308
13497488.100387419
13497208.452983795
13515022.976898639
13513779.023461165
13512908.690047039
13511810.752807125
13510978.764080117
13510025.847918499
13509240.442832191
13508407.819489088
13507678.989357626
13506943.404115543
13506275.115542395
13505619.252213139
13505010.502289381
13504422.014424605
13503869.35222489
13503338.190168643
13502835.968966275
13502354.641311849
13501897.926089594
13501460.212731138
13501043.918921506
13500644.323793389
13500263.58391721
13499897.234619541
13499547.498922858
13499210.138061557
13498887.183726536
13498575.23817547
13498275.107789623
13497985.804908816
13497704.692999193
13497436.149467967
13515044.943577111
13513757.031294839
13512916.872580539
13511795.49474876
13510982.066067232
13510020.713939831
13509247.219970986
13508414.436231041
13507694.635057377
13506963.066911694
13506302.874361703
13505653.05494778
13505052.263195623
13504471.025265351
13503926.730926517
13503403.5219642
13502910.020529838
13502437.128737394
13501989.562819617
13501560.68041262
13501154.011152405
13500763.555947062
13500392.884325314
13500035.865887396
13499696.533661634
13499368.565592855
13499056.129562197
13498753.586119883
13498463.670962285
13498183.997597875
13497911.939435607
13497654.184606869
13515070.810101651
13513729.711240601
13512925.111994106
13511776.271975281
13510983.644326089
13510013.117720691
13509252.440759948
13508419.827379672
13507709.52282529
13506982.325232193
13506330.374675635
13505686.837320933
13505094.280876594
13504520.372936392
13503984.281205898
13503468.987768151
13502984.179042857
13502519.622044411
13502081.19974724
13501660.999647656
13501264.020695811
13500882.554432403
13500522.160362683
13500174.32791738
13499845.808978815
13499527.049737161
13499225.784203347
13498932.322278768
13498653.522228122
13498382.975261826
13498121.052544774
13497873.342337856
13515099.646056717
13513695.748242063
13512931.857429789
13511751.277121548
13510981.612750029
13510000.257368475
13509252.782924877
13508419.589694481
13507718.49379959
13506995.400695825
13506351.476476474
13505714.160627125
13505129.316215567
13504562.278566433
13504033.95723768
13503526.138172744
13503049.584122887
13502592.902869595
13502163.293737805
13501751.325183503
13501363.865404252
13500990.995100005
13500640.929786768
13500301.935694465
13499984.580624577
13499674.65514094
13499385.297108339
13499100.368685193
13498833.902793642
13498571.464000581
13498321.421382116
13498082.256224973
13515130.423298808
13513654.384114344
13512936.596424742
13511722.74164745
13510977.432729393
13509985.758198174
13509251.65583799
13508418.48634826
13507726.527888322
13507007.767838996
13506371.660517983
13505740.467713544
13505163.18845167
13504602.928808086
13504082.137218416
13503581.45579358
13503112.809393952
13502663.502938209
13502242.333557159
13501838.057959422
13501459.848286746
13501095.003077012
13500755.219214035
13500424.522649858
13500118.651507637
13499816.988749597
13499540.390649209
13499263.161664737
13499010.63902282
13498754.860636069
13498519.281582423
13498286.232687412
13515167.262206355
13513604.985089427
13512940.84758787
13511690.589413403
13510970.756702736
13509968.834619038
13509247.682360541
13508414.827188939
13507731.400545109
13507016.94871947
13506388.030517517
13505762.590616325
13505192.098192045
13504637.996519292
13504124.058815373
13503629.713648273
13503168.249484673
13502725.585731376
13502312.286459409
13501914.94787281
13501545.58902308
13501188.092279887
13500858.50068257
13500535.509022536
13500241.478696626
13499947.508798687
13499684.717052028
13499414.344207099
13499177.888155168
13498927.019096473
13498709.659484137
13498479.29770159
13515207.492263677
13513548.13710786
13512942.725571658
13511655.039598588
13510961.53975269
13509950.420657387
13509242.199963557
13508410.724969098
13507735.886826245
13507026.487661691
13506404.806619557
13505785.447180884
13505221.669230174
13504673.706103785
13504166.233272236
13503677.830202127
13503223.005878855
13502786.04620678
13502379.858112782
13501988.46796068
13501627.26893355
13501276.022811484
13500956.179820888
13500639.858152974
13500357.756387109
13500070.496327776
13499822.421161052
13499557.730921589
13499339.655767612
13499091.447978202
13498897.136926413
13498664.598043608
13515256.935760345
13513484.700107472
13512946.328733949
13511618.234481417
13510952.279591825
13509931.720665049
13509235.623019068
13508405.225511821
13507737.837139091
13507032.919548323
13506417.481614325
13505803.596321173
13505245.757783685
13504703.300546123
13504201.64421181
13503718.43044183
13503269.441835266
13502837.426610654
13502437.707648313
13502051.152873537
13501697.476431856
13501351.560654702
13501041.169007789
13500730.65316751
13500460.592971826
13500179.391758639
13499947.049572859
13499687.32850749
13499490.333952937
13499242.918969145
13499077.878556484
13498837.898408329
13515306.629533188
13513410.409260022
13512943.950667355
13511576.873152735
13510938.157250119
13509910.568351241
13509226.503784645
13508399.176882116
13507739.88541751
13507040.993156034
13506432.503813908
13505825.008720307
13505273.416359492
13504736.715350537
13504240.669311132
13503762.245060671
13503318.508263476
13502890.471763588
13502496.117813725
13502113.173308199
13501765.990829974
13501423.62563365
13501121.619468668
13500815.182416555
13500556.845812956
13500279.999101117
13500063.833836662
13499807.657853954
13499633.917355975
13499385.416520145
13499256.195188038
13499002.520889007
13515373.292233195
13513330.994673265
13512948.926693868
13511539.437610744
13510929.064502914
13509893.418751428
13509219.548689557
13508393.668881642
13507740.056622466
13507045.26774909
13506441.690557374
13505839.114530314
13505292.564956715
13504760.743235763
13504269.658999637
13503795.37081049
13503356.3673026
13502931.54131709
13502542.091995766
13502161.722113142
13501820.269687807
13501480.370081164
13501186.236585323
13500882.671760118
13500635.262491995
13500362.100910138
13500162.375151008
13499909.716018489
13499761.075788179
13499510.89949275
13499425.44205465
13499155.146613637
13515431.991147393
13513235.031029221
13512939.161718924
13511493.336497109
13510909.003093602
13509869.961670853
13509206.949887274
13508386.639025433
13507741.298541585
13507054.303988762
13506458.124111788
13505862.809837969
13505322.429545131
13504796.198113013
13504309.87580193
13503839.161164669
13503403.818746032
13502980.870764244
13502594.843531894
13502215.309683761
13501878.289115958
13501538.841343703
13501251.307737205
13500948.102626307
13500711.060001124
13500438.48715847
13500254.520903476
13500002.174841337
13499878.776143599
13499627.231523855
13499586.739005502
13499297.409307778
13515525.120025583
13513140.082332157
13512951.263234967
13511463.552103026
13510906.25443718
13509860.481869649
13509204.079950601
13508384.273737255
13507741.374493176
13507056.562659809
13506462.775815515
13505870.874523977
13505334.347864682
13504812.376758847
13504330.61587422
13503863.539433286
13503432.533490973
13503011.643477596
13502629.48508269
13502250.122367535
13501917.067490105
13501576.462169161
13501294.405686999
13500989.647555785
13500761.253153244
13500488.011289191
13500317.808828399
13500067.593296265
13499966.893102732
13499714.869403016
13499732.610635927
13499437.292474553
13515587.460592439
13513016.708640067
13512926.459491933
13511411.124819515
13510875.541844849
13509831.836066077
13509185.832112059
13508375.914343774
13507743.556076394
13507070.552019184
13506486.728695808
13505904.648821995
13505375.170666413
13504859.020174932
13504380.961099623
13503915.670353061
13503485.796887785
13503063.689126721
13502681.925128829
13502299.876847103
13501968.569503471
13501625.029557563
13501348.131260095
13501040.435002452
13500821.954832409
13500545.101363618
13500391.84721457
13500135.77646465
13500060.587760452
13499812.346177641
13499865.131736316
13499600.29659101
13515727.494539894
13512913.301282937
13512962.068844594
13511407.936366338
13510895.024333354
13509844.514064828
13509198.681518536
13508385.107507801
13507748.620852483
13507071.988817202
13506484.714603355
13505901.774407541
13505373.951879866
13504861.540924553
13504389.150560627
13503929.23640866
13503506.470336186
13503088.7005798
13502713.603069002
13502332.850973649
13502007.018365925
13501660.928776845
13501388.62372409
13501074.599720294
13500861.774698935
13500578.058497339
13500433.230024844
13500181.792357793
13500121.679844178
13499890.386932964
13500059.71838869
13499938.422500277
13515786.259974767
13512764.098618506
13512914.072756991
13511348.26998882
13510849.302162196
13509809.432928476
13509177.174855251
13508382.676007314
13507764.965290194
13507111.21908924
13506544.214769622
13505981.401417771
13505467.781724995
13504966.944266001
13504501.44235641
13504045.957400488
13503626.089190567
13503208.938481174
13502835.96453931
13502454.723555142
13502133.971292006
13501789.529513504
13501529.951304562
13501220.648882747
13501029.617638184
13500753.210943686
13500645.323336273
13500382.911665807
13500419.016469687
13500341.885429777
13500686.047713546
13500810.780852977
13516058.009595711
13512708.506011203
13513053.003139831
13511456.483506665
13510974.657966668
13509928.052150566
13509290.004068373
13508488.45122087
13507861.947459018
13507200.142073594
13506625.683139261
13506061.237551542
13505556.261184463
13505071.386831552
13504628.954640437
13504198.801105607
13503809.844758261
13503422.371814584
13503085.521721389
13502735.093809824
13502454.252801226
13502138.54943922
13501920.255107697
13501630.953878781
13501477.650467008
13501201.72171855
13501153.09981779
13501031.345190696
13501287.836371645
13501367.156529555
13501983.388582859
13502488.931253187
13516229.730769789
13512683.349906433
13513117.143885858
13511537.744048556
13511077.514513146
13510077.215633951
13509487.675017823
13508750.817505891
13508192.672074405
13507612.386627929
13507121.279472994
13506644.636061391
13506216.367020661
13505806.926010562
13505432.775188826
13505068.951399928
13504741.959708093
13504412.277935376
13504131.476745209
13503827.518920856
13503594.931659885
13503305.926854419
13503126.69790771
13502867.113474222
13502821.656872768
13502686.519771719
13502880.364812413
13502856.783302484
13503307.402243221
13503522.648254825
13504449.90201913
13505291.886264017
13517390.332480496
13513317.230045775
13514149.45808899
13512606.935093137
13512206.005333746
13511252.875462614
13510711.612850519
13510033.034848668
13509535.530873578
13509016.362638772
13508581.532181919
13508169.084326399
13507823.410157595
13507494.598985516
13507207.867437823
13506926.825665267
13506689.704746434
13506434.210381031
13506241.321694447
13506002.886760125
13505868.298344141
13505656.493956551
13505616.500578625
13505434.329367332
13505503.830342118
13505339.979287492
13505600.50516847
13505552.865461381
13506204.139936423
13506474.246111521
13507860.882555671
13509186.099486677
13520406.951130047
13516300.485143408
13517268.103268934
13515895.992227258
13515691.18726119
13515041.303669333
13514802.649950355
13514442.19914913
13514222.575539928
13513971.434906349
13513761.727556838
13513534.235910194
13513292.586237371
13513034.187646342
13512769.591642184
13512486.209499825
13512217.396459887
13511915.137849603
13511666.679344058
13511354.944513533
13511155.618274117
13510842.286356917
13510730.737023722
13510434.876650861
13510490.862814872
13510258.783660987
13510629.411531372
13510578.153788723
13511544.040844176
13511945.560702646
13513942.385947101
13515510.927934488
13547239.680735735
13540110.748044863
13541871.574929802
13540010.333901813
13539041.694732754
13537454.933540881
13536178.614005264
13534725.474073587
13533421.093435317
13532080.622116296
13530839.643706931
13529610.07321351
13528472.257155575
13527345.802472496
13526320.039652668
13525285.742072679
13524379.117804814
13523421.825558027
13522640.157802548
13521743.52697389
13521099.898790697
13520244.19303382
13519763.59853944
13518945.87828863
13518696.348888136
13517925.548853107
13517992.722856129
13517346.566106327
13517940.255782921
13517668.051128738
13519321.693290461
13519906.510592563
13496086.636764007
13495787.479386574
13495498.300018404
13495193.50899886
13494888.707883246
13494587.327586589
13494290.423098454
13493975.23445745
13493679.164139938
13493336.106613964
13493046.540753908
13492705.318980388
13492392.781839784
13492048.68844166
13491715.761793859
13491362.983240049
13491011.127181651
13490645.623229288
13490275.774432829
13489895.61434642
13489505.086111862
13489102.809322342
13488687.82396248
13488258.694261106
13487814.454980114
13487353.06500073
13486873.746688308
13486373.811070666
13485852.396524131
13485306.391651502
13484734.693764886
13484133.208019584
13483501.260181932
13482833.376035215
13482129.139336217
13481381.539903117
13480590.486636071
13479747.302790783
13478851.406092919
13477893.591464741
13476871.507417297
13475774.629459344
13474600.497128582
13473335.564147064
13471976.999814279
13470508.153183626
13468925.898987712
13467208.50976304
13465353.054663513
13463333.035363143
13461141.649993766
13458749.588875631
13456147.049596172
13453295.149388641
13450181.985998951
13446762.029623471
13443011.616624711
13438884.253268989
13434331.191542568
13429315.89296305
13423753.189614989
13417606.136987416
13410764.348704144
13403164.116586085
13394681.688228162
13385199.240750363
13374600.668595342
13362664.808255432
13349254.504289886
13334128.584028246
13316971.463879088
13297549.0869024
13275421.822235707
13250140.711794011
13221420.775548408
13188304.445554271
13149829.542446228
13104857.265477879
13052089.230019497
12990055.607155288
12917043.226430891
12831224.155138183
12729638.099360691
12623933.465725031
12475480.41481409
12295339.239221869
12087559.912159413
11852182.009004794
11585412.045227462
11249110.078384787
10840325.187183553
10375657.334691918
13495859.936235772
13495547.924153702
13495251.739691278
13494929.542141903
13494602.193655454
13494291.837930353
13493984.323301027
13493650.783047035
13493340.731760768
13492951.030173838
13492666.238917124
13492294.487769952
13491966.0144458
13491592.330774486
13491233.103933712
13490848.131441722
13490464.399618184
13490064.102671407
13489658.618397433
13489242.255973335
13488812.181739833
13488368.06708183
13487908.381349025
13487431.377438288
13486936.283964451
13486420.23705907
13485883.024172392
13485320.570707642
13484733.259047521
13484115.60753895
13483468.700959519
13482785.304376001
13482067.465598812
13481305.797455762
13480503.261049349
13479648.068100188
13478744.179540658
13477777.531153334
13476752.14696601
13475652.068547582
13474481.075953776
13473220.401525164
13471874.676138518
13470420.752777152
13468863.377636719
13467175.968581598
13465363.263114395
13463392.15148234
13461268.461245684
13458953.535740713
13456449.467537016
13453713.087670274
13450742.331546342
13447488.498236883
13443943.380010959
13440045.590776399
13435789.681971496
13431094.110545455
13425943.276238782
13420247.962045865
13413976.245704046
13407014.533324037
13399314.686390823
13390743.680181898
13381224.644901367
13370569.020507628
13358694.526666773
13345346.76640751
13330380.612284981
13313503.965568025
13294463.624330696
13272871.945087383
13248395.625714712
13220482.71852548
13188814.892880892
13152247.708973974
13109674.315656828
13059977.065239239
13001900.353823721
12934005.182696845
12854840.152435074
12762728.822078206
12655476.076623468
12543999.800009513
12382551.265505033
12192907.568145197
11979809.147755353
11741196.866442984
11468637.129054559
11122374.981304912
10710536.52334198
10253409.457363142
13496005.335757429
13495694.265322337
13495406.824012173
13495082.743106255
13494750.990531798
13494448.026036654
13494149.596104302
13493815.984744087
13493518.345795959
13493103.368901335
13492847.888167141
13492466.859988268
13492150.652732691
13491773.154871836
13491418.522188172
13491031.692346932
13490649.498969367
13490248.431478234
13489844.49501835
13489431.061514223
13489003.16156633
13488561.706555959
13488104.449400613
13487630.095458997
13487137.648415543
13486624.358639123
13486090.014396545
13485530.480127109
13484946.217361879
13484331.671097748
13483688.049943358
13483007.985551219
13482293.668807626
13481535.514896715
13480736.844452264
13479885.679364059
13478986.084137933
13478023.538891593
13477003.07531077
13475907.001734713
13474741.615350235
13473485.274552306
13472145.115393242
13470696.097119508
13469144.976887189
13467462.876962883
13465656.651941035
13463690.682717154
13461575.038766937
13459264.46856695
13456769.018454174
13454037.235089054
13451076.859727167
13447827.386744339
13444290.586737413
13440401.050526991
13436149.540426366
13431464.21496298
13426317.066546518
13420632.472208943
13414361.604496658
13407408.329719869
13399714.436277963
13391141.081082795
13381623.667562412
13370963.913515158
13359091.759521188
13345720.132221591
13330752.279668543
13313833.366626011
13294767.524949545
13273118.876992216
13248580.549807096
13220537.644005988
13188830.750705503
13152070.095857169
13109138.454104494
13058826.483665792
13000042.733397005
12931236.110584406
12851176.338803856
12758255.295936571
12649995.126488976
12542342.457329458
12375128.896357957
12181413.775989167
11967546.49318001
11730366.174610732
11459264.28922464
11105495.562715406
10685405.320178267
10223792.847330103
13496095.699280353
13495785.923249599
13495504.534196561
13495178.288707638
13494839.983504264
13494542.532394992
13494250.979405679
13493914.240319952
13493625.776631003
13493180.819728138
13492953.037347198
13492558.990194587
13492252.73764622
13491867.76765288
13491514.74520441
13491122.196970463
13490737.920629604
13490332.250163378
13489925.784682535
13489510.970380517
13489080.767793814
13488637.289051317
13488177.57036463
13487700.750401003
13487205.566236882
13486689.433028294
13486152.002607413
13485589.277356979
13485001.64394556
13484383.614122003
13483736.30816596
13483052.414276943
13482334.09528074
13481571.824657394
13480768.853421405
13479913.195056504
13479009.087256834
13478041.901764555
13477016.933060355
13475916.203185452
13474746.137493128
13473485.043271704
13472140.502510095
13470686.686200283
13469131.270549521
13467444.863436403
13465635.428055897
13463665.250159999
13461547.843362406
13459233.154729668
13456738.947950628
13454002.931461021
13451046.102607712
13447795.445517572
13444263.34772283
13440379.709679253
13436129.973456029
13431461.040602388
13426318.114972014
13420650.182654263
13414395.582336307
13407466.494745238
13399793.03002293
13391248.334185557
13381772.225758512
13371136.626829719
13359323.981924815
13345985.229748445
13331085.279422468
13314213.909700843
13295221.572557252
13273626.49576994
13249165.931877442
13221164.314448137
13189592.362192804
13152878.497665055
13109790.094753133
13059072.09341017
12999730.371783122
12930156.659397351
12849179.614074457
12755370.413465381
12646046.145905992
12542695.23934631
12368773.088278905
12169160.21782181
11952445.383338748
11714793.243178193
11443274.757803164
11078226.652358249
10645461.322323486
10175269.185322501
13496302.095056243
13495999.464689042
13495725.402609397
13495401.295023067
13495061.534340963
13494772.455312138
13494490.712553483
13494155.189793758
13493879.337436987
13493414.017845958
13493214.313002845
13492813.196270939
13492520.511287127
13492133.584893968
13491787.454782262
13491394.808773406
13491014.715586936
13490610.847463625
13490208.806371814
13489799.460734529
13489374.467628064
13488936.770417962
13488482.895670263
13488012.394018089
13487523.720969154
13487014.61269412
13486484.455460655
13485929.621815613
13485350.134372123
13484740.973901842
13484102.857008208
13483429.10061615
13482721.188444793
13481970.448545851
13481179.289787374
13480336.830104427
13479446.237185637
13478494.17905687
13477484.620506691
13476401.353495883
13475249.268098323
13474008.546611205
13472684.892457487
13471254.653472671
13469724.177105669
13468065.097346855
13466284.739010412
13464347.348159213
13462264.092309335
13459988.964363648
13457535.004322162
13454846.285146451
13451938.316249143
13448742.539053213
13445270.88498999
13441454.162011642
13437274.666368309
13432690.25103127
13427631.360628512
13422065.887204621
13415915.08719507
13409108.086318003
13401564.3108708
13393160.067771655
13383857.598661628
13373384.110495187
13361786.867936179
13348638.801856773
13333995.266586829
13317376.167967178
13298664.192362776
13277388.498621153
13253256.122698611
13225604.824469768
13194499.661013609
13158213.461882312
13115444.782091722
13064811.386679895
13005478.622962452
12935714.888899762
12854382.389764497
12760249.554277543
12650232.44679538
12552054.695635745
12372143.374824572
12166808.648581652
11947201.899915578
11708930.102831727
11436971.531502677
11060262.49906813
10612162.573835311
10131006.959734758
13496487.562428793
13496193.215192858
13495925.151487373
13495603.519698964
13495263.321083551
13494982.048967455
13494708.992776889
13494374.584460881
13494108.229552569
13493626.137090379
13493450.776213894
13493043.583401836
13492762.979214448
13492374.068609556
13492034.057846872
13491641.375886487
13491265.249607891
13490863.117526399
13490465.312868839
13490060.948278308
13489640.871354278
13489208.588653972
13488760.259646337
13488295.819765527
13487813.412657363
13487311.182668604
13486788.118452404
13486241.157348931
13485669.741860215
13485069.662762463
13484440.764860587
13483777.479257876
13483080.16046891
13482341.62884151
13481562.771087971
13480734.470789069
13479858.194554817
13478922.67411397
13477929.878553336
13476865.933972888
13475733.525814846
13474515.450228808
13473215.288392434
13471811.731955625
13470309.610445606
13468681.628482351
13466935.472489573
13465036.02882022
13462992.571537018
13460764.404912347
13458356.957346248
13455726.812204629
13452875.891094636
13449747.809471386
13446349.745255729
13442611.953734428
13438526.911669118
13434032.912898658
13429091.515837668
13423644.62670088
13417630.863035869
13410969.132534076
13403593.773232961
13395380.496899106
13386269.178108905
13376037.748493703
13364680.270962248
13351810.84665163
13337498.597076762
13321191.190895965
13302872.579664193
13282028.579284644
13258312.967048394
13231183.693431845
13200671.310871596
13165035.513812423
13122721.479646327
13072519.992635213
13013388.976581503
12943752.021806313
12862326.058863252
12768090.565231644
12657551.739027178
12564736.176343866
12379055.636452276
12167492.305450683
11944387.444033105
11704544.210934643
11431281.099133277
11041251.44260361
10575799.180375632
10077409.237710884
13496717.854221933
13496434.400583729
13496171.79971166
13495854.241912663
13495515.961438654
13495242.903116517
13494978.741850883
13494646.988165392
13494389.442016805
13493896.627579048
13493742.717575105
13493332.178698029
13493063.554543704
13492674.484408647
13492341.814273121
13491950.832123393
13491580.365809271
13491181.814777309
13490790.177445251
13490392.411317054
13489979.21773207
13489554.280923188
13489113.615000335
13488657.437806871
13488183.580372822
13487690.744296758
13487177.232160719
13486641.049420936
13486080.314255765
13485492.569548916
13484875.790945191
13484226.605220208
13483542.974176304
13482820.846364291
13482057.357489731
13481248.02010492
13480389.506125847
13479475.819658013
13478503.564959472
13477465.110387305
13476355.880165922
13475168.642885068
13473894.718482345
13472526.674683588
13471057.324004652
13469469.284897972
13467762.599958371
13465911.63872442
13463912.63005591
13461745.784258502
13459387.428522589
13456834.152585544
13454042.674075319
13451001.359646045
13447685.215959065
13444044.56694039
13440062.837579245
13435687.900404204
13430871.562709618
13425571.015548266
13419701.356546346
13413237.783309307
13406026.744785972
13398057.837574188
13389154.156712765
13379225.074081717
13368115.596063446
13355627.495001208
13341629.238458108
13325761.375564098
13307868.159868309
13287539.064179812
13264354.227925839
13237812.998421714
13208044.933322959
13173181.356764724
13131495.013734886
13082015.919818465
13023253.15893493
12954128.292719161
12872781.509986768
12778865.002466679
12667847.331567634
12580696.641449038
12389593.01113932
12171903.018895753
11944698.391856924
11702872.842820225
11427776.716787178
11022798.102078041
10539691.984081907
10022423.597617168
13496936.664477648
13496664.849430529
13496406.796615252
13496093.704164248
13495758.255117249
13495492.818834867
13495236.693024704
13494907.75814148
13494656.704494143
13494156.90558422
13494020.977141993
13493608.267457826
13493350.369676488
13492961.493081845
13492635.840645108
13492246.702525076
13491881.934333079
13491487.116635548
13491101.753386667
13490710.432398476
13490304.128926706
13489886.569094766
13489453.541751236
13489005.813069256
13488540.49435954
13488057.333221687
13487553.442468574
13487028.316222904
13486478.478067938
13485903.504707117
13485298.908420045
13484664.630625917
13483994.746605663
13483289.775365056
13482542.043331362
13481752.631554289
13480911.985046757
13480021.591932939
13479069.771457545
13478058.435663505
13476973.505024575
13475816.873507725
13474572.390709216
13473239.946446054
13471805.021207582
13470259.1687572
13468593.117545485
13466793.162868617
13464840.906426365
13462736.063213697
13460435.852445606
13457953.866928125
13455233.380425932
13452280.634984745
13449048.627228092
13445513.08153544
13441636.665428614
13437394.05262365
13432697.680492304
13427565.546671439
13421845.724832648
13415587.180455826
13408552.379970379
13400852.578785978
13392155.387066027
13382559.931224301
13371712.559334315
13359636.810039977
13345964.710006259
13330597.902450131
13313138.53177711
13293395.626019511
13270760.89176905
13244938.73571495
13215905.544651156
13181967.460034594
13141027.615230963
13092415.774961023
13034286.799417047
12965865.292141002
12884900.642441995
12791453.594027944
12680272.662713602
12598781.21570519
12402884.077001544
12178870.365591746
11947216.904854495
11702814.593523277
11425374.59604764
11004049.26558814
10500321.217091842
9963270.6619319897
13497170.281284073
13496910.954143282
13496656.934159659
13496348.760127839
13496017.214429321
13495759.132433837
13495510.500485437
13495184.789983623
13494938.980677724
13494435.565616498
13494314.939795066
13493901.210594397
13493653.305429671
13493265.115170572
13492946.577771379
13492559.684271608
13492201.032949831
13491810.379421843
13491431.778506096
13491047.032093596
13490648.08454214
13490238.095890552
13489813.255923409
13489374.148202673
13488918.062088693
13488444.680097967
13487951.259748304
13487437.235558555
13486899.282860635
13486336.934076322
13485745.878731746
13485125.989111867
13484471.557900533
13483783.106084598
13483052.983989948
13482282.611617895
13481462.140896717
13480593.788044646
13479665.193918452
13478679.580419773
13477621.318114901
13476495.150287222
13475281.292150192
13473985.589880144
13472585.445961183
13471084.211259494
13469459.023974109
13467711.390765294
13465808.939918173
13463765.440506196
13461525.391273221
13459118.174151879
13456466.984155657
13453608.990607318
13450458.997618575
13447038.289672514
13443263.074822618
13439159.709862296
13434585.537233347
13429628.025156062
13424057.333406897
13418007.962294122
13411168.034067275
13403721.959213248
13395262.098185537
13385994.108497912
13375429.762766561
13363770.742966846
13350447.032785671
13335599.373063847
13318586.3132411
13299473.355765998
13277411.890590467
13252367.589097122
13224068.597777084
13191162.964160534
13151015.550824206
13103445.201313494
13046061.511205588
12978611.720204957
12898183.263827182
12805509.66573598
12694399.589596847
12618396.960651586
12418717.082656125
12188202.415059766
11951894.121407414
11704266.08323741
11424075.015165783
10985580.883633411
10460371.593781672
9896211.9090447426
13497394.509608774
13497147.513720367
13496897.348947534
13496593.920361115
13496266.889808068
13496015.338765627
13495773.545077598
13495450.739439374
13495208.910517434
13494703.733614933
13494596.171589009
13494181.692892095
13493942.981505973
13493555.320205227
13493243.662324691
13492858.867735839
13492506.271416321
13492119.713253066
13491747.799205678
13491369.357487874
13490977.601624051
13490575.014018014
13490158.177164255
13489727.570289992
13489280.526578985
13488816.850000411
13488333.68531462
13487830.745863779
13487304.415879454
13486754.759512007
13486176.893016856
13485571.568610445
13484932.179454435
13484260.406012284
13483547.618644552
13482796.410700366
13481995.920032253
13481149.716891753
13480244.203064306
13479284.277738726
13478252.848713553
13477156.645306466
13475973.993610358
13474714.055703392
13473349.492893713
13471892.57800908
13470307.570440454
13468613.916323112
13466760.404556761
13464779.814202596
13462599.134749517
13460268.020247623
13457687.471759444
13454924.692356978
13451852.181447415
13448556.90940034
13444871.231586682
13440916.095044395
13436462.510923387
13431677.813263575
13426257.502574047
13420421.227076078
13413769.761613868
13406584.980118398
13398354.976728782
13389419.782368466
13379137.323525231
13367903.4733462
13354921.222865943
13340619.040369885
13324032.124690747
13305601.34374187
13284090.074738234
13259896.191414962
13232320.542660441
13200537.334657678
13161258.078211229
13114900.768732835
13058380.428271394
12992144.210898004
12912374.943935459
12820647.310640272
12709917.831373135
12639124.299219634
12436922.309179865
12199591.748352613
11958475.679263368
11706898.105392391
11423695.947698405
10966599.322110577
10420756.818610512
9825837.200031722
13497620.866595259
13497385.623245953
13497139.633860044
13496840.482512459
13496518.536790203
13496272.530843198
13496037.226520956
13495716.7360695
13495478.383574635
13494972.281431256
13494876.42020783
13494460.988073416
13494231.111521516
13493843.640102878
13493538.805771081
13493155.939503336
13492809.372016594
13492426.855811138
13492061.535678938
13491689.185806714
13491304.455588372
13490909.092782807
13490500.090357551
13490077.788885958
13489639.632717062
13489185.416438663
13488712.36676041
13488220.199061684
13487705.3865704
13487168.007167881
13486603.362035461
13486012.042284803
13485387.939233933
13484732.211778736
13484037.028172281
13483304.449495271
13482524.263315672
13481700.009000652
13480817.990119949
13479884.222824067
13478879.87366451
13477815.199263301
13476663.573495561
13475441.916198744
13474112.664400553
13472702.363917544
13471157.857215624
13469520.452556701
13467713.734617878
13465801.380854476
13463674.898649719
13461426.745537737
13458909.11948934
13456247.880403617
13453249.362064708
13450076.693299908
13446480.536382552
13442673.184562705
13438328.6552068
13433723.34942249
13428437.919240689
13422818.826838909
13416337.025646541
13409416.983706024
13401400.984233486
13392790.692762468
13382779.898465201
13371948.129216513
13359309.948031783
13345517.725853119
13329361.749255883
13311568.188889043
13290632.335935302
13267229.547698367
13240394.921003496
13209660.2021877
13171305.139491351
13126267.245903559
13070744.385809833
13006063.216439355
12927171.242821623
12836611.874488901
12726830.039836612
12660430.756498538
12458091.459040623
12213115.256333029
11966899.155287534
11710232.391681798
11424343.115004137
10946923.985959491
10380167.813007032
9752539.4619438089
13497838.982097937
13497613.860575493
13497373.209102638
13497077.222513104
13496760.808739386
13496518.925809551
13496289.926891454
13495970.568198605
13495735.729583917
13495228.204643868
13495143.498616088
13494726.158480735
13494505.056746082
13494117.060424125
13493818.955363648
13493437.666989965
13493096.903108222
13492718.261657191
13492359.215435836
13491992.713077134
13491614.637443904
13491226.254319871
13490824.704111939
13490410.453366177
13489980.826012965
13489535.896183347
13489072.651041524
13488591.231777703
13488087.702260707
13487562.796837758
13487011.24475774
13486434.502063956
13485825.5497298
13485186.98228691
13484509.452842608
13483797.164031196
13483037.756957991
13482237.527801635
13481380.120433284
13480474.732325723
13479499.552843783
13478468.128746692
13477351.05690066
13476168.305112846
13474879.659844154
13473514.632175362
13472017.743782777
13470433.181087419
13468682.342188412
13466831.718818428
13464770.352234565
13462595.388528794
13460153.592417946
13457580.179642368
13454669.936583132
13451604.190398572
13448111.854638314
13444434.737017356
13440213.873774139
13435768.222499933
13430631.393708523
13425208.961356582
13418908.045707561
13412231.300043471
13404437.867654096
13396129.56500827
13386397.375737743
13375941.002531892
13363656.17126623
13350329.882865926
13334630.336209973
13317413.917051317
13297066.359874994
13274387.705410531
13248310.005679106
13218499.26815352
13181127.033943078
13137185.831910083
13082851.898557113
13019440.334526228
12941881.615265468
12852611.491651755
12744481.906630231
12680649.347494358
12481311.900265761
12229750.876275271
11978251.318695534
11714792.427444104
11426593.655831877
10926751.285141433
10339319.098685179
9671839.6301443577
13498055.605157267
13497837.68865063
13497604.578970535
13497310.006990025
13496999.369349202
13496760.012908265
13496537.259524075
13496217.464710088
13495986.900509913
13495476.255004555
13495403.193582339
13494982.377426205
13494770.443343317
13494381.075160259
13494089.651317067
13493709.679760013
13493374.373328896
13492999.503180986
13492646.277114782
13492285.520615168
13491913.739031175
13491532.227341522
13491138.044066178
13490731.790775847
13490310.903907012
13489875.166966282
13489422.219640011
13488951.239890348
13488459.73439458
13487946.909921255
13487410.042727757
13486848.044234013
13486257.344121441
13485636.846428549
13484981.779611023
13484291.212800113
13483558.770231159
13482783.988062549
13481958.166327711
13481081.752601583
13480142.890623372
13479144.168901207
13478068.565624349
13476922.487662131
13475681.350577876
13474357.595855052
13472915.233135724
13471377.0802853
13469689.46534357
13467891.593441166
13465903.980006471
13463789.805834532
13461434.095076902
13458932.605063464
13456122.867329797
13453143.413187545
13449769.322562087
13446196.70413713
13442116.52779427
13437799.506359071
13432830.491758673
13427568.725898482
13421470.083049592
13414995.799190823
13407447.953319814
13399397.158224866
13389966.8252596
13379839.470929964
13367929.896704197
13355026.459356232
13339799.165431725
13323125.020943949
13303385.909080284
13281396.744573381
13256089.153837968
13227191.922327785
13190816.095768094
13147993.775263118
13094878.722368572
13032770.524624953
12956570.653851042
12868702.660799775
12762082.494474182
12700535.690413503
12503022.50055032
12247658.477802588
11991067.63984352
11721034.526874831
11429241.202686662
10908969.966483582
10301740.018118778
9583103.2919345535
13498266.98630107
13498051.399866199
13497829.610199869
13497533.93680557
13497229.163458355
13496990.324791102
13496773.964674369
13496451.462720226
13496227.040386256
13495709.825162999
13495650.212732852
13495223.566517193
13495021.579935402
13494629.933959903
13494345.040927617
13493966.260777893
13493635.946352255
13493264.979533613
13492917.194102749
13492562.561049324
13492196.971565409
13491822.393860104
13491435.233787743
13491036.941525063
13490624.73193731
13490198.993039988
13489757.499055132
13489299.825999843
13488823.654381428
13488328.262287199
13487810.506165164
13487269.582036229
13486701.508324182
13486105.347307894
13485475.932408521
13484812.682729119
13484108.928360406
13483364.451169951
13482570.526401952
13481727.64704131
13480824.385451367
13479862.385955255
13478826.500398139
13477720.676183302
13476523.675598411
13475243.825810403
13473851.286997557
13472361.934175087
13470731.531417396
13468988.432015967
13467066.985792099
13465015.165461378
13462736.704331214
13460307.448018789
13457588.437186284
13454694.447986156
13451427.683618566
13447957.559417976
13444005.603625679
13439813.35416262
13434998.601752363
13429891.130587921
13423979.50300928
13417698.423914542
13410379.244323941
13402572.943702159
13393425.65057398
13383610.11215955
13372055.258167081
13359552.470762052
13344776.064677671
13328619.044494327
13309461.483978814
13288148.751581648
13263585.421033129
13235579.49176068
13200192.818896415
13158519.221960377
13106668.958232014
13045978.087353555
12971270.781603601
12885019.39393732
12779980.624402439
12721266.62406313
12525549.121789616
12267287.672179328
12004462.114153823
11728801.787485663
11430746.699208451
10891242.429530691
10264840.429178299
9489790.1300496515
13498479.267973067
13498257.833198961
13498053.237942448
13497753.24552449
13497453.433820618
13497213.325162539
13497003.054101348
13496675.495987657
13496460.000699753
13495931.283406166
13495888.387638524
13495453.024056656
13495262.120868763
13494867.677785344
13494589.161655748
13494212.248585459
13493886.291596925
13493519.423305508
13493176.27550118
13492828.212080767
13492468.911560899
13492103.109499507
13491726.12240627
13491340.343636764
13490942.59610441
13490533.432570506
13490110.545328043
13489672.697703509
13489217.425612334
13488743.811073968
13488249.795483079
13487733.41049986
13487191.534184625
13486622.179041218
13486021.34866762
13485386.973740706
13484713.981717475
13484000.500688074
13483239.508061862
13482428.950651813
13481560.138235657
13480632.505378067
13479634.28688759
13478565.722399566
13477410.83787477
13476172.409934571
13474826.937475473
13473383.169297649
13471806.040563814
13470113.816937659
13468253.168404127
13466258.767302761
13464051.209965775
13461688.773856271
13459053.322013592
13456238.564695291
13453071.351746004
13449696.285275687
13445863.462472834
13441787.145754341
13437115.92331548
13432152.276011147
13426415.06141011
13420314.561745437
13413209.051439954
13405631.995231841
13396749.608671622
13387227.508778799
13376005.262267767
13363881.099589491
13349528.520131702
13333863.261733046
13315254.676198628
13294589.10589648
13270735.705653347
13243580.487076417
13209142.386400765
13168618.312073724
13118027.321581546
13058811.497573653
12985664.308132544
12901184.086020282
12797848.704754094
12741983.793380696
12548447.705637785
12288351.721553123
12019892.465584816
11737967.579460029
11433094.581537519
10874769.661032617
10228488.206932444
9396355.0186601784
13498692.326503081
13498452.412563812
13498274.37364663
13497966.400040044
13497669.539539201
13497426.195622984
13497221.952188253
13496886.006813899
13496684.982586253
13496135.877772138
13496115.778749619
13495668.615174485
13495489.949407779
13495093.332432212
13494820.450361973
13494446.478326438
13494125.253538825
13493765.160214243
13493429.754713161
13493094.824387053
13492748.749393646
13492398.798465734
13492038.074649014
13491671.054261992
13491293.434958085
13490905.908325402
13490505.764443349
13490092.277009446
13489663.068132175
13489216.83767195
13488750.714619925
13488262.831889767
13487749.886190902
13487209.658378283
13486638.178335978
13486033.069668191
13485389.531547753
13484704.986368505
13483973.588828335
13483192.773098962
13482355.421550356
13481459.467145318
13480494.775837934
13479460.208201462
13478341.012659719
13477138.37620393
13475832.572591076
13474429.184126154
13472898.024527436
13471252.163956065
13469446.352898251
13467506.502691552
13465362.857401485
13463064.064974105
13460503.351990668
13457762.883415321
13454684.847812492
13451399.72600092
13447674.811670886
13443708.228014318
13439167.935420549
13434339.841704622
13428762.481024459
13422832.029943135
13415923.275157118
13408561.760937594
13399924.414821494
13390678.013554031
13379764.80278356
13367996.454074031
13354039.494810686
13338837.447092529
13320743.301379012
13300689.021602618
13277505.593058387
13251159.579103274
13217632.207662314
13178242.926413586
13128880.015652947
13071169.238103934
12999613.242401607
12917029.502219081
12815486.7659443
12762438.498139322
12571592.027967041
12310477.978768473
12036575.224143276
11747910.354140652
11435089.054836031
10859047.854270367
10191406.713584246
9297857.1281477679
13498915.722185396
13498635.643239809
13498498.162242226
13498178.86785003
13497879.012187874
13497632.031163331
13497431.591673199
13497085.577342814
13496905.892120751
13496326.6412118
13496337.259352719
13495876.197394613
13495711.579374596
13495315.758100793
13495051.687226254
13494687.535010083
13494376.760723356
13494029.972725639
13493708.648177305
13493393.413012173
13493066.66480081
13492739.931740239
13492404.416779313
13492063.910046313
13491713.87376851
13491354.530838005
13490983.003833199
13490598.020134374
13490196.879246645
13489778.034859844
13489338.958119063
13488877.56243811
13488390.888963945
13487876.589393247
13487331.094485192
13486751.885832351
13486134.593594639
13485476.566686735
13484772.272918649
13484018.846398624
13483209.161091743
13482341.127631025
13481404.792697612
13480399.164504819
13479310.491097828
13478140.241697758
13476869.355459204
13475502.33993593
13474011.077057576
13472406.479628617
13470645.80367784
13468752.426732043
13466663.631105708
13464420.962510848
13461928.661313558
13459258.818762869
13456262.590566393
13453061.695726037
13449434.226503776
13445570.119136471
13441148.810155233
13436448.385445962
13431016.713081555
13425246.098734003
13418517.288939416
13411358.299498936
13402946.033659441
13393958.449494828
13383330.273962541
13371895.781653307
13358305.346988337
13343538.295356734
13325922.507814854
13306444.095081272
13283883.805868996
13258306.372860363
13225638.460675543
13187346.715063365
13139173.978780292
13082974.879308002
13013008.657311622
12932416.30471476
12832726.721019762
12782384.511700455
12594814.111812424
12333524.133522214
12054487.760924246
11758618.973806389
11436902.784685494
10844873.612994976
10155092.950109776
9192072.6800630316
13499149.50861126
13498800.504994575
13498725.982439691
13498396.226687847
13498087.327962905
13497835.670608386
13497639.571224982
13497281.116733693
13497136.815496732
13496502.913483039
13496560.711096201
13496086.459797988
13495941.290369773
13495556.172162652
13495307.691846512
13494964.179885786
13494673.904206092
13494353.439292708
13494056.590009574
13493772.510214644
13493474.750746226
13493178.054863883
13492871.13206506
13492558.68424239
13492235.674702566
13491902.469647938
13491556.227851858
13491195.794708878
13490818.719197541
13490423.344863014
13490007.251666175
13489568.426543063
13489104.049804134
13488611.818853326
13488088.350872109
13487531.13799865
13486936.017597537
13486300.344704442
13485618.882545399
13484888.915449191
13484103.603600517
13483260.790989598
13482351.05127033
13481373.230109556
13480313.875454022
13479173.802118126
13477934.242048098
13476599.95702566
13475142.475878809
13473574.5345286
13471852.518229386
13470003.614886487
13467961.79519026
13465772.066454103
13463334.881149935
13460726.506882096
13457798.254836228
13454676.702170392
13451138.109929761
13447371.996012831
13443057.658038409
13438476.234487157
13433176.305772474
13427556.127674
13420990.746550586
13414021.767734965
13405814.830080101
13397069.914461931
13386702.894509966
13375581.160967194
13362328.127437832
13347968.681683725
13330794.740732508
13311857.082266934
13289873.497207789
13265019.669604447
13233153.480233436
13195918.363842016
13148885.02543268
13094182.386725692
13025778.148970675
12947246.727948135
12849452.365897082
12801651.120493611
12617990.749337804
12357276.287354138
12073370.228679122
11769866.762863338
11438205.123762632
10831920.497254144
10121362.468223842
9078172.5262148269
13499413.012965603
13498947.915136155
13498973.450410947
13498640.7536675
13498309.253688863
13498054.960831754
13497853.124991288
13497482.443018779
13497391.56824832
13496691.481414866
13496814.01133748
13496345.058447804
13496232.379151575
13495878.676769555
13495658.496461408
13495351.119462803
13495089.57167899
13494800.626975451
13494531.031257255
13494277.446376851
13494006.28373871
13493736.325256975
13493454.817670535
13493166.717024758
13492867.151372975
13492556.402587105
13492231.848600654
13491892.296297671
13491535.487847472
13491159.776056675
13490762.887661194
13490342.83153932
13489896.957152702
13489423.003588956
13488917.734466685
13488378.706662772
13487801.867029469
13487184.712214097
13486522.0185277
13485811.374390915
13485045.771179171
13484223.562844276
13483334.981093273
13482379.749470266
13481343.947978076
13480229.698250165
13479017.215101644
13477713.024250502
13476287.392486386
13474755.06790489
13473070.044084502
13471261.697945686
13469259.94643699
13467116.936269846
13464726.863013461
13462174.997743534
13459308.360094229
13456254.789616076
13452789.180786429
13449107.976199456
13444891.266064011
13440424.175037667
13435242.586578978
13429761.773869958
13423344.119800169
13416553.071580391
13408532.691493314
13400014.624499012
13389885.988681456
13379056.350742683
13366112.884578809
13352134.04314125
13335366.702310301
13316934.916866543
13295478.984282047
13271306.612814654
13240179.019400105
13203954.208221741
13157992.07021844
13104769.740790661
13037868.678026449
12961443.400518408
12865546.993283819
12820070.745944479
12641035.789542213
12381778.781420162
12093027.602420691
11781480.097262545
11438734.118167106
10820002.076648619
10091856.424317852
8954620.2599580064
13499707.368994184
13499076.360729322
13499243.178748321
13498933.620902915
13498570.613049712
13498335.898345402
13498145.684908098
13497775.892706888
13497764.055936694
13497003.376922576
13497200.092538195
13496749.684845863
13496665.912235087
13496347.59736708
13496150.77620226
13495876.196369808
13495639.504095772
13495378.925286004
13495132.570207814
13494906.402727894
13494658.863974465
13494411.939443316
13494152.052439542
13493884.311692581
13493604.099976566
13493311.671992179
13493004.620352704
13492681.798204413
13492341.121015433
13491980.955879558
13491599.13249475
13491193.73586344
13490762.216380332
13490302.42298021
13489811.196085161
13489286.271995323
13488723.584931867
13488120.945619347
13487472.95994493
13486777.784469794
13486027.955861991
13485222.713010488
13484351.445937691
13483415.252140842
13482398.882095028
13481306.414315904
13480115.997124264
13478837.13538518
13477437.000864467
13475934.878150858
13474280.33204958
13472509.022666644
13470545.095527578
13468447.095291542
13466103.773549052
13463604.506700844
13460790.717404639
13457799.037129974
13454396.636041116
13450795.983008061
13446659.32293042
13442286.162253978
13437212.817256225
13431866.52709575
13425581.267061407
13418955.098291216
13411103.804986177
13402796.983525511
13392885.510173969
13382327.593057506
13369667.654304495
13356042.786307318
13339648.68734351
13321688.084676106
13300710.726297857
13277175.792356925
13246730.526864821
13211470.268900963
13166502.411974698
13114726.403832277
13049260.829321899
12974965.7594418
12880932.862334263
12837538.61940138
12663826.078699671
12406738.242100403
12113393.060271695
11793478.333121937
11438318.861044934
10807673.855847275
10066255.317414809
8835447.8542626705
13500067.804896675
13499258.484283075
13499623.906522175
13499381.593793491
13498980.475026108
13498764.223853797
13498586.841508687
13498233.105635544
13498300.384090999
13497480.203391287
13497743.972962633
13497320.347790537
13497264.297103375
13496987.325274402
13496817.384324893
13496578.67018486
13496367.334593428
13496134.629272075
13495910.601457652
13495705.962714219
13495476.905687505
13495247.358469689
13495003.723411441
13494750.842814023
13494484.510583615
13494204.851592824
13493909.709076606
13493597.967241969
13493267.711918388
13492917.389762588
13492544.941663252
13492148.553370057
13491725.758441899
13491274.55988211
13490791.802003093
13490275.494011771
13489721.411056282
13489127.856511632
13488488.998945659
13487803.874465788
13487064.156645374
13486270.493118523
13485410.811943224
13484488.345104076
13483485.670031201
13482409.91372049
13481235.923260188
13479977.646838795
13478597.271783596
13477120.786553349
13475489.99495255
13473750.674418081
13471815.092544103
13469757.248025198
13467448.64189864
13465001.428411871
13462230.912906725
13459305.877395023
13455956.581120806
13452435.161544679
13448359.2858043
13444081.34303901
13439095.842983225
13433856.321488956
13427694.465420475
13421223.761589829
13413525.652892083
13405414.208318494
13395700.821262203
13385394.339489963
13372994.624134697
13359697.602356005
13343646.728542693
13326123.885845022
13305581.259051671
13282639.243720913
13252820.597903332
13218473.758015009
13174422.500146002
13124047.814608287
13059930.645283522
12987763.873528905
12895556.33301259
12853912.572963251
12686281.078945387
12432157.850504192
12134377.405620469
11805830.567748908
11436564.318080999
10796703.673534809
10035362.425219657
8715735.8702106681
13500675.733212419
13499715.923979355
13500306.027791804
13500182.278145354
13499716.581530998
13499503.30450286
13499319.027331686
13498962.600891851
13499091.019281015
13498223.537219862
13498534.238099558
13498142.230767174
13498102.419261374
13497860.098196624
13497705.524798289
13497492.252069682
13497298.051765265
13497081.718904052
13496866.246114448
13496669.580014719
13496449.357375646
13496227.407902056
13495991.112456737
13495744.668427624
13495484.272176322
13495209.872656256
13494919.493603693
13494612.033905901
13494285.68528782
13493938.957352819
13493569.853963394
13493176.669243434
13492756.959691843
13492308.928105026
13491829.325053293
13491316.548694784
13490766.041775029
13490176.821740823
13489542.321889356
13488862.825854225
13488128.645380819
13487342.396232277
13486489.87179124
13485577.137269873
13484583.741990441
13483520.757116904
13482358.652549017
13481117.083581753
13479751.674763469
13478297.111001447
13476685.062251227
13474974.315851906
13473062.220258947
13471040.750026314
13468762.091199005
13466360.958137788
13463627.462547865
13460761.023305424
13457458.529185412
13454013.423208285
13449996.564642211
13445819.641012393
13440896.256011993
13435770.139088497
13429702.908394197
13423364.994147934
13415808.742275231
13407877.091721071
13398345.485660283
13388269.247293489
13376109.330680914
13363112.984078363
13347378.943166414
13330259.427372809
13310110.283833904
13287715.816730434
13258470.100568516
13224983.718422972
13181769.906010132
13132748.117592944
13069873.97188512
12999836.209832847
12909392.478210317
12869187.702334898
12708387.068655865
12457672.58004046
12155816.491845047
11818593.318589849
11433172.781702185
10785867.632583676
10014622.542524321
8572788.2691633515
13501790.848655678
13500754.814136105
13501447.264301637
13501469.943735044
13500889.142367609
13500623.426505901
13500405.772425357
13500001.138506949
13500159.32293475
13499278.147581697
13499617.208727133
13499260.469902413
13499230.693339964
13499020.326297153
13498879.316603668
13498682.435267398
13498491.62429674
13498281.123754751
13498067.974869687
13497876.13980834
13497657.49181297
13497436.088236874
13497199.488864668
13496951.619089773
13496689.06404423
13496411.691302812
13496117.714720894
13495806.095442837
13495475.145209471
13495123.488383716
13494749.191230481
13494350.719562653
13493925.602626782
13493472.356235445
13492987.506565455
13492470.035550021
13491914.805500487
13491321.877548596
13490683.539072352
13490001.806898419
13489265.104400251
13488478.558053076
13487625.303096
13486714.734473934
13485722.858049611
13484665.226809418
13483507.321555784
13482275.195561331
13480916.993543599
13479477.115855139
13477875.795203567
13476186.12585949
13474289.22795813
13472296.075348325
13470038.682268202
13467675.101466309
13464970.231976785
13462153.064106178
13458888.83436819
13455506.181802936
13451540.70457332
13447442.302296193
13442590.812102128
13437577.478994021
13431588.358048048
13425364.313557349
13417928.117919527
13410154.826822782
13400788.99179586
13390918.204444371
13378979.894793415
13366253.903918108
13350813.650457753
13334061.42943513
13314272.940161413
13292375.374458784
13263658.587223137
13230975.397887042
13188529.265358482
13140806.076705385
13079066.619810898
13011143.616305355
12922358.173920402
12883302.334524959
12729849.270014657
12483456.328046758
12177718.937919853
11831198.937571757
11428603.011202047
10774359.552592184
9992540.8285294026
8438581.2084735241
13503676.35205118
13503035.459811784
13503472.334816875
13503696.098223362
13502982.887604317
13502557.465307042
13502238.065179778
13501666.309701281
13501690.313479008
13500785.663477048
13501089.995468095
13500732.819994101
13500674.68266857
13500455.838972634
13500288.514282454
13500076.009446779
13499865.451753804
13499646.941416044
13499424.508392725
13499219.540160382
13498988.75840931
13498754.527471434
13498505.556498645
13498245.042832892
13497969.917933293
13497679.89078713
13497373.271238897
13497049.038765686
13496705.552523674
13496341.534364186
13495955.043320531
13495544.744537624
13495108.038217273
13494643.845513314
13494148.289035857
13493621.155547744
13493056.412662372
13492455.544583233
13491809.224024227
13491121.704525571
13490378.970672887
13489589.126379363
13488732.238882484
13487821.317314694
13486828.59883876
13485774.171059176
13484618.470076447
13483393.949435255
13482041.082037985
13480614.408901948
13479021.92107618
13477352.000510583
13475468.421942534
13473502.066806665
13471265.384338344
13468937.175019134
13466260.329494761
13463488.818672944
13460262.191869076
13456937.178541927
13453022.36934031
13448994.819170693
13444211.730122561
13439280.203726474
13433391.868555464
13427286.995497383
13419956.359381329
13412317.566350233
13403103.000060057
13393409.829507932
13381676.609983083
13369190.273145661
13354024.874663556
13337601.964731436
13318141.594913935
13296689.78000308
13268446.138217064
13236509.694944257
13194744.473340187
13148259.509554535
13087533.714630434
13021691.849501837
12934448.49127336
12896235.143700348
12750628.456111137
12509212.025534544
12200001.123740049
11843493.382306309
11422636.240753228
10761085.249863826
9970184.8748475704
8292177.9097786089
13506588.321297158
13506681.743398765
13506243.839618027
13506683.471231306
13505843.155425197
13505059.254942786
13504512.159885321
13503659.377928564
13503566.244951675
13502733.990573332
13503015.782242922
13502655.850204328
13502564.487869641
13502331.425793111
13502135.378554618
13501909.081432668
13501680.725040771
13501447.252226578
13501206.666837886
13500979.316745138
13500725.463595867
13500467.426837429
13500194.49017532
13499909.485246863
13499609.66198278
13499294.64564155
13498962.868960341
13498613.356126402
13498244.50370352
13497855.181137899
13497443.360358479
13497008.038998134
13496546.292619735
13496057.724005725
13495537.724586891
13494987.269300096
13494398.953435101
13493776.243459953
13493107.613813533
13492400.006195104
13491636.861464772
13490828.952538945
13489954.046124293
13489027.53431063
13488019.410285989
13486952.566312118
13485784.199947795
13484551.393966034
13483188.443296239
13481758.530578114
13480158.80660769
13478490.918431994
13476604.381867258
13474644.830943404
13472409.016597336
13470094.057286372
13467424.070059467
13464675.02879696
13461462.816963978
13458171.749514878
13454280.854925552
13450302.920720054
13445554.645063072
13440695.918901587
13434860.846178321
13428859.532568561
13421620.579420783
13414070.889913298
13404986.693323454
13395422.56473011
13383873.522147471
13371564.613825532
13356640.921304313
13340484.178387841
13321311.101059616
13300227.035218656
13272420.663247645
13241133.61363462
13199998.824589442
13154632.995339105
13094844.785250286
13030999.982034588
12945201.439399306
12907576.722472418
12770205.267605241
12534433.412444921
12222744.528903451
11855169.330581708
11416249.671280943
10746144.331829149
9937827.2431987189
8141314.175859333
13510777.028102847
13514205.960279444
13511175.540758599
13511689.879366798
13511047.767720582
13509769.711851154
13508701.896393508
13507002.414890265
13506120.992326111
13505191.591836125
13505335.086209275
13504865.948886281
13504664.681553122
13504355.663220972
13504084.388458231
13503794.337404819
13503506.046497721
13503224.23304751
13502937.071386039
13502660.685151676
13502361.197746567
13502059.693306249
13501745.839156559
13501421.485341359
13501083.935507497
13500732.520685414
13500365.551868815
13499981.971633133
13499580.018554274
13499158.66791945
13498715.627643079
13498250.230170241
13497759.09679622
13497242.487413991
13496694.94580966
13496118.767182982
13495504.983152052
13494859.165356841
13494167.554625532
13493439.647132335
13492656.504241792
13491831.161632998
13490939.687125674
13489998.975702286
13488977.866481105
13487900.577789903
13486722.676680325
13485484.071771212
13484114.475417294
13482684.649112072
13481080.871699311
13479419.834512645
13477532.26318023
13475585.993972789
13473362.467297081
13471067.675854549
13468417.511772802
13465696.130207676
13462513.860322401
13459258.322719362
13455411.787902554
13451476.866789082
13446793.730330469
13441986.39560074
13436248.042111807
13430302.470455101
13423163.891611103
13415710.004406761
13406768.085865544
13397321.961331209
13385951.534710508
13373819.145184493
13359154.292304209
13343243.561492518
13324313.390376879
13303535.470870335
13276088.612068692
13245354.658307901
13204743.171475399
13160349.017637691
13101380.064333785
13039338.265133213
12954905.00083939
12917224.576824412
12788215.453902222
12558753.145423612
12245411.091204101
11866405.526868403
11409817.479316408
10731731.271198474
9907330.6190592218
7988154.5023324564
13517171.174718298
13521997.203095851
13515951.096530983
13516963.510046458
13516294.334602103
13514128.183132323
13512391.710224809
13510086.719572825
13509125.58447274
13508420.734995082
13508626.314109374
13508086.171220602
13507816.165059978
13507446.608526478
13507104.658907069
13506750.147900227
13506395.540349048
13506056.773799418
13505711.793173185
13505370.109881213
13505004.031451609
13504635.681887699
13504254.960356262
13503863.439903839
13503458.613598702
13503039.608501548
13502604.809133271
13502153.114815013
13501682.635045843
13501192.557148118
13500680.194469739
13500145.486613493
13499584.255506501
13498997.973887186
13498379.739601009
13497733.856125584
13497049.136886183
13496333.834806731
13495571.811148657
13494774.583512938
13493922.598559085
13493028.105555024
13492069.80771278
13491060.635258131
13489974.574158901
13488830.197478399
13487588.408226587
13486285.113999864
13484851.438145665
13483360.113988411
13481691.75266863
13479971.173176616
13478020.658219615
13476014.848290816
13473730.593874862
13471374.644853828
13468667.433838807
13465884.438764133
13462650.634444859
13459330.71759852
13455441.087506594
13451437.038668664
13446723.359416969
13441839.071349254
13436044.033142485
13430023.170599641
13422859.608652219
13415331.02410063
13406363.314864682
13396851.596289009
13385475.505784037
13373267.593477271
13358559.254402727
13342604.190273147
13323585.07392752
13302796.089017479
13275318.751590261
13244749.697293656
13204151.92547485
13160242.209508833
13101393.600360896
13040568.567976514
12956667.631571511
12918433.947409749
12796559.870201204
12572947.615301142
12259054.176873308
11869222.62110628
11394926.679182125
10710266.241569363
9874479.4137633815
7835202.179666304
13524745.079420961
13548621.291866658
13527870.80914275
13527130.487778472
13529160.861436976
13526613.592597302
13523001.924579838
13517118.617754312
13512992.695197118
13511483.903556062
13511845.7007987
13511175.616385272
13510697.977034725
13510138.753395103
13509603.499576457
13509068.303779988
13508540.960652754
13508038.843403026
13507537.347217377
13507038.264153756
13506520.399764325
13506004.890885351
13505482.406242546
13504953.315182878
13504415.0108092
13503866.537050903
13503305.957207426
13502732.409454223
13502143.654344652
13501539.283112835
13500916.230820956
13500274.92063106
13499610.813000197
13498925.81845771
13498212.807026867
13497476.292246439
13496705.095649581
13495907.378131287
13495067.072513718
13494195.726713711
13493273.132923882
13492312.749636386
13491290.737706011
13490223.388881553
13489079.71238056
13487883.906319559
13486590.24382999
13485240.400949737
13483761.097966295
13482225.264994416
13480518.872259121
13478752.887521686
13476773.260804417
13474717.321745535
13472390.926375933
13469991.699388014
13467239.572401263
13464410.744465576
13461127.127140295
13457757.780767687
13453809.487241732
13449751.733519856
13444964.358561663
13440023.313101972
13434157.809925156
13428069.595571553
13420809.650710599
13413199.179159507
13404107.861012753
13394486.792230373
13382936.240004627
13370603.945656244
13355694.332576374
13339576.730410608
13320168.677611157
13299005.678990636
13271079.666149145
13240134.950451665
13199186.666547673
13155033.851251939
13096267.424192624
13035837.238128502
12953260.343215873
12910932.452401919
12805241.751223406
12603752.574390316
12298262.896630945
11891137.036529701
11379466.542932134
10689864.741405079
9890667.6402302887
7479318.776948222
9847452.1890388634
9249172.0115791094
8574175.4460044317
7903890.3106145142
7273796.7997450568
6656829.5309508722
6071122.4638909241
5528229.059867572
5020820.4261287889
4543581.1405708725
4097716.3511024383
3704375.8550393619
3362707.3400070979
3053971.0644720937
2780163.9975837716
2548928.9662501561
2351210.6964539555
2179646.6381800771
2035608.2203718633
1915318.492094453
1813575.6475144261
1730268.5751955332
1655265.6156898635
1591445.7466043897
1532682.2007901757
1477801.4898336392
1424122.1512797042
1369329.3726472864
1316310.585905215
1262561.7258568075
1205755.7422425477
1147300.9323184872
1091620.3777711811
1036748.1101768394
979442.08763700479
924212.15156282205
871489.71532648872
819573.30949190049
770367.35612438456
737946.08007564745
9739019.611444192
9169284.3409564551
8537949.0232294127
7910684.645967871
7323061.005181944
6755236.7801345587
6222827.8837462515
5721771.1789127598
5240697.9511386193
4795282.5906357188
4390020.7639870131
4012619.5122398972
3665161.0579211088
3366503.6823043302
3107377.91491749
2868081.8879026705
2650322.4617920881
2467703.4013527753
2314591.5324154743
2179518.3970052511
2053516.9415828916
1945945.2944218647
1855300.0910823706
1776704.1820823257
1703224.7051542518
1631008.1256766208
1565926.3322391878
1505542.4199573267
1448670.987307824
1389360.9693548223
1329912.4300641993
1273840.7915122595
1217894.208950059
1162321.0428637657
1106380.8822833239
1051780.4745461028
999599.29471236037
947660.80516206997
897995.15547591343
849518.52201188228
9702851.2048494481
9126096.0469048321
8487457.5604024269
7862419.166852966
7282845.5471429918
6714074.3956255885
6178391.5802286454
5685299.2945676781
5217265.6348505933
4779050.6659237649
4370086.7854455635
3995381.0744944038
3666377.7601405168
3379887.0899235895
3119259.2962268847
2879068.5173855266
2667882.9308803272
2488732.6623678729
2335250.6862491844
2202678.3623914476
2074972.0687322039
1964810.112133855
1870324.1974068903
1787316.1482150187
1714822.8103829967
1641507.917195325
1572482.744303379
1509474.732441013
1450019.8903728626
1392465.1620357477
1331202.6275024419
1273705.1129253737
1218965.6046237014
1163050.8191102562
1107582.8458364652
1054103.9209861474
1001941.2218781543
950723.89111264551
902679.13052428316
859637.69088037871
9641927.0090445317
9058385.5437954497
8418619.2844406255
7789927.4710483029
7214960.2390354183
6664930.9579062322
6136931.8666923819
5640778.1512020417
5182911.1031788429
4762511.9249700643
4364322.9164569033
3995782.8295647143
3672648.3210220304
3393391.4481614162
3146682.5593939815
2918086.7750201495
2710673.8485238287
2533619.4857523595
2382457.655909963
2251716.6163114305
2132157.7855511913
2018309.9365701703
1922917.012238137
1838502.8342682747
1758887.9850882883
1683044.0099841869
1611596.0360237048
1544050.8534609519
1480586.0876856225
1419325.268263079
1357517.7364514172
1296173.1436710951
1238160.467450955
1183201.7587192266
1128700.6949600859
1072402.980479145
1019984.5429105598
969330.42281473533
921260.60916684521
877331.08924453636
9582930.1510152109
8977431.9922505151
8329891.2833678639
7713813.5867635421
7132483.8271753071
6568030.2502977438
6060551.807105192
5581782.8183180392
5115883.9628989901
4696280.6431472134
4317071.9790497888
3964584.6884429767
3648616.8116060882
3380868.4861485464
3143598.9060950466
2919220.0845974311
2721577.1189319552
2557287.700060721
2412744.0066078212
2275581.0778064909
2152006.2515981761
2045955.3887539802
1952369.9439575947
1863198.7196184464
1776392.9583256941
1696703.4186061849
1624010.6301041238
1556769.0748454281
1488221.1120828874
1420981.4939525814
1359173.2416905882
1298258.6972435436
1239574.1866400011
1181017.8521046913
1124879.2022149251
1070575.99320283
1017906.2086574868
966538.72302685492
919530.50849918532
876943.76534850663
9513491.5604472142
8892118.6171651408
8223381.1467072247
7604496.9237378975
7045015.2924634339
6479107.4592300113
5954568.7242247267
5492558.550478315
5050916.1003034441
4635839.9113916354
4255917.3182170987
3916465.8929047771
3623619.0493172025
3369143.1660434925
3134995.3597902344
2920087.8931292705
2734128.1810174398
2575771.8212676626
2437411.302041648
2304936.5395752792
2182109.9931064141
2073036.3528727719
1976322.8925874659
1889288.9048685764
1801345.9625599645
1716709.6105309557
1639640.7334302927
1568022.2328618136
1497706.9437279643
1429553.78679153
1364243.4690643472
1300457.1657009607
1241170.57927767
1182617.132180979
1125023.6497117816
1069832.8018205154
1017805.1784811224
966567.16279113735
919755.83717592969
877546.79078678507
9431341.5682714842
8791199.5573229901
8120379.0827049855
7489802.4237335175
6921612.0050865011
6375868.8995492011
5860283.0211679796
5388361.5526961312
4957900.9127286868
4565740.1906241942
4196655.4060234344
3866430.4720012574
3587945.4937574686
3347590.1193342214
3127789.854009592
2923480.0891784322
2744416.8982273308
2590327.9197105006
2455073.1075014621
2330593.7978389561
2207268.297936236
2096736.9767527371
1996895.2473869175
1905127.1440961205
1817950.5016185683
1729143.0485998411
1650117.0735244991
1573883.7292793691
1500241.2556330389
1430884.7125938034
1362699.4147665158
1298108.2352729784
1237664.593923877
1178008.3079832112
1120272.3202729698
1064711.8280545489
1012546.1640962134
961540.30701341096
915353.31839752675
873897.55390404246
9347438.3948934246
8673825.0758353826
7995015.6404256932
7378026.0113757011
6801783.157799704
6247792.7334271846
5751688.4119898984
5290005.5842770468
4863266.3449714165
4485807.8018677169
4136087.6170248394
3820877.3188650147
3552585.0282192575
3324258.8387844497
3121363.2931878353
2928860.1351553863
2756382.6464443062
2606248.6277183066
2472297.2517485064
2351194.4478116664
2230213.449022844
2117475.9162613889
2015774.6295193406
1920972.6890753813
1828132.2568531921
1739865.1265097558
1657981.4127509559
1576289.4020737961
1501432.3544198431
1431461.9392232187
1360867.962440592
1294110.7382047237
1233445.757157444
1173811.2042513164
1115051.9973314584
1059481.5703656187
1007482.80027689
956477.34924004786
910818.40212212678
869927.89148930321
9255405.8776828945
8560829.7945380099
7856273.1789815184
7242224.0145883514
6685986.7484928127
6125555.2693083072
5624589.981980443
5186350.0835577836
4776264.8904764289
4407125.5241639847
4070999.0966763813
3773971.3701650994
3524081.253513054
3309314.2797574089
3116382.7612039722
2931994.1410810854
2767408.66928933
2622556.6039058622
2490905.9775345731
2370411.0560986516
2246524.4047776377
2133326.2883103783
2030357.0822234596
1933461.7040700905
1834904.7461499111
1745679.1651706211
1661704.0782369319
1577308.6007656264
1499980.5367141268
1428819.8399092851
1357338.3892673429
1289739.3717874198
1227970.3111081747
1167738.4122239535
1108982.0215268561
1052670.5467972332
1000893.1321166197
950399.37945312285
904980.71673011302
864799.77871284075
9149865.3613027576
8435500.349261336
7728891.9552001245
7100373.3828708613
6543874.9264338687
6003245.4969564918
5509783.8297789125
5075671.0887988284
4681381.0181489037
4332379.669488105
4015831.4750344977
3733801.8017479847
3498875.9886100446
3296771.4427075619
3114874.6477269242
2938188.0416475036
2779238.7351725744
2638006.1933639571
2508286.8927417304
2385335.4907017504
2259189.890697611
2146154.9976087539
2042036.8400391471
1940884.284119281
1838942.9829057928
1748407.5068384425
1663174.2763497781
1576710.9171790991
1497001.4602405981
1424592.0293541539
1353585.8947021249
1284134.3886144359
1221686.0903320031
1161605.9025149667
1102266.4464179524
1045913.2766261918
994304.58806482761
943987.40900069172
898837.61447176302
859530.82343818445
9039820.7953879368
8296411.2366266781
7586643.8983972864
6972295.7923370516
6405057.9781003809
5860032.9132218873
5390125.3841079511
4982754.3792528268
4591315.1663408242
4259757.1988051655
3964006.7692599469
3699801.5132985893
3478592.834133809
3288977.2096809009
3115029.8301177518
2944301.9359851247
2790471.2377899773
2652548.9095857898
2524152.7971719494
2394312.9514376079
2268483.2335653924
2155606.8360579191
2050332.9662046293
1943295.6745667174
1840642.7834536312
1748755.0946893564
1662318.6314601819
1574329.819822744
1493178.4765182103
1419542.8968818083
1348006.8747967002
1278761.5760526003
1214493.9761966069
1154885.8929780445
1095688.6717613053
1038713.2482838449
987123.88339850213
937615.19448637916
892342.45387790259
854011.41425836505
8927791.5965064447
8154123.129906347
7431253.9226061702
6833347.8805660354
6278839.3282892648
5728329.0371972341
5267354.0403776774
4883011.9807754597
4510819.4030684056
4196320.5566473883
3918900.2083499776
3671382.8043206213
3465958.7882038811
3287777.6157358014
3117937.0575065673
2951750.63893185
2801034.5962583739
2664890.1832385636
2535628.8644707031
2401319.1967895818
2276007.7866266421
2162405.9485614737
2054122.587795327
1943911.0193556356
1841253.6350572044
1748158.1725183132
1659831.4831770065
1570591.2934873186
1488769.4651935638
1414298.9362188745
1342324.4883134977
1272777.3910135583
1207776.8572708059
1148217.0416581803
1088645.199134442
1032679.3846107649
980160.25730542396
931422.6043741178
885905.67065257917
849008.14930036967
8807317.1757818721
8016516.5739738708
7277373.6927523836
6677901.5249549933
6149962.8563844543
5609635.1947055506
5151217.1345972056
4785255.1092154002
4442964.3089477448
4138622.8608271969
3875764.8466277393
3651165.7790667932
3460908.5716144079
3287609.402599467
3119242.7509342581
2958828.3595801196
2812100.2911464144
2676384.5548473415
2541580.6638427689
2406527.9064526497
2281075.2191155464
2165749.8151135873
2055750.5286202435
1943910.3860552285
1839686.3215924113
1744956.4250185408
1656241.7764432302
1567152.8534621727
1484082.7166393027
1409275.0489706455
1335709.4707147751
1267237.9538710946
1201263.1487943628
1141757.7035674327
1082624.5452803629
1026414.1708737041
974015.59953604371
925475.18140849739
879811.22192327667
844453.95029680815
8673481.1814433206
7873812.6389356498
7134234.8332764469
6524571.2790056979
6005325.7821797067
5492615.1557679577
5046830.9115120433
4690827.2695851354
4373348.0693087503
4096243.3362851413
3847369.8649901967
3636004.7975572478
3455156.9439547332
3290573.8074414283
3126819.5936375759
2967567.5252631642
2819950.715806332
2682425.4821905312
2548374.5879381327
2411662.5368712214
2283558.1376382234
2165871.6600013124
2055388.8358244575
1943650.7150607128
1838066.6749104708
1742624.6280661866
1651125.6893607229
1563216.5670160598
1479599.2217052307
1403828.9055554706
1330366.0795353022
1261505.0859674204
1195501.0552569181
1135912.5026602324
1076971.0432995441
1020740.6272878358
968616.8928251405
920134.01444205258
874402.98975863843
840460.54356990859
8535738.3898218013
7720180.2769194832
6990397.0091006728
6385413.6415272374
5866844.2202504175
5366846.7330866884
4953558.6975646401
4611646.9518528208
4310418.677502417
4053493.0629008063
3829167.9758412493
3627700.2618853706
3453041.8511612853
3292007.8018806153
3133152.092762012
2973873.8093158305
2825240.7754593398
2685921.1950950525
2551113.1000468927
2413368.8104973282
2284373.0088684806
2165733.9164572223
2053759.0300449003
1940074.3293021724
1834353.1902896105
1739262.2402563547
1647191.373990231
1557181.0069704112
1474283.7266155963
1399073.7871704742
1324317.3864299413
1255357.790169782
1190293.3181783792
1130429.8152926429
1071296.6966293796
1015166.4525641606
963377.12494664919
914994.49970021192
869554.14414512739
836935.60074111866
8398706.6157412603
7560935.6112649059
6836386.6054426078
6251290.8614472887
5738538.1084444895
5249402.8338289466
4857154.3496502284
4545671.5447834963
4259972.1747103008
4020499.9364306312
3812913.5293387892
3624579.9048268329
3453183.8561137202
3294825.9591108118
3137295.4602337349
2978577.0061782384
2829353.7125790929
2688396.512707971
2551407.4768137913
2412472.325258276
2284016.8906702572
2165146.453355643
2047863.3360312891
1937180.3667476578
1832903.412530975
1733712.4482175061
1640493.8484955472
1553821.364904949
1469035.6907930793
1392230.7012572561
1319174.2760023249
1250405.3101432926
1184454.3745307405
1124610.0475473593
1066146.7767125764
1009895.8002209442
958297.69137616688
909971.26785151358
864854.08544712397
834055.61733292835
8262052.768714577
7402897.8108265493
6679876.7738243015
6117526.5302978344
5619307.2944344636
5142645.661940868
4768894.9013942908
4484376.4105985407
4220936.8019719347
3996274.4838171839
3800363.1834058468
3623046.6463567633
3454441.8663818147
3297524.8155608382
3139663.9561536028
2979565.0821444932
2829944.3989897054
2689168.0829717163
2549719.3759124717
2409134.8836759338
2281155.7288053823
2162278.7719349316
2044391.015069203
1931518.0269360454
1826592.1333553097
1730061.4773399751
1635779.4336374844
1546754.2621335762
1463730.507421013
1387689.89298574
1313361.1039906149
1244283.5306395972
1179358.8731100031
1119439.2524303265
1060887.2125161667
1004653.7497971306
953490.17394439969
905185.89046113263
860515.87365254434
832132.23611677147
8125979.4505268745
7246713.3351953588
6525379.2633605069
5983436.495950765
5504569.140457565
5042995.6408299264
4693782.9305034578
4427797.6312655034
4186625.4469054239
3979295.936579111
3794600.0489857895
3622254.7332998943
3455344.4728081315
3299778.3441180056
3137751.160127488
2979671.510835411
2833007.023215963
2686331.6728378409
2542625.300142644
2408943.4599661692
2279224.9737912845
2155531.5872531398
2038746.1512815789
1928574.2973091756
1821974.2551003341
1723173.8654746106
1630389.7461292986
1542419.7679985331
1458255.8476667393
1381445.5407394685
1308172.631696281
1239222.6459404363
1174129.6283881206
1114100.6503596939
1056047.9549651702
999767.25121010444
948944.49141573871
900564.16176247236
856505.91403793846
831991.93490941147
7982350.170769535
7103191.2909974167
6376928.0636446401
5850461.0376815731
5400707.7161173532
4950433.8855477134
4620301.1789885648
4382461.6886633085
4164529.028319051
3966020.9177491544
3788491.4505682793
3619551.9642924443
3457608.785570357
3298779.1797202169
3135319.5417481354
2978489.0743285664
2830306.8141314941
2682961.0839304556
2538260.4073158777
2402924.5840775538
2275673.8311401512
2150810.285374342
2032233.1989888605
1922445.9495652637
1817231.4433317916
1717971.0899541141
1624321.5997922523
1536090.9432147227
1453295.7336308591
1376316.8697531624
1302534.7567634557
1233601.3055781547
1169339.222975625
1109150.3907355955
1051258.3273560903
994977.53539427603
944600.7061431912
896134.06732328713
852882.04205289017
833751.30708441744
7820163.0747449752
6950545.9794275695
6251257.1549235862
5723357.9913475364
5287714.0677129431
4872461.0526927607
4566148.375751826
4340083.6198086329
4138328.5808658497
3958114.0978421983
3786190.2370369975
3620444.0125027206
3455011.0311893886
3296160.8020616951
3135624.6677755052
2975254.628066435
2825385.3462400367
2677691.2304029181
2535516.9460200765
2398646.8013307038
2268202.3824164099
2144765.856835464
2028875.1819422431
1916259.0737874345
1810523.220194988
1712038.4390801014
1619723.7089990375
1530072.0288837682
1447664.9586709456
1370435.135793753
1297690.0710238947
1228141.8374380483
1164574.2010479034
1103788.1570791472
1046883.8675700036
990030.7353252176
940629.50829645502
891411.70888745866
849423.32831831311
837193.44792545983
7678365.6507526115
6776371.1236872766
6111750.9701474933
5625490.7012647884
5189432.6747751562
4787391.1003622832
4511768.5814771149
4311024.8769173967
4125772.0800131578
3951912.9299148885
3783225.2684042188
3616804.0383961396
3453790.6800817731
3293079.3694071686
3127915.8335437411
2971493.6549833291
2821594.7683446058
2670787.1217282708
2528683.5840113838
2392782.9495607326
2262883.5374389496
2138006.0918564419
2021707.7361639584
1910017.2328188338
1805036.6876953691
1705794.1492771455
1613281.6308602323
1524183.9429484277
1442431.1062151215
1364865.0319414856
1292102.729121183
1222832.9877646894
1159651.3634902353
1098832.5792431035
1042123.1029629282
985263.88476905087
936193.88486066624
886463.55267283111
845781.47360078152
842925.68632132502
7539973.4530375628
6634369.6774580311
5974724.0948464675
5516727.4981155209
5109752.3614750504
4722060.2162939804
4463505.4423267953
4286253.1105061816
4115489.9934817436
3948023.8954032436
3780589.2429604293
3611634.4454934555
3448981.0724540399
3286983.3304524235
3123069.1207815721
2965227.3384582466
2814899.1786238011
2663938.0818829858
2522035.5748115485
2385004.7342130463
2255794.5207983237
2130448.6431327481
2014772.003933134
1902109.8751394404
1797823.7396581441
1698163.8471224597
1606224.2782737417
1516541.6480666897
1435503.4776695487
1357201.1150663961
1285251.4667191433
1215601.2898009596
1152947.688021068
1091621.2333006395
1035650.8299182619
978325.24872213544
929987.87550978782
878970.9095330392
842569.14202788472
851679.52375495061
7380049.2458808394
6482742.3460839083
5863822.6447736872
5410758.5750295473
5004290.1587805022
4643462.6597101372
4426627.3927621124
4268918.5369338924
4106788.8029616019
3941784.208358421
3774143.8409175309
3604264.2791512338
3441913.1400440373
3278275.1043146555
3114911.5184623208
2957014.1406006324
2805805.5502528856
2654533.9434883571
2513596.8183062878
2375885.1046401327
2246745.0865248176
2121395.8103688811
2005967.7744882943
1892949.5295854481
1789325.0837939838
1689350.3360388742
1597592.0590479616
1507949.2962264582
1427259.1929558169
1348658.5368219293
1277081.5782442139
1207438.2933851157
1145042.0571493169
1083654.1901918403
1027932.2618939041
970639.63150853245
922643.34808182041
870669.90930696193
839114.63238564506
862163.60835217161
7227483.0433421899
6303414.3948318791
5726946.6718400419
5313291.648925568
4920287.1323011173
4588485.1484435089
4396131.4243410416
4250433.1710502515
4094099.5146709923
3930758.6564666945
3762761.8395503392
3592718.4447445972
3430310.455105592
3266244.8088058308
3103637.066707206
2945432.8597264281
2794064.1720594177
2642737.4081308111
2502158.7886458817
2364256.3211574741
2235373.235018474
2109925.2093634903
1994655.2410669839
1881569.9327233159
1778165.2545407973
1678117.5405899046
1586419.182313194
1496775.3190926888
1416134.9635447017
1337516.101141718
1266004.4627713538
1196366.1458426367
1133893.303754899
1072498.6197855661
1016689.9253573751
959309.63566427759
911292.5196859393
858522.68919353839
832307.44308780564
871658.87616704847
7065899.0668544322
6156926.0655559208
5633532.6543327486
5232059.6887553185
4843625.7550700288
4536914.8067004737
4367772.3259697547
4232609.3222079044
4080871.38643421
3918204.2459547832
3750019.1539846659
3579823.1549603557
3417745.8521077968
3253736.9661947372
3091103.8704852425
2932243.9172696886
2780567.8385051186
2628919.9534681756
2488149.3730531628
2349481.0367899388
2220272.3516306463
2094391.6099397456
1978724.6114628408
1865044.5750758199
1761304.0565746247
1660705.1241161581
1568449.2657208466
1478314.9761684476
1397258.1799502433
1318094.9698051347
1246079.0785809166
1175963.2546839679
1113025.7102133085
1051168.6642079551
994934.38619245472
937098.19275341881
888885.1741106197
835088.05610804539
813031.37497417559
873920.26400225156
6915877.698099792
6021360.1347622592
5543940.9267959483
5154141.6459120521
4768074.4311967669
4488344.8952129474
4342646.2421638081
4216685.0279744519
4067324.2020218619
3904731.5315422602
3735261.41306723
3564653.7971182778
3402232.8431041893
3234166.1515465998
3069468.7746895407
2908522.9798758049
2754851.9285541344
2600911.837655501
2458144.4446785231
2317399.3825268098
2186585.5918421191
2059038.0089285742
1941837.2519571111
1826612.0726441373
1721821.86085814
1620034.6091096983
1526857.6814916523
1435982.72181377
1354467.6612101891
1274757.4282183924
1202563.1627764155
1132336.6386571908
1069491.3985160531
1007824.9694964488
952003.90152435994
894466.00512399769
847064.05077322316
793192.28882128722
774634.67256387719
862593.72228089033
6760913.9252843428
5879141.0265631182
5453522.6003686469
5067495.8989510667
4674748.4753521429
4427857.5134194372
4305770.2254752209
4184665.6594870705
4031991.7364982287
3863545.5041344529
3685789.2781300643
3507251.1230525984
3338192.1206258815
3163237.6234857496
2994309.8238779535
2829325.8140271716
2672121.3603749694
2514775.9538894682
2369922.3164113527
2227202.6452759299
2095567.3244000445
1967188.9106247299
1849937.5847857513
1734875.7153424025
1631154.3818705399
1530165.9901453946
1438486.0168493446
1349259.870638204
1269751.8732236312
1191955.892797905
1122013.795346268
1054102.1544693394
993684.69515864085
934544.84133012744
881316.14635455096
826499.42074936873
782672.33396911772
729941.01159709052
718940.81756185612
836643.22046925034
6435584.4797782786
5573694.4302820778
5267086.3237849772
4851789.4468935113
4448417.7152753584
4242783.6475844029
4141648.8990960708
4000230.5219989689
3821295.9506374723
3631193.1574854199
3438621.9663975229
3249893.9696375332
3073726.6295823199
2893733.4781855145
2723990.3547129487
2559703.9064651737
2404599.0194908124
2250842.0822767094
2111605.6310796877
1974812.9079652329
1850285.2422176469
1729258.5357956258
1619934.4782362895
1512743.2359206185
1417281.8275864914
1324416.0149590434
1240797.4923706071
1159550.568685137
1087807.3527587343
1017513.8426834751
954830.53634980542
893997.58007090876
840263.01750199357
787493.76738129929
740284.77630218596
691924.80885822349
652166.5437762615
607177.64574593049
615481.12484240648
774130.41136567318
)
;

boundaryField
{
    inlet
    {
        type            calculated;
        value           uniform 13500000;
    }
    outlet
    {
        type            calculated;
        value           uniform 13500000;
    }
    fluid_to_graphite
    {
        type            calculated;
        value           uniform 13500000;
    }
    wedgeBack
    {
        type            wedge;
    }
    wedgeFront
    {
        type            wedge;
    }
    defaultFaces
    {
        type            empty;
    }
}


                                                                               
