                                                                               
                             
                                                                   
                                                            
                                          
                             
                                                                               
FoamFile
{
    format      ascii;
    class       volScalarField;
    location    "1.0050000000000052/fluid";
    object      T;
}
                                                                               

dimensions      [0 0 0 1 0 0 0];

internalField   nonuniform List<scalar> 
4592
(
3199.9233858577545
3199.9007424472406
3199.8905067685378
3199.87724088094
3199.8666389886776
3199.8547235492692
3199.8451091695515
3199.8350998500014
3199.8266731008184
3199.8184143382227
3199.8112166041838
3199.8043317148604
3199.7980554318028
3199.7919752112184
3199.7862387868204
3199.7805880235355
3199.775202388425
3199.7700992345185
3199.7652837416204
3199.7606585455565
3199.7561723635326
3199.7517697790418
3199.7474187358616
3199.743106521817
3199.7388144524557
3199.7345732031654
3199.7303615459232
3199.7262464119258
3199.7221992590294
3199.7182936859895
3199.7143933453967
3199.7107367552817
3199.9231893008073
3199.9004348744897
3199.8901239218353
3199.8767728139896
3199.8660779632423
3199.8540659692985
3199.8443560502737
3199.8342401327668
3199.825692879353
3199.8172944632765
3199.8099641561398
3199.8028878199029
3199.7963637221415
3199.7898946352157
3199.7836646422579
3199.7776963643314
3199.7721114314177
3199.7667818504342
3199.7616810724812
3199.7567207050265
3199.7518642923119
3199.7470558256009
3199.7422586441312
3199.737456381305
3199.7326292257885
3199.7278161269783
3199.7229879975994
3199.7182010695519
3199.713483463574
3199.7089394188329
3199.7042017377048
3199.6998217477444
3199.9232805314537
3199.9005502561313
3199.8902934039565
3199.8769815498217
3199.8663799498549
3199.8544491396801
3199.8448516680273
3199.8348599064229
3199.8264544507406
3199.8182155074082
3199.8110517462469
3199.8041736368723
3199.7978658109496
3199.791595388338
3199.7855498956978
3199.7797882364084
3199.7744390346384
3199.7693635647915
3199.764529528059
3199.7598450799414
3199.7552682452442
3199.7507374560969
3199.7462108149284
3199.7416679542489
3199.7370856206394
3199.7325092141591
3199.727894977395
3199.7233060849603
3199.718796375997
3199.7144952075068
3199.7098272485537
3199.7056726077158
3199.9231918744536
3199.9004222299563
3199.8901928866098
3199.8768965939189
3199.8663760434306
3199.8545146534179
3199.8450441833234
3199.8351880420446
3199.826944602843
3199.8188956506165
3199.8119271068376
3199.8052921186782
3199.7992362874934
3199.7931684046048
3199.7873516820287
3199.7818760270384
3199.7768387324109
3199.772089412515
3199.7675941171219
3199.7632591324004
3199.7590357436006
3199.7548569272858
3199.7506764079985
3199.7464723987955
3199.7422201147251
3199.7379705566718
3199.7336711848325
3199.7293987778057
3199.7252096005031
3199.7212588643233
3199.7168321641502
3199.7130591475125
3199.9231817031041
3199.9003994215914
3199.8902205056847
3199.8769785948557
3199.8665809922877
3199.8548452993637
3199.8455770299479
3199.8359287648245
3199.8279517789065
3199.8201915304398
3199.8135211168019
3199.8072548716459
3199.801609206279
3199.795927670752
3199.7904949657
3199.7854460398485
3199.7808793874792
3199.7766281212253
3199.7726495717848
3199.7688475730042
3199.7651663001075
3199.7615334979846
3199.7578959867296
3199.7542317176799
3199.7505128997332
3199.7467962617893
3199.743025908349
3199.7393048867548
3199.7356647072233
3199.7322736812966
3199.7283835811613
3199.7252973937439
3199.9229458415039
3199.9000774339825
3199.8899028192304
3199.8766782584898
3199.8663748095378
3199.8547544355433
3199.8456680655972
3199.8362313349012
3199.828513331403
3199.8210357935609
3199.8147044835559
3199.8088027913427
3199.8035940677137
3199.7984198506106
3199.7934380935744
3199.7888030935646
3199.7847046253773
3199.7809693339532
3199.7775292919996
3199.7742820026338
3199.7711651192394
3199.7681039808908
3199.7650382503925
3199.7619486243238
3199.7588025180567
3199.7556647984493
3199.7524793852981
3199.7493742587922
3199.7463455033867
3199.743587445696
3199.7403607766137
3199.738054199981
3199.9226041001752
3199.8996046160883
3199.8894019049121
3199.8761724911888
3199.8659449142988
3199.8544313843031
3199.8455236808591
3199.8363042851788
3199.8288564747104
3199.8216974367483
3199.8157241417211
3199.8101856287867
3199.8054428576424
3199.8008065422337
3199.7963173080143
3199.7921388484579
3199.7885467282285
3199.7853688450091
3199.7825045612817
3199.7798480111705
3199.7773295807046
3199.7748749242173
3199.7724163549101
3199.7699409194011
3199.7674131676381
3199.7649047667414
3199.7623598765995
3199.7599349465249
3199.7575919790238
3199.7555630532729
3199.7531423900318
3199.7517303720406
3199.9219936058926
3199.8987721535068
3199.8884842242837
3199.8752008628771
3199.8650044781552
3199.8535612329797
3199.8448100478104
3199.8357915446118
3199.828584721989
3199.8217439226278
3199.8161072967305
3199.8109559213749
3199.8066381059339
3199.802521891892
3199.7985407309043
3199.7948173480099
3199.7917057843902
3199.7890715502017
3199.7867706123006
3199.7846965481658
3199.7827750661327
3199.7809260110366
3199.7790722539598
3199.7772050148578
3199.7752890343932
3199.773418251867
3199.771539896617
3199.7698325903898
3199.7682209302302
3199.7669862669009
3199.7654586250255
3199.7649949030074
3199.9211563778367
3199.8976205398831
3199.8871945765477
3199.8738056590787
3199.8636046677439
3199.8522012383601
3199.8435778004446
3199.8347636361204
3199.8277607893701
3199.8212418914131
3199.8159266827047
3199.8111697906329
3199.807199693922
3199.8035036991123
3199.8000190618523
3199.7967982694768
3199.7941805359669
3199.7920726092075
3199.7903347047918
3199.7888576903269
3199.7875602594295
3199.7863232111663
3199.7850806045676
3199.7838347133288
3199.7825446389788
3199.7813139146924
3199.7801002692358
3199.779128764621
3199.7782961189496
3199.7779177875973
3199.7773661837005
3199.7778853274694
3199.9199963843535
3199.8960213276077
3199.885408679535
3199.8718486934226
3199.861620353588
3199.8502461024786
3199.8417263875308
3199.8330977077148
3199.8262781892549
3199.8200506041994
3199.8150505663539
3199.8106370457158
3199.8069533164071
3199.8036062490582
3199.8005779599448
3199.7978843919682
3199.795788975794
3199.7942184076473
3199.7930529945306
3199.7921843231948
3199.791502393789
3199.7908927991016
3199.7902807392734
3199.7896795041625
3199.7890026554242
3199.7884029008383
3199.7878588566782
3199.7876022711998
3199.7875371871205
3199.7880082611364
3199.7885159083394
3199.7899473770749
3199.9184919880936
3199.8938332447797
3199.8830565629073
3199.869291338006
3199.8591130033387
3199.847800527793
3199.8393633569244
3199.8308942166859
3199.8242388808721
3199.8182766644495
3199.8135363959032
3199.8093961845893
3199.8059935790347
3199.80299260109
3199.8004021715965
3199.7982329897827
3199.7966601080389
3199.7956205233882
3199.7950264488959
3199.7947652073226
3199.7947116594851
3199.7947627068343
3199.794765528653
3199.7947557254893
3199.7946376549639
3199.7946462734362
3199.7947255186727
3199.7951271783636
3199.7958114097855
3199.7970622057032
3199.7985917800988
3199.8009675278095
3199.9166548893409
3199.8906882705551
3199.8799736747214
3199.8658434293575
3199.8557618285868
3199.8445165407625
3199.8362755572043
3199.8280234273075
3199.8215518366355
3199.8158223789283
3199.8113267065746
3199.8074994429421
3199.8044018952392
3199.801722560881
3199.7995381703777
3199.7978469189779
3199.7967220271203
3199.7961416022185
3199.7960616800415
3199.7964004951482
3199.7969740887465
3199.7976575210323
3199.7982569391238
3199.7988132738915
3199.7992384443987
3199.7997762532173
3199.8003374723671
3199.8013077161268
3199.8027001154333
3199.8047469324897
3199.8073238404154
3199.8105744457043
3199.9141791777602
3199.88671375079
3199.8761404693196
3199.8614768720618
3199.8515558842782
3199.8402131849889
3199.8321309141461
3199.8239401225328
3199.8176216944566
3199.8121435466892
3199.807998065693
3199.80456454974
3199.8018660118046
3199.7995864142335
3199.7977788671205
3199.7964431345185
3199.7956740225382
3199.7955219173455
3199.7959417536454
3199.7968334227899
3199.7979990270564
3199.799286867702
3199.8004853947077
3199.8015754504609
3199.8024798143852
3199.8034320972333
3199.804440108715
3199.8060039531115
3199.8079955290423
3199.8107515701136
3199.8141619417324
3199.8186729016215
3199.91009243607
3199.8812509068198
3199.87104155936
3199.855836576482
3199.8460309324928
3199.8346161478148
3199.8266429499254
3199.8184600328123
3199.8121999188811
3199.8068811391126
3199.8030462184993
3199.8000422328
3199.7978072890987
3199.7959569999957
3199.7945059738254
3199.7934818171175
3199.7930266793019
3199.7932614554556
3199.7941500612819
3199.795635391959
3199.7974536063566
3199.7993980605561
3199.80119591638
3199.8027965120482
3199.8041366781545
3199.8055180385777
3199.8069001326426
3199.8089244332896
3199.8115900050057
3199.8150591033668
3199.8193050570353
3199.8250665448973
3199.9048517416441
3199.8747194860434
3199.864812102398
3199.8489241364964
3199.8391960286203
3199.8277243648754
3199.8198668015134
3199.8117042651957
3199.805438568656
3199.8001762380018
3199.7965447410061
3199.7939174560588
3199.7921424107562
3199.7907348042127
3199.7896320197224
3199.7888815262831
3199.788674344316
3199.789217013245
3199.7905300895745
3199.7925780758796
3199.7950651481374
3199.7977421984324
3199.8002258148608
3199.8024190211818
3199.8042537656288
3199.8060128822622
3199.8077077986823
3199.8102021212121
3199.81341175034
3199.8175141177003
3199.8225517373639
3199.8301137653739
3199.8995258844443
3199.8677594285864
3199.8581070098435
3199.8414035048813
3199.8316174021097
3199.8199645489699
3199.8121454212528
3199.8039585159095
3199.7976018444874
3199.7922594573979
3199.7886659041064
3199.7862915863243
3199.7849170519316
3199.7839415080643
3199.7831779521807
3199.7826533610419
3199.7825997090217
3199.7833354410154
3199.7849672711759
3199.7875126764975
3199.7906780007484
3199.7941408916809
3199.7974198501879
3199.8003374511864
3199.8027441565628
3199.804946095081
3199.8069861072654
3199.8100043183213
3199.8136316637642
3199.8184360342711
3199.8240618969521
3199.83356233727
3199.894211647219
3199.8604744078734
3199.851186421994
3199.8336615354788
3199.8237553452082
3199.8118245476821
3199.8039527550477
3199.7957237407823
3199.7892451736398
3199.7837136948879
3199.7799807977794
3199.7776860895542
3199.7766064867001
3199.7760387243679
3199.7756172921841
3199.7752884088836
3199.775291618867
3199.7760588955221
3199.7778193523486
3199.7806960681273
3199.7844300458291
3199.7886635732561
3199.7928014909467
3199.7965340367655
3199.7996532464858
3199.8023259670435
3199.8047197623246
3199.8081532526853
3199.8120683248985
3199.8176632341501
3199.8236882542933
3199.8349128749064
3199.8886174259401
3199.8526756258293
3199.8439543050872
3199.8256646566629
3199.8156448985515
3199.8033711991211
3199.7953765886232
3199.7870923917749
3199.7804966593972
3199.7747081260395
3199.7706562145108
3199.7682165345518
3199.7672556552611
3199.7670370175142
3199.7669774544593
3199.7668701583557
3199.7668797204442
3199.7675390255126
3199.7692223182662
3199.7722009370423
3199.7763147084952
3199.7811989558695
3199.7861947041188
3199.7907924232754
3199.7946732035807
3199.7978365412828
3199.8005389686632
3199.8041020417763
3199.8080362777559
3199.8138079423666
3199.8191688350944
3199.8286748466348
3199.8827656138951
3199.8443192769682
3199.8362993661599
3199.8174126910358
3199.8072943294596
3199.7947045180117
3199.7865007007053
3199.7782207213368
3199.7716453851231
3199.7657106696788
3199.7613057331964
3199.7585613229799
3199.7575128784974
3199.7575414301041
3199.7578208312066
3199.7579756434948
3199.7579435023522
3199.7583298266413
3199.7596109891047
3199.7622753226706
3199.7662909915812
3199.7713384441799
3199.7767266758178
3199.7816879381053
3199.7858171030757
3199.7888199473687
3199.7910149214908
3199.7931567188562
3199.7959237332971
3199.7975493880995
3199.7959456737613
3199.7729312656552
3199.8764588518688
3199.8352695495805
3199.8281391592373
3199.8088373591695
3199.7985905877272
3199.7856818245086
3199.7771482803864
3199.7687774651304
3199.7622052623124
3199.7562196462072
3199.7514293687118
3199.7482677695525
3199.7468768468325
3199.7470093064367
3199.7474651141588
3199.7478431049576
3199.7475598518181
3199.7473350620267
3199.7473411963838
3199.7486348427951
3199.7508638908375
3199.7542102937332
3199.7575634426116
3199.7602225974415
3199.7613640426689
3199.7602012037364
3199.7571856320901
3199.7503000485722
3199.7420433203019
3199.7228476751625
3199.6684974143918
3199.4570220555374
3199.8693805261869
3199.8251805717609
3199.8190068292888
3199.7996548185974
3199.7892257083249
3199.7762294819431
3199.7672555698432
3199.7589372448492
3199.7524614589825
3199.7467484087042
3199.741600151061
3199.7379646772488
3199.7355393770026
3199.7349885426038
3199.734016307295
3199.7329905351894
3199.7299739411992
3199.7261893506261
3199.7201196502715
3199.7149380363894
3199.7067932653895
3199.699741738928
3199.6870195914989
3199.671746210252
3199.6473481941016
3199.6127919576238
3199.5677956994
3199.4970755242803
3199.4120531424146
3199.2383207177481
3198.7825568375738
3197.4757829425835
3199.8612503181034
3199.8136628966827
3199.8087115292078
3199.7895786520498
3199.7786403965797
3199.7656155050022
3199.7558607928468
3199.7474182972915
3199.7401086048299
3199.7340218481022
3199.7266127770181
3199.720236867568
3199.7118834894909
3199.7049529852497
3199.6923947886094
3199.6793861490382
3199.6546981012971
3199.6257371863262
3199.5761649563956
3199.5233219662473
3199.4318648958742
3199.3413841120014
3199.181950487045
3199.0153330410849
3198.7599751739499
3198.4643389854441
3198.0597377435151
3197.5102201120899
3196.7840333802442
3195.3478318761008
3192.859097440888
3188.3212660510612
3199.849564683926
3199.7980686803489
3199.794409419811
3199.7758813346895
3199.7638709318235
3199.7509696468815
3199.7389945044015
3199.7280374528741
3199.7129704414215
3199.6982872526
3199.6705522386696
3199.6378537955266
3199.576620713955
3199.5029633991567
3199.366190302319
3199.2217868571838
3198.9543419904589
3198.6643957370479
3198.1996432451087
3197.7006275756462
3196.9699491198135
3196.1991758767335
3195.1400001488055
3194.0906994034062
3192.6914227597113
3191.2755567085414
3189.2876383820421
3187.093532977839
3183.6057267398101
3179.0670667759159
3172.8541227041233
3164.8008641789679
3199.8312228573532
3199.7732307691776
3199.7704302449033
3199.7518022422996
3199.7318478708935
3199.7079217644614
3199.6687819967401
3199.6157597376814
3199.4988494795816
3199.3535649452469
3199.0592123942515
3198.7234127281395
3198.1134710769434
3197.4033948945548
3196.3497883475693
3195.2106578361104
3193.6446895141776
3191.9794042605567
3189.8538649850552
3187.6469564095473
3184.9811033938126
3182.260083814635
3179.1014852007179
3175.9166169642349
3172.2362337317377
3168.3600577298798
3163.758300091029
3158.4397190465511
3152.1573030525037
3144.7770739319035
3136.0194542476183
3124.9890196158599
3199.7792305616817
3199.7052348546413
3199.6878226252293
3199.640806367855
3199.528908826986
3199.329054668066
3198.9134026160336
3198.3812400863908
3197.3399270811269
3196.0994444053144
3194.1820205483291
3192.0436867245285
3189.1399547923911
3186.0259516452188
3182.2069684043167
3178.2736446503031
3173.6560361466268
3168.9641611949196
3163.6862876802297
3158.4154655342204
3152.6890915884755
3147.0172755077201
3140.9904888994392
3134.8677479937801
3128.5273546546373
3121.7821133635603
3114.9916481431287
3107.4587526213322
3099.9262582484012
3090.4669773022265
3080.5627103895249
3066.5771330593525
3199.5680208326703
3199.4356628075898
3199.1870268966595
3198.6378432722822
3197.4649227301697
3195.6685300746808
3192.6530300824675
3189.034582184082
3184.0892653140741
3178.6726592648492
3172.0630977219503
3165.2303600263299
3157.428777415279
3149.7143120257133
3141.2785804408777
3133.048282061824
3124.266357832968
3115.7080359475381
3106.7697196009731
3098.0631638143345
3089.1905299523073
3080.4829383746942
3071.8469903235882
3063.3147356501572
3055.1258364844662
3046.4958383994644
3038.6384270101275
3029.3728305945901
3021.3983390315948
3009.6710903513645
2999.4646058493031
2981.1377996502765
3198.0298773553263
3196.5641534631982
3193.6212180497287
3187.9391028945347
3179.3101174158223
3168.5946782347623
3155.7852008217087
3142.2269884425741
3127.5492102493486
3113.0911578729656
3098.1374452978416
3083.9536939877362
3069.6424789532743
3056.2512494866637
3042.90266568989
3030.4851544323719
3018.1577840302357
3006.5814418990212
2995.0969049052242
2984.1511896075485
2973.3893476012449
2962.9301287197341
2952.8887771982345
2943.0335343591228
2933.8825155588679
2924.1240129204157
2915.5802684876544
2904.6879195440824
2895.6929183325428
2881.5160457051834
2869.4672549446932
2843.21853943309
3168.2795109551321
3117.9321882707372
3071.9945081930869
3029.170724787296
2989.9983149282125
2953.5503119049899
2920.1765589562524
2889.1152438857921
2860.8228095866616
2834.5187131714874
2810.8049672106768
2788.7572262901795
2769.1729508238641
2750.8727288947134
2734.8948830137933
2719.6849623130256
2706.6570782213967
2693.7690797268051
2682.992878818583
2671.6580948873484
2662.5402128048677
2652.1150316003486
2644.2086941860098
2633.9104911543059
2626.6539040260263
2616.0980935810949
2609.1547800782887
2597.8471131306792
2590.4924332505307
2577.2747715668725
2567.5752171001423
2540.3241930055674
3199.7071179945615
3199.7034184780678
3199.7000296951733
3199.6965737940445
3199.6926236522272
3199.6887458290262
3199.6843686081897
3199.6800697509348
3199.6756951322727
3199.6705763194677
3199.6650140322545
3199.6586984910577
3199.6518542212066
3199.6443247243401
3199.6361503624348
3199.6271554203427
3199.6173014049355
3199.6064279968996
3199.5944099138546
3199.5814600370295
3199.5670592007223
3199.5521591321681
3199.5352586835202
3199.5178906992592
3199.4996297865623
3199.4782160764257
3199.4579191869825
3199.4348846249959
3199.4084031563666
3199.3845673923483
3199.3558083031035
3199.3257759221688
3199.2947551772322
3199.2610471991302
3199.224067813871
3199.1840125354101
3199.1475656225966
3199.1024269847539
3199.0526593020504
3199.0066966048012
3198.9482100832302
3198.8922439903617
3198.8304735681672
3198.7636053937467
3198.6895123917707
3198.612348784261
3198.529437642208
3198.4295162318881
3198.3347077105191
3198.2285636425913
3198.1014387851637
3197.9755002748166
3197.8468640925194
3197.6805281360225
3197.5086927011262
3197.3270919451793
3197.1276469134223
3196.912835392543
3196.6319768066323
3196.3884802694656
3196.0426840787823
3195.7545283526601
3195.3675623419786
3194.9728991580628
3194.4641963944391
3193.9522379171904
3193.4180154376768
3192.7319074944767
3191.9868167601276
3191.2185207209191
3190.1775595586619
3189.1600521624146
3187.9391446728532
3186.5508673782492
3185.0006989830372
3183.1474252087542
3181.0686701573118
3178.6507357224718
3175.693905670465
3172.2889776583106
3168.331272241142
3163.7555329624333
3158.3558908057917
3152.2179195581348
3144.4542288071916
3135.1242557983919
3124.4233370697934
3112.1024174477993
3097.7176303222504
3079.7992770472656
3058.2079062314178
3033.023132653379
3199.6956707783684
3199.691030170241
3199.686742518908
3199.682438682898
3199.6773761886789
3199.6726085045484
3199.6671259519885
3199.6616802847038
3199.6563226364947
3199.6501774692915
3199.6437508308777
3199.6364018453005
3199.6285421943189
3199.6199017757567
3199.6106225171898
3199.6005744354002
3199.5896495043285
3199.577740973205
3199.5650204158324
3199.5505761323802
3199.536169441335
3199.5185092545198
3199.5025977751366
3199.4815168039681
3199.464002585632
3199.4392865311711
3199.4197668899542
3199.3904566793753
3199.3691578865287
3199.3352234769764
3199.3120837398419
3199.2722670467197
3199.2467378647802
3199.2000318042501
3199.1718187051738
3199.1179236281791
3199.0854570745319
3199.025761440414
3198.9850008683411
3198.9204015740906
3198.8717295492106
3198.7946467433189
3198.742232745647
3198.6535792904065
3198.5853210076648
3198.4871700823155
3198.4120567933419
3198.2901909022839
3198.1962037804419
3198.0662396012476
3197.9489562109734
3197.7929649218227
3197.6484999623704
3197.4769783066681
3197.3003345711413
3197.0691012014886
3196.8840780220403
3196.6132712791564
3196.3606855437902
3196.0444865216286
3195.7430494918754
3195.3389403315828
3194.943565273164
3194.4998020145249
3194.0282251265062
3193.4264382346046
3192.8101511050768
3192.092568560196
3191.3008135751625
3190.4210626161571
3189.4126418843648
3188.2310452496167
3186.9624617863337
3185.5160975214239
3183.7743615020863
3181.7642506188531
3179.5344251941187
3176.9689610013456
3173.8734124688481
3170.255527223384
3166.1185667250888
3161.2784309172016
3155.8312205633092
3149.4168410373782
3141.3084879347389
3131.7618478383042
3120.9348137117536
3108.5370499768569
3093.9208785614442
3075.7890939145364
3054.0932937278094
3029.1904764419155
3199.7018534300669
3199.6971944344282
3199.6930474356468
3199.6888935184061
3199.6837520587169
3199.6791566431361
3199.6736571339075
3199.668271068289
3199.6630504363829
3199.6569310670429
3199.6506030265818
3199.6431454461276
3199.635234538287
3199.6265043310609
3199.6171906993891
3199.6070803468724
3199.5960864323233
3199.5840165078944
3199.5711204641875
3199.5563545940895
3199.5418417143874
3199.5237167530131
3199.5077378883257
3199.486418145666
3199.4688747412706
3199.4437200234661
3199.4242832836726
3199.3945717422666
3199.3734658133817
3199.3387899311315
3199.3157417730304
3199.2749705576189
3199.2495957234232
3199.2019921743045
3199.17385074301
3199.1194698650384
3199.0867749308568
3199.0260618180437
3198.9877746287389
3198.9167096409506
3198.8756080138951
3198.7921283838309
3198.741701889322
3198.6512141255539
3198.5859859325351
3198.4841744508226
3198.4072580396601
3198.2826940552181
3198.2010206997234
3198.0566423187238
3197.941650977958
3197.7778250168544
3197.6515831043871
3197.4626953284619
3197.286648323729
3197.0630427123724
3196.8635791048382
3196.6010922918822
3196.3393118132112
3196.0269178579829
3195.7050465346424
3195.3239876646549
3194.9415637035695
3194.4576887872995
3193.965879505985
3193.3827244816107
3192.7912236169718
3192.0471679401239
3191.2627999301708
3190.3335402234211
3189.327630049514
3188.1411474449142
3186.8696679771724
3185.3972209212757
3183.6773709416898
3181.609358571166
3179.3536220791898
3176.6801460056322
3173.5681345985872
3169.8801475407763
3165.7556066481211
3160.8724896780386
3155.3263530178169
3148.9154745892265
3140.5454136593166
3130.8056826118532
3120.0087136751163
3107.6479488052805
3092.9341917628963
3074.1917094359833
3052.0913254670513
3027.0008526303318
3199.7096952098659
3199.7051658679147
3199.701269709687
3199.6974058801716
3199.6922964434748
3199.6879278398533
3199.6825114252129
3199.6772865145513
3199.6723099836968
3199.666236586319
3199.6600017161372
3199.6524388123848
3199.644491566909
3199.6357287486958
3199.626432561367
3199.6162594682651
3199.6051358580776
3199.5928370274314
3199.5796081802737
3199.5645329290792
3199.549705200789
3199.5312656040473
3199.5150813887881
3199.4937259685507
3199.4759478912329
3199.450598389039
3199.4309917713695
3199.401129247276
3199.3798507924721
3199.3447803385397
3199.3214883259839
3199.2802321693007
3199.2548353198881
3199.206683201885
3199.1790773843245
3199.1236004861776
3199.0923977758016
3199.0296985426348
3198.9937189750317
3198.9216538471869
3198.8802211413954
3198.7971319904091
3198.7488636743005
3198.6547023509602
3198.5909890703451
3198.4913152038921
3198.4147432349168
3198.2840022806627
3198.2087950701498
3198.0563082906497
3197.9610691000194
3197.774535319968
3197.6648704038794
3197.4629156214678
3197.2965334545684
3197.0779927158001
3196.8593147243173
3196.6374310111755
3196.3384069263216
3196.0256984944067
3195.7234366455477
3195.3622317255226
3194.955838363715
3194.4718088029422
3194.0081199722522
3193.3840445027377
3192.8323735952358
3192.056969371517
3191.2946708117374
3190.3695466370418
3189.3821761229224
3188.1831030246926
3186.9417090543761
3185.4457536787531
3183.7044323858827
3181.6362532175708
3179.3894224355363
3176.6293107924998
3173.5141813393534
3169.7963054398806
3165.6227639436256
3160.7213847027592
3155.2184229251293
3148.7238172414736
3140.1464493571657
3130.2258545312243
3119.2898488068358
3106.813161678816
3092.001133835422
3072.7248450188758
3050.2840466860457
3024.4919800824628
3199.7225928349999
3199.718477709906
3199.7151556238555
3199.7119141616886
3199.7071445966503
3199.7032147926761
3199.6981304866754
3199.6933933451082
3199.6889935857389
3199.6831322623248
3199.6770612446526
3199.6694937063544
3199.6616518149422
3199.6530642661169
3199.6440280236588
3199.6339016892134
3199.6226825751992
3199.6100925603182
3199.5964225487442
3199.58100178923
3199.5658353176987
3199.5472893558326
3199.5309747037159
3199.5098873583593
3199.4918726955248
3199.4665852056928
3199.446761665803
3199.416973345626
3199.3953405703905
3199.3601493648466
3199.3365257304736
3199.2953480605383
3199.2699626122508
3199.2223078964216
3199.1950314383525
3199.1402347020075
3199.1095454462757
3199.0477039403536
3199.0122573457688
3198.9410803191367
3198.9002367027506
3198.8180753635838
3198.7705753188316
3198.6761709449934
3198.6165843837784
3198.5146295931731
3198.4392570707973
3198.3124573710829
3198.2381025080667
3198.0851604593304
3197.9919086684999
3197.8090076999829
3197.7028498499931
3197.4952251754439
3197.3453908620395
3197.1270048065321
3196.8959522090372
3196.694300821764
3196.3896862576312
3196.1011353809276
3195.7974096304474
3195.4291381646403
3195.0169993695931
3194.5244711354653
3194.147264539668
3193.489352589907
3192.9889600075549
3192.1188888119405
3191.4212885223383
3190.507682581806
3189.528581588268
3188.3754600981815
3187.1497797355387
3185.6416866313261
3183.8825931897341
3181.8142474176389
3179.6526998237618
3176.78581307992
3173.7305934705682
3169.9832525635898
3165.7664441177844
3160.8634922362417
3155.4118482077629
3148.858138588168
3140.1149119475049
3129.9927138471726
3118.9515692907094
3106.3084549497421
3091.263446353953
3071.5107839568909
3048.1963141800561
3022.6310870337306
3199.736051215913
3199.7324995220338
3199.7298999819222
3199.7274224000912
3199.7231023109439
3199.7196375629514
3199.715006223415
3199.7108899740251
3199.7071291215066
3199.7014569408598
3199.6955228103461
3199.6880124621198
3199.6803727146812
3199.6720556478449
3199.6632881016699
3199.6531413854564
3199.6416752904315
3199.6286332020381
3199.614446169533
3199.5987375182599
3199.5832739822567
3199.5649690125415
3199.5485056308858
3199.5277254886414
3199.5093787787105
3199.4842315688275
3199.4637929788564
3199.4342615265987
3199.4115849308173
3199.3770330436887
3199.3528228722985
3199.312529874227
3199.2869173896543
3199.2413940230804
3199.2133962749194
3199.160461006903
3199.1303644439577
3199.06942248635
3199.0345391359747
3198.9643585301064
3198.9240128151173
3198.8431605883738
3198.7963429707102
3198.7022775935984
3198.64780818912
3198.5381624196771
3198.4745644154564
3198.346905746826
3198.2718549466886
3198.1254290029524
3198.0251393132594
3197.8663875137463
3197.750840550978
3197.5348857947397
3197.4064565382519
3197.18587751328
3196.9796907310806
3196.7283334454728
3196.4876635276623
3196.1988590166488
3195.8923234953554
3195.4835530069722
3195.1330545634746
3194.6659028572794
3194.2767353677473
3193.6311812631989
3193.1209151265457
3192.2435360752352
3191.6739717193655
3190.6598417394898
3189.7677590617627
3188.6638150289095
3187.3536000709942
3185.8801117906905
3184.1506672068003
3182.1483070249724
3179.9660117840845
3177.1422685476255
3174.0922325205152
3170.3449538918444
3166.128247250253
3161.188262110657
3155.7703175485958
3149.0813486129009
3140.2158339790094
3129.8045490266468
3118.7218150975141
3105.8301218132074
3090.5487191128955
3070.3479452577603
3045.9330934105824
3018.7027781295578
3199.7505203014071
3199.7477408107979
3199.7460521050862
3199.7444974608006
3199.7407804871045
3199.7378246992903
3199.7338240004115
3199.7304838736841
3199.7274380659819
3199.7218945150971
3199.7159659734666
3199.7085394740689
3199.7012036680899
3199.6932373920372
3199.6846980425157
3199.6743642918336
3199.6623301473292
3199.6485445849171
3199.6338198291191
3199.6179752855419
3199.6022447955193
3199.5846285121238
3199.5676556218064
3199.5473882186311
3199.527900124071
3199.5037715158892
3199.4805407413974
3199.4544551992039
3199.4262109448323
3199.3976435373538
3199.3696222152994
3199.3332270103519
3199.3038059528903
3199.2685055536376
3199.2299907542829
3199.187878058262
3199.1498345552641
3199.0992272138128
3199.0557160637109
3198.992972200444
3198.941591491006
3198.8867121457456
3198.8092079167391
3198.7398216386541
3198.6819612865165
3198.5700662026375
3198.5079669354486
3198.3940965827146
3198.3035488846094
3198.187835117576
3198.0446877729364
3197.9582285133943
3197.7893143105534
3197.6014290547619
3197.4829505651192
3197.2382653474251
3197.060320924099
3196.8301398686062
3196.5973538477078
3196.2753543073882
3195.9637269128948
3195.6532370079767
3195.2316975438089
3194.8235419618941
3194.391344330591
3193.8151962656684
3193.2439101817345
3192.5044534722597
3191.8770760986567
3190.8955319576553
3190.0334642261723
3188.9266576571076
3187.6098964461471
3186.1388171111071
3184.5831128627442
3182.5802802379399
3180.3545120508848
3177.6439304019077
3174.4506877056619
3170.7930826330894
3166.5066511747755
3161.7017668765552
3156.1749365770424
3149.5229288185615
3140.454174855463
3129.9152869142295
3118.5936765882921
3105.5004122248533
3089.960853678464
3069.1364827586917
3044.4672207012359
3015.3581400847233
3199.7646518629426
3199.7628284292732
3199.7621595114169
3199.7615551611134
3199.7586669840257
3199.756204955876
3199.752993639298
3199.7505049074921
3199.7479715067161
3199.7426060179841
3199.7364866311832
3199.7292449606252
3199.7223056982375
3199.7146898447631
3199.7061615957086
3199.6952668803788
3199.6822966902514
3199.6677399181526
3199.6526142591842
3199.6372648662127
3199.6208107420307
3199.6047971154089
3199.5857516585816
3199.5676861123943
3199.543967168373
3199.523652331126
3199.4955127931057
3199.4735842102423
3199.441995540582
3199.419374906447
3199.3836871660292
3199.3608999336425
3199.319517951858
3199.2948232592921
3199.2468326917574
3199.2195156207026
3199.1634887433156
3199.132073417728
3199.069354893054
3199.0314198998876
3198.9621381682036
3198.9175386041115
3198.8385271667071
3198.7820364059044
3198.7118724403699
3198.6109869940751
3198.5522568163046
3198.4467125656488
3198.3336874399406
3198.2560950502134
3198.0947734890487
3197.9999338060097
3197.8337234948012
3197.6781461388041
3197.5366445120981
3197.2878689932413
3197.1323597033879
3196.9121864924582
3196.61537661582
3196.3620445613406
3196.0475402029542
3195.7596732341258
3195.2656340271801
3194.9790198106652
3194.4344277021792
3193.9629148319418
3193.3177167034632
3192.7039589768233
3191.9680665750798
3191.1100390316583
3190.2147675310375
3189.1255999348923
3187.793772446013
3186.4503986485661
3184.881390626399
3182.9266384106927
3180.6778390169966
3178.0280819009949
3174.8523111474619
3171.2576436064319
3166.984889877132
3162.2155725656967
3156.6996045482465
3150.1187354930162
3140.7574727271967
3130.050715229921
3118.5602954760329
3105.3600408919065
3089.463305513983
3067.7470717223305
3042.2085446652245
3013.7118841522779
3199.7784903624533
3199.7778183525302
3199.7782095041321
3199.7785698621019
3199.7767151618368
3199.7747735807147
3199.7724708390106
3199.770835841854
3199.7685585982445
3199.7632030716918
3199.7568802597862
3199.7499364174023
3199.7434380297605
3199.7359966790591
3199.7270403238313
3199.7150502256359
3199.7010614432461
3199.6860326069318
3199.6709975913654
3199.6557385561036
3199.63969725263
3199.6232106550874
3199.6037243199166
3199.584669502955
3199.5607613435045
3199.539643586912
3199.5126280246554
3199.4903711647812
3199.4608588292708
3199.4383000448079
3199.40483407888
3199.3810659908836
3199.3416405272578
3199.316278917634
3199.2690008772674
3199.2419524044076
3199.1872492994476
3199.1567273589426
3199.0950235190207
3199.0598283371573
3198.9885835046694
3198.9477119939397
3198.8649724602642
3198.8161202721403
3198.7263435630284
3198.6499875849299
3198.5699241445191
3198.468862890335
3198.3481900474862
3198.2741018280444
3198.1096778719998
3198.0086524830999
3197.8155471913669
3197.7002368576668
3197.5097244485532
3197.2781361859179
3197.0970876429428
3196.8740585899013
3196.529743801997
3196.3447761043926
3195.961670684952
3195.6672041219272
3195.1526754057923
3194.8711037497619
3194.2863051756508
3193.8678996675508
3193.1298964939574
3192.5896918622543
3191.748679678285
3190.9943522424087
3190.0275458294714
3188.9995097204537
3187.6358073184606
3186.4206059503235
3184.7053073424177
3182.9189629267371
3180.5988432132845
3178.088154524135
3174.872793275978
3171.395148032344
3167.0564927037603
3162.3917692257432
3156.8270159802
3150.3255261217641
3140.7696584658743
3129.8637605242266
3118.2548731501779
3104.9910361466236
3088.731892912806
3066.2706464468806
3039.3147653280366
3009.4010275317987
3199.7916260961747
3199.7922282043123
3199.7935668643249
3199.795047314663
3199.7942685253897
3199.7929607590791
3199.7916051726097
3199.7907215151781
3199.7884861752209
3199.7828922418053
3199.7765389471847
3199.7699594412052
3199.7639242053156
3199.7562746440672
3199.746239813991
3199.7329865989691
3199.7183264119594
3199.7033408924094
3199.6884664013246
3199.6733628983829
3199.6571299508282
3199.6398088379565
3199.6194983450928
3199.59970997656
3199.5760869645051
3199.5552238599876
3199.5293481247809
3199.5082332594147
3199.4793506214219
3199.4585218474281
3199.4242195924962
3199.401718232632
3199.3600365989746
3199.3356559246158
3199.2867319096804
3199.259409630004
3199.20328381537
3199.1715667388785
3199.1067039670866
3199.0697996362974
3198.9927101995445
3198.9483649337517
3198.8540036414229
3198.7997324486792
3198.6818413774931
3198.6149352406542
3198.4661173146874
3198.383362276651
3198.1967912407922
3198.0940476072128
3197.8608662850165
3197.7358615636845
3197.4482863966437
3197.2967095811728
3196.9454667597875
3196.7657713897215
3196.3442412650143
3196.130657663176
3195.6309825791022
3195.3789809182258
3194.7890784544234
3194.4949651718098
3193.8058935902782
3193.4591214701968
3192.6494841001795
3192.2393513043039
3191.2855302331595
3190.7934215631285
3189.669918384524
3189.0348331988089
3187.7767582647148
3186.890093337257
3185.2904102189086
3184.2775544648393
3182.2742171871241
3180.8310332001543
3178.3459274736251
3176.1784303774862
3172.8536793901067
3169.7456088858303
3165.2819124966877
3160.9795897847953
3155.2795683590994
3149.0972114067818
3139.7827241591076
3128.8565813179798
3117.2700540467049
3103.8988590026834
3087.4094237588079
3064.317068349158
3036.8919737642759
3003.9757249963054
3199.803731513573
3199.8057111307266
3199.8081138514808
3199.8107501807594
3199.810986669203
3199.8105340476814
3199.8100759105305
3199.8096711460994
3199.8075252146368
3199.8015808005698
3199.7953125377721
3199.7890533425452
3199.7833463671177
3199.7748781043042
3199.763361418547
3199.7491247442331
3199.7342725913195
3199.7194823307373
3199.7046396432324
3199.6892671868209
3199.6722980801192
3199.6539472977724
3199.6331166737546
3199.6138757250073
3199.5909314475002
3199.5712597534325
3199.5452637580729
3199.5253799011866
3199.4935889894959
3199.4726158522817
3199.4337716854002
3199.4115488615489
3199.3650070445233
3199.3381339174439
3199.2816005271848
3199.2476718497555
3199.1739217935751
3199.1285627807515
3199.0273496351783
3198.964834392601
3198.8224832919814
3198.7358287298798
3198.5359304509602
3198.4176643259725
3198.1428967904881
3197.9860709144273
3197.6205709764004
3197.4195920559982
3196.9502727581435
3196.7018038263654
3196.1206369217784
3195.8235070915039
3195.1274738476636
3194.7825089204371
3193.9727507170455
3193.5824621247139
3192.663335222654
3192.2308500305812
3191.2081589546578
3190.736272471524
3189.6156374123316
3189.1055273877701
3187.8892154721452
3187.3398449799192
3186.025649374018
3185.4315991652957
3184.0080626523386
3183.3583886236734
3181.802566541096
3181.0780143793922
3179.3493692279594
3178.5202769888888
3176.5779083115749
3175.5510976439928
3173.2883879600176
3172.1136285692091
3169.442664079791
3167.9248606136193
3164.3909346356309
3162.2504258465592
3157.4403916710653
3154.2152010105369
3148.0717002477568
3142.841525873203
3134.9820003439509
3124.5305516755375
3113.7499411536546
3100.213435998643
3084.5074461700237
3060.0365040798533
3033.1390369072851
2999.4065866082556
3199.8145474872726
3199.8177331097477
3199.8218914981126
3199.8254793447395
3199.8265494148136
3199.8271508042812
3199.8276292513528
3199.8275119193445
3199.8254383699077
3199.8192354591783
3199.8130219597133
3199.8069827611366
3199.8011560523414
3199.7913916025268
3199.778494614603
3199.7636426991062
3199.7487338893252
3199.7339974452921
3199.7190186773191
3199.7028967820575
3199.6849375629126
3199.6661135673917
3199.6450207738594
3199.6249573108516
3199.6008070722269
3199.580563295403
3199.5509693021268
3199.5293089739184
3199.4891067822196
3199.4627203925356
3199.4053651253203
3199.3657635308932
3199.2815959071709
3199.2145309760167
3199.0856195879232
3198.9728801132401
3198.7744113020231
3198.5905706082044
3198.2925509158399
3198.0118392604168
3197.5840366605912
3197.1831635396729
3196.5995427916828
3196.0652634898133
3195.3086260634973
3194.6382006585213
3193.7011865617401
3192.9029074832702
3191.7847293184905
3190.8794605787662
3189.5877040099163
3188.5983209894493
3187.1499714883853
3186.0998097843785
3184.517090591547
3183.4292194143245
3181.7328419959858
3180.6378074201025
3178.8426424604272
3177.7610449882104
3175.8908256842815
3174.8290351348796
3172.8991926839749
3171.8678169891086
3169.8901498173923
3168.8785813603076
3166.8580932948003
3165.8568040452715
3163.7857054699712
3162.7674572291976
3160.6269453328532
3159.554070689725
3157.3066563508764
3156.121041549387
3153.6757462417045
3152.5046151379524
3149.9266396465587
3148.6078362201451
3145.3870883924715
3143.6078900368489
3139.0928928536723
3136.573630500669
3130.542244575739
3125.9326970135635
3121.74239046301
3112.3197379390258
3104.0738859992648
3090.2531189082874
3077.4777379400352
3050.6204057404098
3025.1064474743425
2990.7708290464266
3199.8238669848433
3199.8281726127611
3199.8345540818555
3199.8392629821974
3199.8412360688312
3199.8428246783565
3199.8441396256749
3199.8443329672941
3199.8422357393329
3199.8356918863851
3199.8294741816558
3199.8234334757913
3199.8168471095455
3199.8056424177707
3199.7917422977603
3199.7764192312875
3199.7613782927383
3199.7458629511698
3199.7292389260383
3199.711298096981
3199.6917157340267
3199.6703596857037
3199.6473070349521
3199.6202963100318
3199.5891069363133
3199.5500271460241
3199.4998817733467
3199.432454513279
3199.342285781825
3199.2198372792768
3199.0560532526097
3198.8385044737483
3198.5541398560713
3198.1908779429896
3197.7332487665503
3197.1741435021863
3196.4955540293836
3195.7004753211754
3194.7676177991175
3193.7141118588424
3192.5124432297571
3191.2025482215531
3189.7413660012494
3188.1976468406401
3186.497826614087
3184.7541712365187
3182.8453471822768
3180.9459860963207
3178.8631995720993
3176.8565826798804
3174.6346675908949
3172.5718250458162
3170.2451074908322
3168.171813185465
3165.7724049525209
3163.7292776804707
3161.2857582393362
3159.309464954893
3156.8402906186411
3154.9605293591308
3152.4873606101478
3150.7173301799812
3148.2538561970186
3146.6022537747303
3144.1564376023025
3142.6148159003355
3140.1905112693044
3138.7459606962198
3136.3343094933762
3134.9587619787958
3132.543179612971
3131.1978663931604
3128.7428935586177
3127.3735843515137
3124.8078101684309
3123.5826972234663
3121.0675643202712
3119.8053579739285
3116.7834085752929
3115.1521682041407
3110.8915541259248
3108.5962791826387
3102.6695574601658
3098.5550544214966
3095.871517392618
3087.4016765190468
3082.3552135607624
3068.6778391275084
3059.3521705175235
3031.1389691721688
3008.6384593719613
2969.2651076932398
3199.8316446314971
3199.8374756882972
3199.8459015832859
3199.8521447987591
3199.8551824983119
3199.8576025543025
3199.8595162207203
3199.8600084690211
3199.8579012397927
3199.8509659108622
3199.8445241259365
3199.8379665495795
3199.8299707136371
3199.8168801263218
3199.8014724716277
3199.7847752354442
3199.7673246628706
3199.7487351748191
3199.7271884313041
3199.7010180961265
3199.6676145354177
3199.6240272326454
3199.5653253365113
3199.4818980337341
3199.3643187177954
3199.1966115996684
3198.9624879581625
3198.6412089091809
3198.216993143471
3197.6705161364939
3196.9817339341321
3196.1356602950832
3195.1160727634106
3193.9176302353408
3192.5313943784004
3190.9603687588806
3189.1998521806026
3187.2651350247129
3185.1494860606035
3182.8845675067364
3180.4734605943008
3177.9434791946542
3175.2909513400464
3172.5537181948821
3169.710089628778
3166.8235423755655
3163.8452620674016
3160.8722910757051
3157.8083443899322
3154.8069758446477
3151.6993874686932
3148.7204435740832
3145.6028741568971
3142.6938834673806
3139.5958706429756
3136.7984104397265
3133.7411554712585
3131.0888334738238
3128.0857106593171
3125.6033761143553
3122.6665882752759
3120.3674147732449
3117.5038445523433
3115.3928922923365
3112.6035660130442
3110.6711688115929
3107.9540728894558
3106.1831056140018
3103.5262024998792
3101.8869509791434
3099.2714238488143
3097.722599412135
3095.1146794323554
3093.6023426732841
3090.9307527193632
3089.6592953918735
3087.1483354627571
3085.9186227288524
3083.0067354222278
3081.4803692435694
3077.400518728607
3075.2705488485258
3069.3436510241618
3065.8552438644024
3064.0951900767182
3056.6981748528156
3052.640225383328
3039.5602095540921
3031.3671587012282
3001.4353869446768
2982.3574350408971
2935.1868219300213
3199.8379057034881
3199.8455169717004
3199.855959524989
3199.8639760833066
3199.8679353200891
3199.8714053605136
3199.87360098915
3199.8741015309956
3199.8717058188522
3199.8634886836981
3199.8557262082054
3199.8469564583156
3199.8354856750243
3199.8182349837161
3199.7966692188861
3199.7699829291869
3199.7342792621148
3199.6886972680713
3199.6210254777138
3199.5243332486525
3199.3767205581958
3199.1658732397073
3198.8679606668238
3198.4561741159578
3197.902270238711
3197.1783583302308
3196.2600667354204
3195.1321400856987
3193.7875892426327
3192.2092872368371
3190.3936389371793
3188.3414185559659
3186.0610045484232
3183.5619557696859
3180.8584760946214
3177.9657563261835
3174.9025977511692
3171.6849719497086
3168.3343934977552
3164.8801039144696
3161.3262838070623
3157.6922956994554
3153.9879512335747
3150.2275417436554
3146.425451186502
3142.6227330100087
3138.7966556273909
3135.0012304683032
3131.1852974551193
3127.4372737149902
3123.6552455868336
3119.9982459594034
3116.2850106395335
3112.7626716692794
3109.1377436934936
3105.7821102462535
3102.2595821710811
3099.1013753752677
3095.6890559509006
3092.7523050221262
3089.4543047364327
3086.7504686554344
3083.5687662793844
3081.1024709865264
3078.0334718867452
3075.7956656722008
3072.8333237515712
3070.8060841961515
3067.9365046154853
3066.0899346132896
3063.2935148554488
3061.586150930264
3058.8305803946628
3057.2091570239513
3054.4221312299942
3053.1071014842937
3050.5456889004759
3049.3244886284974
3046.4390798380591
3044.9749922189299
3040.9869756969711
3038.9743078496149
3033.1204353289681
3029.9166226996804
3028.8594405595031
3022.3562430761795
3019.2223889314373
3006.6730573631403
2999.3502042879618
2967.6534008342851
2952.2935516152452
2899.6223275431289
3199.8421425312267
3199.8514464108162
3199.8636802436113
3199.8729462118258
3199.8772855192965
3199.879987285773
3199.8811350531619
3199.8802811596188
3199.8748184568849
3199.8597717800785
3199.8443814580519
3199.824081095132
3199.7926543614049
3199.7451797468775
3199.6731826368664
3199.5624056563565
3199.3955331297766
3199.1529234230911
3198.799478218391
3198.3057885025332
3197.6286383241036
3196.7558673562771
3195.6473328629072
3194.2773756893935
3192.6292623474255
3190.6959959967812
3188.4772952518947
3185.9812433840048
3183.2108884675299
3180.1855596606651
3176.9275538312863
3173.4609598927241
3169.8102239698333
3165.9995133578213
3162.0523983087969
3157.9893021738858
3153.8322363189009
3149.5951748065227
3145.3023541678194
3140.9535327693666
3136.5607944028329
3132.1396580871065
3127.6925562942702
3123.2435013225372
3118.8014898545125
3114.3779310894088
3109.956295398295
3105.5700719735592
3101.1877437920725
3096.8630218996545
3092.5622558712562
3088.3892364720577
3084.2116627800979
3080.205172623113
3076.1446345952854
3072.3342967891949
3068.4146166921332
3064.8326368284938
3061.0566690958781
3057.7269293896593
3054.0986623889348
3051.0357100209576
3047.5555915415448
3044.7667497031152
3041.4296760297502
3038.9091457668865
3035.7079945609862
3033.4391928885825
3030.3596137683635
3028.3140748941332
3025.3364327563886
3023.4735043319065
3020.5668482199103
3018.8350696545986
3015.9260835952473
3014.5543169280181
3011.9161179215262
3010.6918314415257
3007.7898598393422
3006.3696902771226
3002.4269060657293
3000.5107467166708
2994.6746024644785
2991.679391919025
2991.2089564239573
2985.4198647100934
2983.1944834965238
2971.0330575360458
2964.4953786655901
2930.6532481378913
2918.8016553521084
2864.2473770078068
3199.8425720595656
3199.8517174321737
3199.8622980347241
3199.8646802664507
3199.8623889884452
3199.8569502348432
3199.8474682100896
3199.8274577955281
3199.8074496623617
3199.7491614975738
3199.6747486683635
3199.573112044056
3199.4047508895401
3199.1492818647748
3198.7572048806214
3198.1852993104276
3197.4082990405896
3196.3858219185263
3195.0853712024832
3193.4818285586439
3191.559139572345
3189.2930168583111
3186.6892394007909
3183.7631774885772
3180.5366848649919
3177.0353016637332
3173.2863490073591
3169.3179967670399
3165.1576568065507
3160.8311507115363
3156.3622424617884
3151.7729160385843
3147.0829803659694
3142.3105435805996
3137.471418496657
3132.5798437856297
3127.6486907766357
3122.6898817772421
3117.7133787849648
3112.7309583347842
3107.7476991884196
3102.7775945929634
3097.8188310256646
3092.8940584025645
3087.9837320659954
3083.1014611365708
3078.2382934474776
3073.4234251683074
3068.6294455491443
3063.9169159597891
3059.239022894456
3054.6514044516102
3050.0636852606817
3045.5886021554384
3041.1092118792717
3036.8806040871714
3032.5743848503039
3028.5827332429963
3024.440704364662
3020.7270196999498
3016.7572212887017
3013.3385601924165
3009.5433063204041
3006.4305215291142
3002.8067826490565
2999.9981321638356
2996.5391527226589
2994.0206133302013
2990.7127346092743
2988.4579661241155
2985.2822193141269
2983.2520931835834
2980.1793635665158
2978.3246819608644
2975.2806939109078
2973.8374719468243
2971.1028741790306
2969.8685966818371
2966.9242097917595
2965.5402924982459
2961.6166492030929
2959.7892928077313
2953.8849661120762
2951.1663623544428
2951.2348720957257
2946.0702023910812
2944.8477596233588
2933.0001520717879
2927.3067434160939
2891.1311707254799
2881.9182544535033
2827.7213665159975
3199.8190114615641
3199.8140392130358
3199.7953073777721
3199.751752922798
3199.6867630315055
3199.6071624185433
3199.5354647896484
3199.4124865733679
3199.2703527603462
3198.9457088803574
3198.527631017344
3197.9650625215818
3197.1481633296657
3196.0345185676033
3194.5622120311418
3192.7184188948104
3190.4786819390069
3187.8760603346955
3184.9227120195383
3181.6421169965001
3178.0362389793281
3174.1360328000474
3169.9763113563599
3165.5894373213091
3161.0053419081387
3156.2501122436875
3151.3467721539273
3146.3160695963397
3141.1764435430155
3135.9442900680988
3130.6344604212832
3125.2608204911444
3119.8359353355936
3114.3713095856619
3108.8773199264238
3103.3636721084295
3097.8392057354608
3092.3123519476931
3086.7903035732525
3081.2810453128127
3075.7902706986565
3070.3265060844001
3064.8930320964064
3059.5010333169803
3054.1499502906618
3048.85507756365
3043.6058630558014
3038.430614966062
3033.2994803599695
3028.2677746799227
3023.2441412566423
3018.3163270620798
3013.3770956114981
3008.5862139492283
3003.7855514041939
2999.1821676672848
2994.4491420211048
2990.0210533977074
2985.4955829196028
2981.3773939164998
2977.031913541286
2973.2389876910338
2969.0924301006498
2965.6362011439123
2961.6892305636738
2958.5730302417651
2954.8211261558263
2952.0342262886697
2948.4651479658496
2945.9836861563008
2942.5796912585802
2940.3665869696033
2937.100560828515
2935.1097802292793
2931.9064175948174
2930.3817114990848
2927.5281868208772
2926.279401870278
2923.2719874594427
2921.9217683903903
2917.9970552693408
2916.2591902739382
2910.2654333928049
2908.0858861313627
2908.5977233049293
2903.8748815632466
2903.7981808782511
2892.220502649363
2887.5542903646578
2849.0095166123515
2841.3776142066959
2784.6505339234527
3199.6514834800741
3199.5636789223549
3199.3866735235902
3199.0497836169093
3198.5870162522983
3198.1231576574464
3197.6868322754881
3197.1124462531311
3196.2292897158468
3194.899928796724
3193.4091458933881
3191.5817732509272
3189.2767387457393
3186.5273703755679
3183.3146995974325
3179.681811792083
3175.6835708245521
3171.394019588321
3166.8522122609661
3162.101539202969
3157.1357299847655
3151.986355573506
3146.6839112426178
3141.2522373589431
3135.7101856715394
3130.0727059237061
3124.3524444498348
3118.5605218367368
3112.7065894792604
3106.7998273650201
3100.8491414988589
3094.8632096675492
3088.8504558373161
3082.8188215138175
3076.7762589490803
3070.7297392341434
3064.68659927615
3058.6528473731382
3052.6351564979682
3046.6392478904017
3040.671127209624
3034.7371832510662
3028.8410005043675
3022.992970962991
3017.1912941246046
3011.4531472146527
3005.7678512474281
3000.1648413827265
2994.6163542525874
2989.174296263579
2983.7819193039963
2978.5253228933329
2973.2925450592556
2968.244047007689
2963.1572605076717
2958.2112362428661
2953.1991389693599
2948.4447367915132
2943.5607531495057
2938.9555394469808
2934.1993028677548
2929.9869248290147
2925.4334792623449
2921.5969520111748
2917.2731483919524
2913.8152095926266
2909.7197438425201
2906.6336987397399
2902.7568485191196
2900.0214281354815
2896.3472391346959
2893.9274367864946
2890.431014644957
2888.2848102941084
2884.8898138783393
2883.270784982798
2880.2717720217638
2879.004756643134
2875.9118952839549
2874.5958500010638
2870.6493001054637
2869.0063704652002
2862.8828337059622
2861.3435553173608
2862.3894929239009
2858.7690026097621
2859.7629410686195
2848.0519609429134
2844.69700221417
2804.2450960435522
2799.2679538871535
2729.706935573563
3198.6885255646098
3198.1847927230592
3197.2851669701427
3195.6232480598292
3193.68501225727
3191.9836993350305
3190.5566418672306
3188.8108320918482
3186.5755155544189
3183.5562243948107
3180.5679340719003
3177.1711063878129
3173.2318131658185
3168.8353053911019
3163.9972475798077
3158.7927927867572
3153.3084614979734
3147.6424781946384
3141.8465688752685
3135.9891447269615
3130.0299540337583
3123.9839149719228
3117.8654130167415
3111.6836692010766
3105.4449932141438
3099.1543764344292
3092.8160263009145
3086.4340358063273
3080.0125679137614
3073.5563620837752
3067.0705046771723
3060.560366159807
3054.0320161249333
3047.4910220251086
3040.9440856173633
3034.3965577531553
3027.855387744059
3021.32545538451
3014.8140181717886
3008.3257899496152
3001.8673015162276
2995.4453347427225
2989.0620714433276
2982.7311095672717
2976.4471772602524
2970.2325012349966
2964.0718475564722
2958.0010203500487
2951.9880374006334
2946.0886189292578
2940.2458848091997
2934.5459342108852
2928.8932638542865
2923.4146107977658
2917.972583531493
2912.7272800251403
2907.4959169746057
2902.4700633171133
2897.2733047873953
2892.3546621464097
2887.2809030448957
2882.5146669540059
2877.4885656624629
2873.2020257886866
2868.4165159322379
2864.5569402827418
2860.0405423275097
2856.6034146302031
2852.3491466269411
2849.31597111366
2845.3099939178446
2842.6468243460226
2838.8658355926418
2836.5346814893105
2832.9006238473075
2831.1678728288975
2827.9836554331168
2826.6935203219191
2823.4835391535075
2822.2038222096799
2818.2074631605583
2816.6693588551598
2810.3579093469816
2809.5631688306567
2811.2584979790377
2809.1708905364858
2811.2951358364294
2799.5345667926122
2797.9355927410179
2755.1150525301914
2757.2294272540221
2678.8101330441104
3193.9750379186876
3192.0568966203823
3189.2870400355928
3184.6299109072384
3180.3007086984444
3177.0584717090273
3174.4938783184293
3171.5409889084767
3167.9897257804214
3163.2977048854982
3158.9541995258346
3154.1020946409462
3148.6841733501387
3142.7997559554433
3136.5407326834643
3130.0006887306822
3123.3209369761735
3116.596433654764
3109.9458631322373
3103.3582168467492
3096.7363012660689
3090.0797217434438
3083.3909703583163
3076.6700084075605
3069.9158574249554
3063.1275600283725
3056.3040617696697
3049.4452705504991
3042.551678286984
3035.624939446689
3028.6677427347786
3021.6831720773835
3014.6760478995061
3007.6502186535299
3000.6121213311776
2993.5660235916339
2986.5192243300885
2979.4762324378926
2972.4452780216561
2965.431166011113
2958.4404854842578
2951.4835624159032
2944.5585052863357
2937.6874537515423
2930.8568558721358
2924.1017657012148
2917.3943644921801
2910.7883522589618
2904.2339367963614
2897.8103757929589
2891.4353952128331
2885.2293255034774
2879.055377901173
2873.0984308025918
2867.1401140871626
2861.4610830939246
2855.7220421128309
2850.3467918721281
2844.8166092451734
2839.733602607886
2834.286475655756
2829.203804925271
2823.8164847752296
2818.8854990920318
2813.5008720504748
2809.1261726250427
2804.0604870992834
2800.1809376104989
2795.4428972162673
2792.0406436478988
2787.6122153342089
2784.6473585649956
2780.5010305573469
2777.9369610493013
2773.9894168942665
2772.1089037340676
2768.672338456116
2767.3482771164181
2763.9643295854221
2762.7210857224641
2758.6237042517823
2757.2055089098276
2750.759284071351
2750.0685960823848
2752.5785558344473
2753.06440045207
2756.3657162898653
2745.1537352265836
2745.842541066228
2702.3539354120053
2706.0788824431229
2630.6114892429614
3179.3446671323527
3175.2620079489257
3170.2777336697513
3162.5948995586286
3156.1862975441336
3151.727225798054
3148.2493537101732
3144.2155774852868
3139.4622251473384
3133.2846399342379
3127.7385958574096
3121.6153163328936
3114.9492188407235
3107.846340222929
3100.4693036216404
3092.9315088938956
3085.4363099070947
3078.1084426635412
3070.9597280120934
3063.8721109643061
3056.7683492296533
3049.647054083694
3042.5071454880754
3035.3453018918726
3028.1575119300492
3020.9400111662117
3013.688839003426
3006.4014471504406
2999.0757924796339
2991.7110104406206
2984.307759597219
2976.8665459628828
2969.3909152450719
2961.8823796438551
2954.346822861783
2946.7868359482945
2939.2098367657291
2931.6195465459182
2924.024567077136
2916.4314095990067
2908.844076912329
2901.281220373824
2893.7315363303078
2886.2334766430445
2878.7574661523681
2871.3620938476242
2863.9964078950698
2856.745499967788
2849.5287130763531
2842.4651796959388
2835.430628531979
2828.6001585618151
2821.774003502187
2815.2175542882601
2808.6157188465013
2802.3670200243523
2795.9935540438983
2790.0793638834521
2783.9229028695399
2778.3657674880142
2772.4015859755127
2767.2084341852533
2761.3250975368251
2756.0186547466001
2750.0428383182389
2744.9275194520005
2739.1137821392449
2734.6567886795174
2729.2968529275217
2725.4252254881631
2720.4567979678445
2717.0979556958541
2712.4737880326388
2709.5866398428147
2705.2126406394609
2703.1035427697111
2699.304077456457
2697.8945251334931
2694.2244600542226
2693.0047758100704
2688.6931554646326
2687.4083782583948
2680.9553986588626
2680.1984138553603
2684.6411953864908
2687.345102631105
2691.3246726103207
2682.7185966154861
2686.2088877276765
2641.8693524041264
2652.1837751751973
2560.7488010828147
3150.626349280848
3145.2005431605244
3138.3861134911645
3128.743873358128
3120.7844411624701
3115.3069754975008
3111.2176420247852
3106.3468812547876
3100.7082151316927
3093.2559375501737
3086.7135053803509
3079.5614147694478
3071.9206005412698
3063.9051677894327
3055.7827786607518
3047.6855813313086
3039.7122898043895
3031.9412793252886
3024.2586145754231
3016.655141482694
3009.0447565420859
3001.4246314757747
2993.7923941176305
2986.1441501842241
2978.4746593657887
2970.7793880921354
2963.0529168695539
2955.2911855698717
2947.4901414692408
2939.646171542513
2931.7575120356005
2923.8209607922777
2915.8375578095538
2907.8051023332405
2899.726982971782
2891.6029911679057
2883.4383379324531
2875.2355202947579
2866.9999647573122
2858.7422409420428
2850.4576944531495
2842.1793831572186
2833.8786279381029
2825.6191311833718
2817.3458343054099
2809.1523114529341
2800.953804951012
2792.8790845018748
2784.8063141983589
2776.9061746301691
2769.0044609898059
2761.3388579925299
2753.6438484577266
2746.2644168628908
2738.7976213867191
2731.742699599386
2724.5121717083812
2717.8122477021043
2710.8130243461865
2704.4862259339466
2697.7024931578399
2691.7568632626453
2685.1692265276356
2679.6020360158309
2673.0586371342151
2667.2270023863048
2660.6207713636136
2655.5459155997441
2649.4831769204793
2645.0486842491559
2639.4105813647207
2635.5139540732457
2630.2451825144744
2626.8570407203633
2621.8639955985795
2619.3333384050684
2614.9700178508183
2613.2995049631145
2609.107237894289
2607.8480160944887
2603.049898456225
2601.8725875455525
2595.1833858169184
2594.1654382999241
2600.7555038085225
2607.1431631492683
2611.8152629749807
2607.1542126796244
2615.5726855583039
2569.6523412402998
2593.0140282190805
2481.5197002062905
3106.7700888832273
3100.622565498224
3092.3232261314783
3081.588830749522
3072.5783297193216
3066.3807250831719
3062.0055654247576
3056.5721228372777
3050.3600526949795
3041.8776908628479
3034.5334464888683
3026.651315041971
3018.4055037949724
3009.9550767473756
3001.4308625081471
2992.9069341265922
2984.3824638982833
2975.9735852777803
2967.6499290978786
2959.4025128970129
2951.1379562857919
2942.8567106891937
2934.5590636105362
2926.2440366614178
2917.9079774952193
2909.5481928260742
2901.1602086243811
2892.7404716386609
2884.2849076017237
2875.7883917628824
2867.2474244408804
2858.6552384922261
2850.0090820002506
2841.302456060142
2832.5331937313144
2823.6977293295286
2814.7940316610852
2805.8241785741452
2796.7827906290377
2787.6879474358843
2778.5171972263347
2769.3228393181134
2760.0509111604497
2750.7958395207652
2741.4705280299077
2732.2090114662797
2722.887844920655
2713.6844865602939
2704.4316324899555
2695.3592415792268
2686.2372606159483
2677.3717154750857
2668.4314047693879
2659.8419242300256
2651.1201596558258
2642.8638940059473
2634.385552736182
2626.506561495748
2618.2791082396684
2610.8042735459744
2602.8302566623743
2595.7681048489935
2588.0597697675012
2581.4059316769153
2574.0145672037215
2567.8262792708788
2560.7602521494314
2555.1964040066027
2548.4655468421042
2543.3394973645068
2536.8923773282872
2532.1902683069861
2526.0374249770189
2521.8062199760034
2515.8745742936521
2512.544603473767
2507.2187530984038
2504.9352909835334
2499.7339946267807
2498.1722964942605
2492.3423647599338
2491.0826761139251
2483.5823444266816
2481.7190132524088
2491.0836486277876
2502.2897244294013
2508.2284673398995
2508.9206035405155
2521.8348803370209
2477.2522694648615
2522.9092762709829
2383.2212371880282
3044.2887656239932
3037.512434114974
3027.9968273277059
3016.2899999628794
3007.1097069163607
3000.7694421232263
2996.5003409669112
2990.5328630775571
2983.9419886369137
2974.8204266925454
2967.1209539069978
2959.0188656981486
2950.544791882985
2941.8181815348921
2932.8017793441095
2923.6265486202569
2914.3822458191275
2905.209889055694
2896.06716603926
2886.9573161021854
2877.7820036575836
2868.5490423429351
2859.2663464263064
2849.940513052381
2840.5742043767905
2831.1704411772371
2821.7298826843589
2812.2530819979556
2802.7398874684473
2793.1875375637828
2783.5935468780076
2773.9510637022495
2764.2534563253244
2754.4926040276837
2744.6574645257861
2734.7428633811974
2724.7319774215694
2714.630304708036
2704.4099912621186
2694.1004711932237
2683.6537026129795
2673.1380025513222
2662.4767226609551
2651.7822746379588
2640.9470441166959
2630.1294004366255
2619.1861888584704
2608.3282822595133
2597.3580408503749
2586.5595695982156
2575.6470625366842
2565.0103221794893
2554.2368113864809
2543.845271391247
2533.3015996820131
2523.303589771896
2513.0771979330821
2503.5741515103973
2493.704779514344
2484.7645676051861
2475.2676437720916
2466.9401128056011
2457.820920031189
2450.1673503974725
2441.81768294122
2435.3408784252474
2427.9980031782447
2421.7794416656184
2414.3756238461506
2408.2441926191245
2400.9231195594407
2394.9843678205193
2387.8401984140933
2382.230461856208
2375.2063732977726
2370.3935784709006
2363.8500200226081
2360.1320322094516
2353.5421174594157
2350.7988178983992
2343.3297974116599
2341.3935053916948
2332.0473179447049
2327.912976225371
2339.4886259806362
2354.7123551606746
2364.1840466632943
2368.3123615831455
2380.2648490322867
2343.6449584542429
2419.6181044303562
2244.9604321085781
2952.4045544719474
2946.5517689948238
2936.2280140920693
2923.2519975138789
2914.1315808078562
2909.0909690181347
2905.9365940161442
2899.6154265984201
2893.0116653011974
2883.4483694831865
2875.348236974919
2866.7715943119251
2857.6576451212081
2848.115281543824
2838.2198385337192
2828.090376455707
2817.7947919091066
2807.4987973681032
2797.1342144180935
2786.717815224376
2776.1403586153974
2765.415021811315
2754.5592244971208
2743.5887275508017
2732.517526971702
2721.3589512660319
2710.124698093633
2698.8244856402471
2687.4676254422816
2676.0603240742885
2664.6062710574361
2653.1061310163486
2641.5531311284076
2629.9436388945965
2618.2561853787442
2606.4919391424833
2594.6126743146892
2582.6353182905414
2570.5034556521764
2558.2591529429728
2545.8316929330531
2533.2871752111723
2520.5535561990855
2507.7212039266064
2494.7160325192376
2481.6605469010115
2468.4624677308352
2455.3033473731452
2442.0123341580756
2428.9104021507364
2415.6465550647813
2402.7722539987381
2389.6582495346452
2377.1581553953833
2364.7413355343479
2353.0721216133056
2341.4138521510276
2330.6379965849228
2319.7544940286689
2309.8833776752926
2299.7731233761865
2290.7744387444068
2281.4194214587474
2273.3133077615148
2264.9888044704503
2257.7830389870765
2249.7879221987969
2242.4878970935251
2234.4447019839413
2227.1106786307364
2219.1034145672884
2211.8227756344863
2203.8870580764928
2196.8085081235922
2188.8014727391064
2182.3276587549394
2174.4486302362097
2168.9941706240493
2160.6793212267203
2156.3712854209602
2146.7788087881404
2143.6995977575075
2131.6955944885271
2124.0414486274231
2135.5427611704708
2150.2432330049264
2160.8330986607984
2166.1916518851258
2175.6927130435224
2144.6792294319116
2252.7169576452047
2047.8250096062147
2812.1022865156892
2808.401321013524
2798.0325696693344
2782.5905907123838
2773.1594492311519
2767.9008168666164
2765.4049413998569
2759.5461941713083
2752.5925264275279
2740.8078913339546
2730.7874354716178
2720.3175288004841
2709.3220516071869
2697.8734977910308
2686.0168428595962
2673.8752502536108
2661.4913198536328
2649.0564851199833
2636.4531896850863
2623.7106734321183
2610.6929277819099
2597.409966090067
2583.8818901522009
2570.1342789369464
2556.1960238187366
2542.094446924044
2527.8599972271536
2513.5202568945306
2499.1035754352756
2484.637059660146
2470.1408904466525
2455.6379337622898
2441.1307764595126
2426.6367524792504
2412.1317648025115
2397.6365371842139
2383.0958533234648
2368.545722932206
2353.9087651782311
2339.2323671278646
2324.4511093305164
2309.5980176511816
2294.6576961826918
2279.6464781770496
2264.596764966202
2249.5269570109799
2234.4788809960519
2219.5295735929212
2204.6240313803082
2190.0315141342348
2175.4397617032919
2161.4238483900613
2147.3250638096351
2134.131942009999
2121.2920321819788
2109.2834654505191
2097.5509721043727
2086.6676713022048
2075.97710273861
2066.106312969549
2056.3940191701208
2047.3812102321017
2038.564895305781
2030.2334234079067
2021.5969725500674
2013.2963288917349
2004.8047614991369
1996.5306762563248
1988.1505307547989
1979.9071995820232
1971.6146119576617
1963.4735104918016
1955.1835314003877
1947.3108105932281
1938.685793245389
1931.4642118367772
1922.5080664070174
1916.5764156020764
1906.6703391564417
1902.4299124983422
1890.5990961179668
1888.244860822256
1873.96994244077
1863.0749758491347
1875.9958935747695
1887.9275458151155
1898.1750875996886
1903.9819704360316
1913.9076896095253
1878.5405949029794
1994.7888025172929
1789.5650993692016
2519.7203661290196
2509.5801276434518
2494.510562786068
2474.9600907069298
2460.4424444570082
2448.9618586400552
2443.1284074931273
2429.4251035268899
2414.4330812008138
2398.6732180997174
2385.2039468796233
2370.641657137633
2355.1131836643199
2338.8600030733905
2322.0594430196979
2304.9563619174601
2287.7086379537036
2270.5870257298702
2253.5587551359113
2236.4416465936692
2219.0158498172104
2201.294789566447
2183.306368993045
2165.0909006807083
2146.695871522857
2128.1802526894744
2109.6024028762363
2091.0309334251178
2072.5233818087399
2054.1501700582903
2035.956259160198
2018.0045559283565
2000.3144084189057
1982.9328449384411
1965.8442914200041
1949.0823113228162
1932.5955364361935
1916.4179136763159
1900.4701377494557
1884.7978899814445
1869.3164305554956
1854.0840929367184
1839.0314936496482
1824.244273854657
1809.6486476881653
1795.3904888547643
1781.3593867065822
1767.7688571710441
1754.4592551627329
1741.6919285381018
1729.2889043912774
1717.4362177666876
1706.1248336084134
1695.1737128112838
1684.1827392042728
1673.6530155861528
1663.0544892708431
1652.9820686549069
1642.7674527491408
1633.1037705443332
1623.2086321836618
1613.911377837215
1604.2867942719222
1595.3381918850498
1585.9541204886057
1577.3356683147797
1568.1450521234708
1559.8840966442067
1550.8457811543767
1543.022627758477
1534.066284763737
1526.7852548745132
1517.7612221447625
1511.1737297691329
1501.6690390542421
1495.9997883858534
1485.6705884704099
1481.4902674151042
1470.0709155064717
1467.6715210308519
1454.8859107728149
1454.1465778432291
1440.3709222859504
1433.1453326189553
1433.7717709471408
1436.5189591634112
1439.36300172693
1433.2067923486686
1437.587360282467
1410.8985715191109
1471.3535653901554
1349.4720033833662
3004.1431603308988
2970.8582974099359
2931.4227583232691
2885.1823625078259
2839.5185185494502
2791.5481672060114
2738.8639890486443
2688.7343605463047
2644.1892104074477
2592.0542728157402
2532.6891075516701
2489.9189880242311
2453.1828357975146
2395.3992291725785
2342.121154278278
2319.4861357987265
2294.4901433929281
2244.5888328594797
2200.6478226113331
2183.6065618450325
2176.152713124322
2156.5535553709833
2119.6144359050763
2101.55144492408
2095.7787214231944
2089.0681226591073
2068.5224832575568
2044.9187607591789
2034.8265634470656
2025.7063980821324
2002.3924505628531
1974.7486284336205
1962.4389573699793
1949.7363995071441
1919.0441592927862
1896.7509399780242
1879.9388943643191
1856.1965243956429
1832.229581041343
1817.3752511959465
3000.6975887177687
2968.4493281893247
2931.9136318195146
2888.3886792815492
2842.9082907444322
2798.9711993737219
2758.0958912182873
2711.28997195599
2658.8825536274176
2616.3984875693563
2582.8529893514715
2533.5461024825104
2473.1576223593024
2438.4946643305993
2418.4829650906986
2376.6503768329867
2322.3195547996056
2292.7443566316888
2280.3135263128984
2256.5703018262348
2214.5167168628709
2188.073438516657
2178.7444900840878
2170.3286457142735
2146.6732390508137
2115.5676102137504
2101.1017595180697
2094.881963882453
2085.7500526217941
2059.3678460483384
2036.3509401813822
2026.6399974771473
2012.4804546574387
1993.691101501654
1971.0710373727968
1953.5695337065945
1938.2342037478304
1916.7956319474731
1895.2358016102255
1875.5198961111726
2998.7804262821028
2966.0429460536457
2926.4784616546549
2884.0231040027938
2844.1952558440739
2796.8159050410322
2746.2302659019888
2703.9562078210893
2666.220345218891
2623.9537548989192
2570.6137895273232
2515.8315432509235
2480.6804489630449
2459.9461947961681
2422.7017721622997
2365.5781932055893
2319.825694965929
2300.865582344466
2291.3364472228727
2270.0898052623043
2219.6737352023733
2186.4559283193189
2175.2048150254327
2170.3041937132916
2159.3310932034174
2125.0063770289826
2099.0752778026326
2089.9539537237365
2083.976808336959
2068.5747682435967
2037.9539547956424
2022.7073618383085
2014.3129993249854
1993.6608956385626
1971.7043156385619
1956.2993738266919
1937.243228904536
1916.3886843485013
1897.3317076002254
1879.565920728779
2994.6142178955006
2963.4990547433022
2925.4898910478269
2874.927892119571
2833.4217648992922
2801.8114729322342
2751.1113935091657
2689.630662489541
2652.9509267653079
2629.5352680380402
2581.587033747398
2516.0695406588789
2470.5922748358134
2451.7407326403559
2431.7994370727852
2383.8625277956089
2328.6818043914859
2298.169166174639
2287.7093884371261
2276.738399095706
2243.2832131808996
2199.502720955687
2183.2999335206014
2176.5284207863201
2161.4615898980896
2138.9084346581935
2116.2651191400982
2098.1007874645461
2086.7976142309467
2073.9870088720972
2050.7155815392521
2025.0870104642265
2010.61685193622
2002.4223618723913
1984.1472280038658
1955.3611435278008
1936.4037832348843
1922.1292809193724
1904.3894124888022
1884.5394574982026
2992.0874274116309
2955.4448054964832
2919.1196380882252
2879.1346510048784
2826.9238010638483
2779.1588219655355
2749.8309625416136
2703.1485060939372
2642.2950170991908
2604.5172213563269
2576.6252286667691
2526.7939385858658
2473.0597075758728
2446.9283184163824
2424.3837151633074
2376.9929555948397
2335.4086015629719
2318.8959855996477
2300.9273677634897
2263.6739304641601
2232.4332170910429
2219.7167597716925
2208.8928539838544
2182.0148964707728
2149.714151342791
2131.8462496401571
2124.513984207234
2114.4503836309004
2085.1000994201986
2059.5578865422985
2050.0815032709311
2034.6284797004666
2016.8428593672552
1993.5509387809059
1975.4305609523547
1961.1994377806991
1939.9910006859623
1918.8030893749024
1902.3803754756666
1885.0622021938736
2990.1998877182032
2955.0743268758488
2906.6975828380687
2864.7759425849426
2833.2178752084565
2780.4004153209962
2724.1667518262743
2689.807847440326
2654.4602346672737
2606.2788398401735
2555.5272491503183
2511.1269062345696
2482.0952109156037
2457.8817093805455
2415.5432511341414
2366.7359897878173
2338.6775093632964
2327.7429524619952
2311.0848902406369
2270.8887889726748
2234.1337195520937
2216.4898543228783
2209.2032993884986
2197.2168543160051
2163.1588709025909
2133.1718751098115
2121.7639982338064
2113.782261055534
2090.4307580362538
2067.7586993191649
2050.6163289770634
2031.1232159258095
2017.3202436444485
1996.9008423411838
1974.189628183404
1958.6209675727061
1941.0872335302417
1919.585827054864
1901.4594764963292
1884.5207578104257
2982.634603592644
2951.4184774625624
2908.7891935748303
2851.5111132880124
2810.432473503673
2782.7736756489517
2729.841869039547
2667.6989923254978
2634.7066536734792
2609.2533813739083
2556.6589550851709
2500.7784150395723
2472.6839820245755
2456.2215069203303
2421.0876036718309
2371.2286108742746
2337.1381753866885
2323.7432362830164
2313.5102113297967
2286.8106220589848
2242.5158980812871
2216.3502577273371
2206.8004748718531
2198.8661026736468
2175.6369417290889
2138.5934435960235
2124.5572865091726
2110.8054996992933
2091.6096057856194
2072.7750947334289
2049.0258060080805
2030.2503848524509
2016.5651037592352
1995.0554720672137
1973.3685008410507
1957.1359372066263
1938.4781273641638
1917.385741920521
1899.7937937700226
1883.0731983547983
2978.8719926531185
2938.9295513146053
2900.3660699222996
2855.4973122546276
2801.0471370023733
2761.0341325769923
2725.1272645982403
2665.7200146207447
2621.9888397929903
2599.3220138843844
2555.6652841353862
2498.0741307678518
2462.137647962134
2448.1212180960297
2427.0915866023979
2380.0951446640561
2338.2147832309306
2319.03181813016
2310.8993885973327
2295.8572348742055
2254.3919454265533
2221.0535453116936
2208.9428835339786
2200.3666441555615
2173.9363524004007
2148.3559410014072
2131.0123015633635
2106.1170528214143
2092.064006348558
2077.9856853945157
2048.592428952129
2025.3703488972617
2015.4105585965262
1995.9308236519848
1970.9677924464236
1955.6777708204488
1937.2284427142408
1914.9892577464111
1897.6584830950235
1881.2251081814541
2976.8777015952237
2936.5651421331609
2882.0854962399435
2840.6915212306053
2807.0739339520273
2755.6531305137705
2701.3509737549962
2657.297733423361
2623.3485590245764
2591.244033131064
2542.4830829837192
2490.7393484082886
2463.0432047809472
2450.5985862970629
2426.4072529566979
2378.0755923713477
2339.9994305904452
2324.2269486504274
2316.3345503048622
2299.218652840676
2254.4580918932638
2225.7173509996828
2215.9737039088495
2204.1047275286414
2171.0241916934265
2151.9240067495966
2134.9234634404761
2106.0712905951091
2089.4133179006467
2077.5141007102256
2049.0069713717603
2025.1190961688665
2013.3820796717062
1993.893959327607
1969.4912957763345
1951.5206370298122
1934.1363146258561
1913.5698182359904
1894.8842042211556
1878.6798003753634
2967.6289591153986
2932.7705268135373
2881.7170064037277
2819.1934992200872
2780.5513230068436
2755.2989640684386
2702.5959506466234
2638.4798234607379
2602.0149231838236
2583.0586258759872
2542.4901738503904
2488.2084218032651
2458.6991672893409
2446.7537486263936
2425.7546532528995
2379.7406017992344
2344.4205775925534
2330.1549215631067
2320.9706438319508
2297.2192617994237
2254.793650613813
2234.451328180618
2224.8415264255859
2202.6059834635789
2168.6873899336742
2154.4596403230294
2139.0539739383971
2106.2721696272483
2085.0278866762519
2074.7144475544064
2051.2597472678831
2022.2409806392
2009.5556538627761
1992.5127443884876
1966.2858899418359
1948.3089119541153
1931.552186198968
1910.8277258888636
1891.1424824435574
1876.2025069292206
2956.2388070615502
2914.5573657775117
2875.4111627330399
2820.9661125050316
2753.9127097158971
2716.5127624648903
2694.620344516235
2644.3208351757676
2582.9026432926116
2561.0946372565418
2533.0884705207641
2485.2465699533564
2454.7021308624999
2442.537604735171
2420.735250479001
2377.6284778749718
2348.2455530254169
2336.7827713342458
2323.7595701840428
2288.358563325331
2255.2227332946263
2242.1311078607232
2228.817819675779
2194.9301742337557
2165.9197143373103
2154.3581415838253
2138.3032503558925
2102.7562581849465
2079.9742103338208
2069.9613885660979
2048.1277752503402
2020.5171522329686
2001.6171528745667
1988.2096060163481
1963.1793776979644
1942.1764537509698
1924.6855521122743
1907.4590839069494
1885.1894798134156
1871.6958833995966
2946.9946785957745
2889.1403070523406
2844.4561516546478
2813.055037893525
2750.6432282444266
2680.2046604492416
2652.4134582545653
2629.2807777448506
2573.9993654925306
2542.4038799872324
2514.1869308076166
2473.7441994926003
2450.5914326121615
2437.7276066991735
2409.9847648491095
2371.0494825663168
2347.9099427835017
2337.5199324779096
2318.3693273308431
2279.1255869660795
2254.3077782979612
2243.1610878250663
2222.1838952623311
2185.144526680755
2162.0738027088396
2151.602311326023
2131.6333940217182
2093.9958342779078
2071.5114040517656
2061.8320948423884
2040.6771338581796
2013.1716861784003
1991.1865250616615
1978.4992813987487
1952.9668218070772
1936.2031890054518
1912.4773885712507
1898.3997953324565
1874.1657145572412
1865.132778405718
2930.1834491708223
2866.9804985908113
2799.3316871683869
2766.9480917039509
2737.4608941506112
2664.4420961394471
2604.2807183065875
2585.5936136117448
2560.418664090153
2518.8034872184862
2480.9158528218691
2455.9170806942907
2442.25640998068
2420.6659394580552
2385.8017867199369
2356.8750249547893
2343.2913651134168
2330.4175338225964
2299.0224331164909
2263.132597620765
2244.2190887721804
2233.4508821885124
2210.5067087254133
2170.6415666537732
2145.1712024411563
2134.9403661320894
2118.4930342577763
2083.456745730809
2056.072657622416
2044.5437231825069
2022.6856503108334
2000.9428675619056
1974.1714544581739
1960.9914004593627
1937.5098339820111
1919.4701143616614
1894.8686598206623
1881.419662811117
1855.3133689567594
1851.7192627160166
2894.757357496906
2840.9709927995696
2765.5141574956665
2706.4576151201677
2683.6529411785496
2646.4147919824313
2576.4973507437298
2534.1122433020514
2520.0640696140317
2497.7576100801116
2455.1295256168232
2427.0698537415565
2415.6718794355238
2401.3829974673722
2368.8980058502921
2337.5178537999786
2321.3980977680767
2310.1533420997025
2285.0448042536441
2245.8713129242924
2220.5154832770099
2209.6267770338586
2194.0520921003572
2154.6182900605968
2124.0506966697549
2112.7685757773161
2092.7869203233195
2065.5704986979126
2038.1139441812124
2022.2998865506497
2000.2198432958244
1978.3015418733203
1952.6319061815755
1938.7731856656003
1915.5279719365801
1897.269506267703
1873.3947087834292
1859.4904876853309
1831.3735624945718
1831.8559890245676
2849.6204825441828
2801.0592255757529
2740.4799635565319
2665.2175918966195
2619.5012292379834
2599.2385233009654
2559.0711164904933
2501.835455113157
2472.4680429592331
2461.1089931838046
2436.0624436411454
2401.7176535239528
2384.4641489789074
2373.5341309816631
2349.1014182263002
2314.4533010204468
2293.8121412532223
2283.3591901321233
2263.0150323280463
2222.9917756597652
2195.8418756628744
2184.5748914760916
2168.5357077581357
2129.9235659877077
2101.0297296242957
2089.4739227481446
2068.5401384262259
2038.1056055509575
2014.7891281402581
2000.9107919530215
1973.7923701658892
1952.0055779565985
1930.9917037986697
1915.4013711275513
1890.3420004439126
1872.6761725127747
1850.0053743149961
1835.8895575141689
1807.7237865618415
1809.8037199355038
2804.1425941783823
2747.1647882044849
2704.179063471161
2638.4856073735418
2569.888973400165
2538.556752565341
2521.090759107758
2480.5668452057953
2435.4435793510147
2419.370832938801
2407.5665456815545
2379.4902773417498
2354.7617634967132
2343.3813633344816
2323.7637582176944
2290.0439523241253
2267.9122644400782
2256.9105707494241
2235.0051969351684
2195.5585402526162
2173.5984945139721
2161.6374785045327
2131.6806994038757
2107.1134383962367
2085.0384720013999
2059.423117301812
2036.7309079038012
2018.6277097089639
1989.415696387081
1970.4721311303051
1950.2775377502032
1929.1023453018372
1903.7663699435509
1888.4197670763344
1866.534999551566
1848.1762256018146
1825.1399416354591
1810.7135093335103
1783.2819136352564
1787.5737665049362
2764.0055085422514
2688.9547879390479
2651.4082779233181
2608.9583637286414
2536.2483475737699
2484.8427092965344
2470.2370514721661
2451.1067537055014
2407.264491279911
2381.4662561890236
2371.7262092994447
2353.5385097050853
2326.6126186662873
2313.5704894778719
2293.9109961939512
2261.5014831523517
2241.2256886408259
2229.5681897129343
2203.9005331198618
2166.7772878367582
2147.7844475480042
2134.9289504984235
2104.627894752301
2076.2380162046461
2054.2238561095587
2036.9243198426805
2010.5901780485785
1985.4679584598302
1962.7222822972665
1946.8875615681598
1921.740203430674
1899.4612403371409
1878.2428230545386
1862.6177671466039
1839.5758451245865
1821.1134792682296
1799.2738479343252
1784.7121403812662
1757.9800125795502
1764.5286043669284
2730.6945305769932
2639.9653218696362
2586.6328994542046
2561.9133352671074
2505.6887438816234
2442.1446941301006
2422.4258481172342
2408.8680673038143
2373.3169061078816
2347.5495507113774
2338.1709167761851
2322.5075053397222
2296.1522427575342
2281.9945852334026
2257.084600551244
2234.59972316415
2219.9012811576445
2191.6618855475203
2162.7075457302158
2148.7834946213575
2124.0562587813315
2093.9400357226968
2071.6274990587317
2054.1091683022714
2025.6378083257871
2001.3612228609811
1981.0113180374194
1960.0283631650755
1933.2569026469587
1914.7303383560718
1893.2348848285608
1872.1204374218037
1849.9785422809664
1833.3410284735132
1811.4281876633913
1792.8979541985677
1771.6760149662721
1756.7506216486693
1731.092638284174
1740.6815219087596
2685.2933201934516
2609.2939491623974
2529.5785420291968
2492.8216091599384
2465.4259099451733
2406.452814625608
2373.2784501872738
2363.4531861935311
2338.7345517647773
2311.2774993315506
2300.7726738551819
2286.5346885740096
2265.9392207322167
2246.3609438634739
2220.9318684100572
2202.5911782863968
2186.6071015650691
2157.618701183671
2128.2672820924067
2113.6750734888992
2094.7168837101608
2061.0171293759026
2035.063288654123
2020.4434519247325
1996.4602883594671
1970.0028660131693
1946.6247814226222
1925.7417627330472
1904.0814609025397
1884.4436464609812
1860.2246451515907
1839.3129448264499
1820.581496456356
1802.5356652832768
1780.4210240875284
1761.7184407234374
1741.9048933751369
1726.4712898726775
1702.3102675909131
1715.6972683215486
2614.4050071119377
2556.8694056521995
2497.6482025681044
2427.0864177779554
2390.0898361706977
2367.1910960796267
2337.7712325392472
2308.6049920043833
2286.2736909365553
2276.908614073302
2268.2770842896575
2247.1859604089718
2219.9009720101344
2207.6527483399118
2190.6955384934108
2163.5432491572456
2143.1580936768432
2120.3504621152806
2098.736997234414
2075.6786729290484
2049.7294412931492
2026.0695932136475
2006.8999975989025
1981.0338659818894
1955.720286675034
1935.3121896983691
1915.4834246740324
1888.1951082617561
1867.7094814382538
1848.7265062974361
1827.5712884944669
1803.7203230442419
1786.9720767629349
1766.2856640057717
1747.7971728476014
1726.4376229856912
1709.752597913626
1690.8854287273994
1670.1028083391388
1688.8103770542459
2559.1863811760218
2471.389789235142
2435.8011071438573
2393.3818157213723
2332.0216490404896
2293.6506633234544
2282.8547702167566
2265.9778710885057
2242.4401567812952
2229.897616811927
2220.8939397502882
2199.3004909477831
2180.7930772483201
2167.2679185427423
2140.698137650746
2121.858579782765
2103.1880681911871
2075.0269369399784
2055.0339005629075
2034.5459002127229
2008.5437295976092
1983.0084990830014
1964.2292450773632
1940.1417321570352
1915.7874847602116
1893.5193548618308
1873.3835696248814
1847.529021739248
1828.2846650531674
1807.6363716991514
1786.3382901950661
1763.489179244976
1747.6144839418359
1726.1433506114713
1707.9964659185619
1686.6396315079592
1670.343272736482
1651.6165034246408
1629.6088307598664
1659.1759766378234
2505.9945200228281
2411.1292046784993
2349.0647739848719
2320.8936010731627
2282.9833894110698
2236.0288343447028
2215.1728803849082
2203.1192305685859
2189.6361494313128
2181.5042858593274
2166.3319339691852
2143.8664448291511
2131.4792729230917
2116.3976272546065
2088.3892832830729
2068.8467610612452
2053.266368793521
2025.2031781945163
2004.6630805231764
1983.2406586987152
1959.9262522158044
1932.774895403644
1915.2004899189983
1889.7293109406121
1867.2690277037671
1843.5703794371386
1824.9170813121975
1797.6131647454329
1780.4871000148503
1756.9482077564498
1738.3603549810039
1713.8403336128233
1699.131885504177
1674.658149448459
1659.7849762343312
1635.4821492386413
1621.2434534866818
1600.0043340150469
1571.4488359794434
1624.9982941871822
2418.9001469218779
2331.7717603364185
2279.7550965305759
2235.2035190773177
2193.3985237197348
2159.6687851076927
2145.3148236133416
2134.3946344158053
2121.2195903101483
2113.672121283214
2100.504084521614
2079.849013869089
2068.6601111743403
2048.8290547947072
2024.6972387837502
2006.8038961801576
1989.2687533492906
1961.700949475209
1943.599946455761
1917.9013506560766
1895.780457596233
1870.8411690184148
1852.7907808554439
1823.3301343525973
1804.1234060206825
1779.0801797789454
1759.7641803000756
1730.6995696483455
1715.3929104194863
1688.4227536944788
1671.1219791742644
1643.6374293763454
1629.7325279613895
1601.9254612185114
1588.5876756373725
1558.7443425196209
1548.0822346862965
1520.7350362511038
1480.9930484386173
1569.7902174551407
2323.5020639661752
2219.9536754895366
2174.8486719548041
2138.5489410632299
2095.0718420888061
2059.3021597066231
2048.5609494000714
2042.5551479644173
2031.8181794263983
2024.5388056142988
2010.5677186856281
1992.1661164129346
1981.1377586929216
1959.2479160222501
1937.0161585704923
1918.6165987088502
1900.5055644914175
1872.5013994237045
1854.1563460672548
1826.0103414547555
1804.629515976738
1777.6316248335588
1758.2785667272635
1726.7913289345895
1707.5462922195572
1678.7382112542839
1658.3864378192741
1627.4811205834619
1611.2357186555171
1580.7735121849107
1562.9806477085788
1533.4167176830977
1518.8552669731016
1489.1894941697224
1475.6785272016837
1444.314893668545
1434.7634560457795
1404.2719102248382
1357.6748311149809
1471.6485664122422
2190.32242451819
2076.4188689552143
2036.3300512676119
1999.8511901349914
1956.550475118476
1921.0789944773007
1912.7614841942702
1909.4071971423061
1900.1454352308735
1892.1622325416427
1876.2093535146637
1859.0473651712716
1846.8736305520185
1821.3791570562848
1800.5655736204251
1780.3466843908868
1760.8612213984422
1730.2012080353938
1711.1425690281569
1680.4682923013156
1659.3497601274844
1629.4824823892504
1609.0301202920243
1576.2784296887005
1557.514467496012
1527.059318683315
1507.7002727267877
1477.6006378484872
1462.225632053887
1432.8334974233176
1417.5279527430785
1390.7354880171501
1378.4538299562832
1352.6459286350057
1341.9867337577346
1315.4974017638729
1309.8398165463186
1284.1831570039117
1245.0301684636424
1351.9031502151945
1996.551098992097
1879.5002550258159
1846.5358585873239
1811.3089891932291
1766.3429040712588
1731.9113435208853
1724.7606674879671
1718.6481376217703
1709.4574727751938
1696.259245874018
1679.4180147216864
1659.5957100422684
1645.4271013185817
1617.0755369711103
1600.5421056191033
1577.6555047674765
1558.7146516719351
1529.5284419671061
1513.6520132959038
1485.146169218066
1468.4869998913096
1441.9900394304993
1426.5995866544458
1399.9798258617082
1387.1545369716009
1363.0812180565631
1350.423334211569
1328.1500552476098
1318.5005061402676
1297.5227976970034
1288.2925342245499
1269.9909257078555
1262.6408740226773
1245.8628526533228
1239.3845550097676
1222.0868227244594
1219.9374138812361
1204.074917555417
1180.7099578422694
1261.3694489739537
1738.1693545661003
1638.5061499513174
1591.7300800636988
1591.6940903450177
1527.4282573817147
1498.3081178992347
1490.9619763636542
1483.6204202127685
1474.8578805448499
1460.4598413773244
1448.363849000576
1432.4450237231931
1421.6895459893838
1401.0343608210064
1391.1127177554947
1374.9141188069239
1363.4595845405875
1344.1146114777337
1335.8933308641119
1318.1424188599915
1309.447300606517
1292.9242742647873
1285.6165399141439
1269.588463107568
1263.1212183573041
1249.3606150309383
1243.3460358660077
1230.3355538229775
1225.5283813579367
1214.4115075789873
1209.8174109703607
1199.6771284285935
1196.1257215837143
1187.417187363633
1184.2319007524945
1174.8238658227278
1174.7859220255432
1167.3823395600516
1154.300065328295
1224.4803806616585
1327.370194655728
1247.8302545393233
1238.3613781535664
1233.2297453373221
1201.6303498674397
1191.0361371250742
1199.6302887629361
1201.9017572155981
1201.1031922099917
1199.5785123314893
1197.3650835209066
1194.5279231731649
1192.3478378650045
1188.8592395161988
1186.0285014776944
1183.2408702367147
1180.6069692557071
1177.0368516077094
1174.8606364834729
1171.8861189363681
1169.7700793462302
1167.1263275803897
1165.5029654262589
1162.9649942829001
1161.7002986127295
1159.7798852977808
1158.6802945369693
1156.8928377230282
1156.395536077737
1155.0172320008005
1154.5199466838856
1153.4364924491133
1153.4274392059851
1152.4396538307385
1152.6468165093042
1149.9725492119119
1154.6310230744616
1148.3337301253007
1127.8003648171668
1210.288959737544
)
;

boundaryField
{
    inlet
    {
        type            fixedValue;
        value           uniform 3200;
    }
    outlet
    {
        type            zeroGradient;
    }
    fluid_to_graphite
    {
        type            fixedValue;
        value           uniform 893.83600000000001;
    }
    wedgeBack
    {
        type            wedge;
    }
    wedgeFront
    {
        type            wedge;
    }
    defaultFaces
    {
        type            empty;
    }
}


                                                                               
