                                                                               
                             
                                                                   
                                                            
                                          
                             
                                                                               
FoamFile
{
    format      ascii;
    class       volScalarField;
    location    "1.0049999999999706/fluid";
    object      p;
}
                                                                               

dimensions      [1 -1 -2 0 0 0 0];

internalField   nonuniform List<scalar> 
4592
(
2702855.2429519915
2702739.2406582041
2702642.1111034974
2702534.1530319965
2702443.012445881
2702345.0895924084
2702259.0464625824
2702170.3361404049
2702089.5775039312
2702008.7370374054
2701933.3161847671
2701859.0900236065
2701788.7733324505
2701720.158749646
2701654.4719646052
2701590.5895548807
2701529.0259458707
2701469.1754672034
2701411.19587564
2701354.7601986788
2701299.8719511922
2701246.3297300255
2701194.1056920164
2701143.0040929504
2701093.0538928751
2701043.9944903268
2700996.0026842523
2700948.6133808279
2700902.3542714887
2700856.2481731293
2700811.6290332591
2700766.3374374979
2702852.8152175131
2702735.0685954918
2702637.5260125855
2702528.2131097913
2702436.056910017
2702336.8105053529
2702249.5327568869
2702159.4090749254
2702077.210336613
2701994.7970897215
2701917.7318482962
2701841.7249939051
2701769.5258019646
2701698.8930446426
2701631.0677050943
2701564.9235654511
2701500.9413169879
2701438.5598715479
2701377.9115238399
2701318.6686451128
2701260.8504595542
2701204.2380529745
2701148.8368827146
2701094.4308377025
2701041.0734183001
2700988.5023640171
2700936.9195625684
2700885.8445519665
2700835.880382386
2700785.9352529771
2700737.6329337708
2700688.2883329191
2702857.205992945
2702739.2363631567
2702642.4748372068
2702532.990586401
2702441.6668920703
2702342.5460921936
2702256.0658118608
2702166.3424402652
2702084.9416892114
2702003.1292185881
2701926.8859514906
2701851.6180149671
2701780.2820889154
2701710.483171639
2701643.5619333326
2701578.313793934
2701515.272816286
2701453.8255262543
2701394.1352585903
2701335.8524991688
2701278.9997898685
2701223.3543497389
2701168.9149742029
2701115.4616669128
2701063.0593933361
2701011.4133556737
2700960.7791695707
2700910.5767760561
2700861.5839955513
2700812.3895719922
2700765.1921824832
2700716.2722544838
2702859.1507513509
2702739.4576930557
2702643.891520258
2702533.4216245296
2702442.9102340681
2702343.3871991467
2702257.5240487531
2702167.7992930701
2702086.9467967707
2702005.388659806
2701929.6876637563
2701854.8344341512
2701784.0660724221
2701714.7840439882
2701648.4646208072
2701583.7910248381
2701521.3858748781
2701460.5517825279
2701401.5023475233
2701343.852710885
2701287.6419821251
2701232.6283316729
2701178.8199827839
2701125.9813485728
2701074.1921344968
2701023.1297673224
2700973.090767988
2700923.4198598941
2700875.0262598828
2700826.2565836306
2700779.7465596721
2700730.985593799
2702864.9266643533
2702743.8403761094
2702649.8245021906
2702538.5366846174
2702449.39808894
2702349.7619000012
2702265.1072331746
2702175.8129829685
2702096.1291320901
2702015.3717283066
2701940.8690766706
2701867.0689555705
2701797.5782136098
2701729.528477048
2701664.5819473267
2701601.2646759711
2701540.328774713
2701480.9541852665
2701423.4339347249
2701367.3226456419
2701312.6879352191
2701259.2685639262
2701207.0667976686
2701155.8444436933
2701105.685502544
2701056.2446448845
2701007.8436437584
2700959.7783801132
2700913.0358433919
2700865.8140501133
2700821.0068347189
2700773.6483498728
2702869.1682142308
2702745.5582104125
2702653.6567943981
2702540.9552053558
2702453.4140798631
2702353.3653897424
2702269.9879131117
2702180.9716418386
2702102.459891065
2702022.4188181721
2701949.0979592144
2701876.2999345814
2701808.0662810341
2701741.2169720256
2701677.6214524088
2701615.6563891806
2701556.1663695276
2701498.2420432921
2701442.2482824349
2701387.6675876011
2701334.611719843
2701282.7751106322
2701232.1807933496
2701182.5672012805
2701134.0270426446
2701086.1979825725
2701039.4074843805
2700992.9392449134
2700947.782771497
2700902.1273485227
2700858.8927601143
2700813.02562855
2702875.2693665698
2702748.6975238901
2702659.3438341548
2702544.9639844163
2702459.3534496771
2702358.836832027
2702276.9881736101
2702188.3259146237
2702111.2050496493
2702032.0281094802
2701960.1057663588
2701888.5037637567
2701821.7574550388
2701756.3390251943
2701694.3449707422
2701633.9989516009
2701576.2332895719
2701520.0514583555
2701465.8946438534
2701413.1602439773
2701362.019717393
2701312.1058358476
2701263.4759499449
2701215.8299651719
2701169.2743980214
2701123.432286703
2701078.6203138619
2701034.1356914998
2700990.9193322319
2700947.2520364136
2700905.8684826926
2700862.0157654816
2702880.6290378575
2702750.0232267017
2702663.8606524928
2702547.2486278932
2702463.8612135639
2702362.6392293419
2702282.4297925616
2702194.0263615227
2702118.3255765331
2702039.9697115496
2701969.4496293277
2701899.0206817025
2701833.7570260148
2701769.7530371463
2701709.3693765057
2701650.6279505752
2701594.5995456805
2701540.1670797728
2701487.8667583205
2701436.9939155211
2701387.7990086935
2701339.828884454
2701293.1983712283
2701247.5483619953
2701203.0066536041
2701159.1894918154
2701116.3577894936
2701073.9143758346
2701032.6123473994
2700990.9914732357
2700951.3850809881
2700909.6587921577
2702886.820014406
2702751.2589676278
2702668.8883897732
2702549.5786118689
2702468.7147315843
2702366.6266109636
2702288.195238655
2702200.0201187697
2702125.8095220481
2702048.2911416097
2701979.2249859693
2701910.0040709679
2701846.2760304543
2701783.7276005438
2701725.0300321286
2701667.9459341238
2701613.7410600134
2701561.1375255752
2701510.798486378
2701461.8874739604
2701414.763069842
2701368.855157332
2701324.3645073534
2701280.8434124216
2701238.4664984113
2701196.8075024784
2701156.1183498502
2701115.8554807482
2701076.5891991924
2701037.1911287536
2700999.4157494516
2700960.0494641503
2702892.79075123
2702751.0293653449
2702673.2043206105
2702550.6207233784
2702472.5955481497
2702369.4338324885
2702292.8750004433
2702204.8475664165
2702132.1306748092
2702055.4001126918
2701987.7578103077
2701919.6966805672
2701857.4668544079
2701796.3303556344
2701739.2817710997
2701683.8118559048
2701631.4111179155
2701580.6044812105
2701532.2233450674
2701485.2586234235
2701440.2217330351
2701396.3744003656
2701354.056284748
2701312.6780987461
2701272.5060826303
2701233.0346001899
2701194.517424114
2701156.4682741282
2701119.2498710905
2701082.1215904709
2701046.1298817894
2701009.2137438939
2702899.1734053027
2702749.9210810526
2702677.4089057492
2702551.0119695575
2702476.1288185394
2702371.7354742396
2702297.1357558463
2702209.2108226577
2702137.9884087602
2702062.0179684954
2701995.7728880038
2701928.836670232
2701868.0736168851
2701808.3124494539
2701752.882311482
2701698.9915473652
2701648.3830276337
2701599.3487037099
2701552.9350208389
2701507.911094937
2701464.9975546524
2701423.2276820042
2701383.1394738923
2701343.950130282
2701306.0469559468
2701268.8372014822
2701232.5595064359
2701196.8030262697
2701161.6891823048
2701126.9201026973
2701092.7153922091
2701058.3757788767
2702905.7345700851
2702747.4693925623
2702681.1679608854
2702550.3779296563
2702478.9602845283
2702373.1739453729
2702300.5990107316
2702212.7162347506
2702142.9570696247
2702067.6890850668
2702002.7765217093
2701936.8921579933
2701877.5240641753
2701819.052957484
2701765.1710460009
2701712.7761465651
2701663.9051261083
2701616.5682778731
2701572.0903850212
2701528.9516713475
2701488.1584193367
2701448.4368219008
2701410.6069892836
2701373.6001719707
2701338.0271542976
2701303.0901886919
2701269.120032486
2701235.6949301683
2701202.7346061133
2701170.3806395857
2701137.9602740337
2701106.2828365401
2702912.5622215071
2702743.656740997
2702684.4770770511
2702548.7836811426
2702481.1144752395
2702373.8459252268
2702303.3326563584
2702215.4749072571
2702147.1369562992
2702072.5368061103
2702008.887884127
2701943.9903438459
2701885.9384090034
2701828.6693012374
2701776.2541661281
2701725.2592644049
2701678.0538216196
2701632.3216596455
2701589.7302962756
2701548.4001812693
2701509.7108234297
2701471.98947404
2701436.445069198
2701401.5992167639
2701368.4289190085
2701335.7779673301
2701304.209022854
2701273.160448933
2701242.4485419276
2701212.5746291406
2701181.9946277766
2701153.0724254055
2702919.9871114222
2702738.5756062367
2702687.5991283748
2702546.4715929837
2702482.8696796778
2702374.0250633187
2702305.6021404457
2702217.7315002838
2702150.7545843613
2702076.7588859382
2702014.2872821288
2701950.28342915
2701893.4553694599
2701837.2752290168
2701786.235689478
2701736.5211871038
2701690.9024540978
2701646.6578319473
2701605.8973369189
2701566.2765960051
2701529.6701461277
2701493.8820895879
2701460.6466866788
2701427.939214651
2701397.2399673788
2701366.8894318729
2701337.8370480905
2701309.2124367091
2701280.8796620853
2701253.5555015784
2701224.9162163148
2701198.8383073318
2702927.5722285197
2702731.7176022311
2702689.9357137815
2702543.0128291729
2702483.6749600503
2702373.2830228829
2702306.9208515799
2702219.070290071
2702153.3779915594
2702079.9638725286
2702018.5759169175
2701955.3893593056
2701899.6759492955
2701844.4695708766
2701794.6846502284
2701746.1107156803
2701701.9581923424
2701659.0519672204
2701620.0183202024
2701581.9671487664
2701547.3733127895
2701513.4097149209
2701482.4674977357
2701451.8343480635
2701423.6599262729
2701395.5940860608
2701369.190734379
2701343.0175380493
2701317.2572547328
2701292.5382305952
2701266.0471650064
2701242.8818889651
2702936.2953720158
2702723.7214814234
2702692.4787405762
2702539.3235803274
2702484.5583760878
2702372.5910849022
2702308.2839795072
2702220.4283616608
2702155.9456119644
2702083.041466652
2702022.6515829749
2701960.1778426976
2701905.4934504144
2701851.1353490492
2701802.5195558057
2701754.9442464681
2701712.179077595
2701670.4596694964
2701633.0876765964
2701596.4612743282
2701563.8452137122
2701531.5861662216
2701502.9532870296
2701474.3218287895
2701448.7597796987
2701422.975439162
2701399.3874500538
2701375.7313938043
2701352.7781698052
2701330.7770864395
2701306.6933398838
2701286.5568000781
2702944.9116008435
2702713.4832369452
2702693.6821563412
2702534.2496398906
2702484.0504758111
2702370.6964059067
2702308.3204706348
2702220.5556163038
2702157.172070317
2702084.7752371691
2702025.2635950898
2701963.4236813639
2701909.6222945042
2701855.9776078332
2701808.3609228628
2701761.6115928921
2701720.0544838184
2701679.3268981744
2701643.4427485662
2701608.0407702378
2701577.258079099
2701546.5162283466
2701520.1081132856
2701493.3299620575
2701470.3943597265
2701446.8074958306
2701426.1933243489
2701405.0365162939
2701385.2213245509
2701365.9633599422
2701344.7800080436
2701327.6750201802
2702955.4880608795
2702702.3356829104
2702695.8050290141
2702529.7186287027
2702484.4150158912
2702369.6676561255
2702309.2073385939
2702221.4960636469
2702159.1527196928
2702087.1832455052
2702028.5092338654
2701967.2075890191
2701914.2670759126
2701861.2231456372
2701814.5887639304
2701768.523184706
2701728.1485445127
2701688.2392790006
2701653.8101035636
2701619.4367019343
2701590.4642795133
2701561.0454340391
2701536.8788759173
2701511.8030366665
2701491.5824953537
2701470.1423293306
2701452.7006757176
2701434.1387219336
2701417.7813492403
2701401.5245880741
2701383.6557018762
2701369.9075596943
2702965.2537457906
2702688.4152629357
2702695.5640358133
2702523.3792098691
2702482.5821520356
2702366.8465223699
2702308.0478797741
2702220.5554356356
2702159.0818953626
2702087.5513559706
2702029.5181142478
2701968.6558062611
2701916.3299525008
2701863.7159066587
2701817.7879494326
2701772.1976704295
2701732.7153028725
2701693.3991329777
2701660.1350530996
2701626.5491829882
2701599.1142031844
2701570.7628808101
2701548.6104302746
2701524.9845255869
2701507.3572526108
2701487.842885647
2701473.6699582008
2701457.5295811468
2701445.1068349415
2701431.7119122846
2701418.1540765543
2701407.5581465145
2702978.4051354495
2702673.820084475
2702697.5593564278
2702518.7102226634
2702482.864509746
2702366.0381007609
2702308.9271284412
2702221.5650871885
2702160.9928477369
2702089.830479613
2702032.5572296712
2701972.1018409068
2701920.5732014943
2701868.3523816732
2701823.3221260142
2701778.1077272813
2701739.6732621603
2701700.7689843629
2701668.7776526832
2701635.7209939007
2701609.8997223559
2701582.3107291404
2701562.2510192604
2701539.786359441
2701524.8783359374
2701507.1283360748
2701496.4394912431
2701482.8682640744
2701474.6990287234
2701464.858840513
2701455.9958495535
2701449.8633306008
2702989.0177590298
2702656.0887481999
2702695.3438958246
2702511.5368714524
2702479.6529192463
2702362.4739977182
2702306.6312226807
2702219.6502209012
2702159.6612950298
2702088.8513673483
2702031.8940534107
2701971.648077101
2701920.3642458473
2701868.2561710607
2701823.5367407459
2701778.4294269048
2701740.4683125238
2701701.7426449689
2701670.4732804112
2701637.7246592985
2701612.9877635851
2701585.9076463333
2701567.4315410033
2701545.8124037464
2701533.1740236189
2701516.7918534046
2701509.3947376246
2701497.8486003517
2701494.460364447
2701487.3796652486
2701485.1396666835
2701482.396945125
2703005.8993047178
2702637.4762628688
2702697.7456787969
2702507.5049504465
2702480.2628983543
2702362.2726239786
2702307.8297197698
2702221.0223596334
2702161.8992296001
2702091.4303771695
2702035.3442138107
2701975.4600192504
2701925.1429724814
2701873.3213968035
2701829.6549578374
2701784.6904067406
2701747.8632976101
2701709.1598053719
2701679.1679307618
2701646.3862132728
2701623.1893334407
2701596.1340357373
2701579.6232090066
2701558.2932544341
2701548.2836589231
2701532.8212775346
2701529.0627136226
2701519.6784490691
2701521.2973732916
2701518.7311656787
2701522.9000124838
2701528.4659404443
2703016.1370211327
2702616.3428192348
2702692.7239532103
2702499.978205855
2702475.64807523
2702358.2086181873
2702304.5798352971
2702218.3570787334
2702159.4254461508
2702089.1909802677
2702032.8865126697
2701972.9244749551
2701922.2339355792
2701870.1519587901
2701826.139690476
2701780.8901408683
2701743.8403211003
2701704.8978325636
2701674.8906329856
2701641.937731836
2701619.0602190634
2701591.9296092629
2701576.224810041
2701555.035839227
2701546.5168872024
2701531.655604396
2701530.6174976965
2701522.406859633
2701529.2275351277
2701528.5244013569
2701542.6226269957
2701551.7531195632
2703039.4565088488
2702592.0644477466
2702696.4244963136
2702497.3245094619
2702476.7714300011
2702358.5456987568
2702306.0141591672
2702219.887658264
2702161.9845283581
2702092.0600209171
2702037.0741446842
2701977.4832185237
2701928.3218797008
2701876.4977562274
2701834.1612549
2701788.9056212767
2701753.6484403792
2701714.4351604064
2701686.3557795221
2701652.8806698578
2701632.1105636805
2701604.2322094124
2701590.8746904363
2701568.7725869878
2701563.0416215784
2701547.3845475647
2701549.965765819
2701542.1350534307
2701554.3111791089
2701558.7253781841
2701581.1860608873
2701609.3331295066
2703045.8193821697
2702569.472486536
2702687.5225811261
2702489.9353712392
2702470.9477901221
2702354.5171959819
2702302.2885898137
2702217.0660193944
2702158.7639666232
2702089.0479372265
2702032.9665270476
2701973.1453012344
2701922.6331469626
2701870.3177424269
2701826.5160179664
2701780.6728140754
2701743.811922763
2701703.9554611244
2701674.2524528382
2701640.0945726577
2701617.9321383014
2701589.3374159262
2701575.1163997473
2701552.4620822263
2701546.5809917836
2701531.1244833167
2701535.0311968331
2701527.886920399
2701544.2253305982
2701547.4957460174
2701582.1740977243
2701612.1189148086
2703082.5170277511
2702533.2508983118
2702693.7853279011
2702489.3533121618
2702472.4206204358
2702354.5918425624
2702303.3025899879
2702217.8442330994
2702161.1632773299
2702091.4897520174
2702037.7742093946
2701977.9722034144
2701930.1467959709
2701877.6920065694
2701837.0077935671
2701790.7369111925
2701757.6410621805
2701717.1553487014
2701691.8861685204
2701656.9018674553
2701639.7916858969
2701610.1704003122
2701601.3092423361
2701576.837123632
2701576.1354375957
2701556.0406244509
2701562.3251943449
2701545.4559130413
2701561.3662568452
2701561.6417706702
2701609.3224336635
2701689.3471266199
2703076.0190414367
2702512.835426122
2702681.0569161847
2702483.4580799029
2702466.7907125177
2702352.1389207658
2702299.4866772215
2702215.1524931146
2702156.4013719922
2702087.4897389072
2702030.8279579827
2701971.8165503368
2701920.9862209354
2701869.2952130004
2701825.3313718266
2701779.9366818252
2701742.7107048263
2701702.8938481673
2701672.4409542261
2701637.2797059072
2701613.5523820557
2701581.4679924906
2701564.0291887182
2701533.5660039652
2701520.6008753916
2701493.7181273606
2701489.8411321272
2701473.7338107927
2701496.8484040191
2701514.5241443026
2701616.3893988668
2701749.3010349129
2703211.9747418216
2702395.2763606939
2702677.442852499
2702481.2771595279
2702466.4358214932
2702350.8852387392
2702300.5174744744
2702215.4822811973
2702159.3936585914
2702088.8445432149
2702035.5700274194
2701973.9851172715
2701927.0534663801
2701871.9009510968
2701832.7749584829
2701782.4479849669
2701751.7097859061
2701705.5267739613
2701683.5495477784
2701640.8459609509
2701628.4844999253
2701588.6976777483
2701586.653221258
2701550.0113048973
2701560.3234672141
2701529.2210983229
2701557.3402920184
2701541.6292932085
2701609.7273710687
2701643.5595927616
2701825.0254598008
2701982.3268899894
2700723.4866571664
2700677.840817621
2700634.4818657413
2700587.1228799974
2700538.1124759829
2700489.2559576095
2700440.6124237548
2700387.144028665
2700337.8523818399
2700275.8075917913
2700225.0548771671
2700162.3901718212
2700104.4707997111
2700039.1959737157
2699974.6083434126
2699904.9927089475
2699833.8636850943
2699758.704972533
2699680.8740448556
2699599.6021409072
2699514.5682214666
2699425.5030047442
2699332.2035460966
2699234.1074397378
2699131.2454989557
2699022.7233162574
2698908.7879033624
2698788.223403662
2698661.3586455774
2698526.7904647295
2698384.7915123831
2698233.9646971272
2698074.1821957934
2697904.3461123193
2697723.8005705015
2697531.4436438121
2697326.6509619085
2697107.5971092945
2696874.1640790845
2696623.6159172202
2696356.083668014
2696068.0432793633
2695760.0077518048
2695427.0959146111
2695070.5790578495
2694683.837652639
2694268.9246717119
2693817.2685928852
2693331.5784067423
2692801.5169187644
2692229.2569567985
2691603.7086059256
2690925.5519869942
2690182.4624921195
2689374.1944614705
2688485.0623790673
2687515.6395081384
2686445.3348893304
2685271.1126195975
2683977.2479255032
2682544.8734761854
2680961.7287706039
2679206.1030805414
2677253.7034348999
2675079.7313580974
2672652.7216831329
2669937.4246698106
2666885.3488348131
2663463.9547924954
2659595.4138262011
2655225.2287226985
2650275.5261253035
2644637.1513365512
2638212.2452574354
2630891.4955763123
2622465.6288230224
2612676.816522256
2601242.7781311129
2587878.8038330325
2572177.0745126759
2553775.8097703392
2532220.6535781063
2506915.9368049395
2480031.5003255554
2443270.1856933809
2399133.4909999063
2348541.0267890082
2291541.9051988516
2227058.5358749577
2147169.219738795
2051666.1858985336
1944464.575073638
2700642.1019208049
2700592.4470329732
2700546.7854718193
2700495.2050604089
2700439.5718111387
2700387.4642641912
2700335.1631141561
2700276.3062956654
2700223.1136927204
2700148.1685843621
2700097.6609227243
2700026.5800287547
2699963.6347496854
2699890.2326903949
2699818.1134310905
2699739.6674251393
2699659.6348712919
2699574.9855176467
2699487.6503580143
2699396.8834726852
2699301.5713095712
2699201.7631005314
2699097.0773248854
2698986.9494909598
2698871.389641623
2698749.3559229472
2698621.1308580507
2698485.321558815
2698342.3708129474
2698190.5950773149
2698030.5009688432
2697860.1331968522
2697680.0460107098
2697487.9421252375
2697284.4540308295
2697066.8385129757
2696835.8633351545
2696588.1889784024
2696324.7922575083
2696041.561317598
2695739.7561165267
2695414.294038197
2695066.7893470861
2694690.9127543205
2694288.7639207505
2693852.5413574935
2693384.6753751189
2692875.6166846477
2692328.4758636854
2691731.4670852232
2691087.3547977982
2690383.5857651583
2689621.2610487407
2688785.711733107
2687878.5721075912
2686879.9976741723
2685793.4875696185
2684592.8070241208
2683280.3936761939
2681828.4766420475
2680231.5010414198
2678460.8752663103
2676503.5609541787
2674326.5432211393
2671908.3718064534
2669206.6257474762
2666195.5194066698
2662810.6507598287
2659021.7992484127
2654747.0838601436
2649927.3636077093
2644468.2092595687
2638278.7321212427
2631218.9433434489
2623207.9351945412
2613965.9051452321
2603219.8791761934
2590688.9820526363
2576102.3458150956
2559074.0137964203
2539287.7190216519
2516334.8710681181
2489775.150819052
2461623.9019546728
2422099.3435285981
2376038.3555440842
2324461.4140172703
2266961.5237057139
2201458.1168550011
2119732.4590780269
2024004.7267728469
1918896.9239194384
2700671.6735653076
2700621.6904164189
2700577.9577270034
2700526.3788660811
2700469.1445921706
2700418.2520838277
2700367.6725961599
2700308.5426278035
2700258.8873882215
2700177.1509061921
2700133.1947154403
2700059.8694386235
2699999.4658858324
2699925.2434120155
2699853.9985982301
2699775.1633851007
2699695.3880590517
2699610.6000423501
2699523.5066101849
2699433.3717060797
2699338.4734834153
2699239.1998076062
2699134.9895051476
2699025.3725442281
2698910.2930029267
2698788.7710648393
2698661.0726465159
2698525.8315739217
2698383.4642236759
2698232.3150046673
2698072.8817361258
2697903.2087527979
2697723.8643248682
2697532.5338234552
2697329.8782585068
2697113.1234713299
2696883.0788065158
2696636.3584849313
2696373.9944486865
2696091.8272973821
2695791.1395728034
2695466.9055191707
2695120.4788381238
2694746.2074256386
2694344.9059690689
2693910.6532780086
2693443.6802959307
2692936.4692722741
2692390.6502065388
2691795.3572295378
2691152.6131345546
2690450.4052288444
2689689.9433716219
2688855.4958972135
2687949.9612578759
2686953.3830554918
2685867.0860664295
2684668.0131682497
2683356.9609198733
2681904.8097368469
2680309.9233384896
2678536.4832237116
2676580.7601449434
2674400.4516450786
2671981.9057895299
2669275.2826606636
2666259.806964668
2662866.9632572229
2659070.8748399988
2654780.4568801029
2649945.8551199278
2644462.5370076029
2638247.6101189735
2631145.8712200527
2623110.2681165775
2613796.7619950916
2602940.8071546191
2590253.8353112135
2575460.2313015065
2558211.1007333733
2538187.568223583
2515034.1502958685
2488249.4311114498
2460799.8340922273
2419922.7033196436
2372952.8063071007
2321209.3370329216
2263982.5730268331
2198661.1298121368
2115296.3329543406
2017802.6463459132
1911794.644643456
2700687.4369902969
2700637.2176615587
2700594.9567087828
2700543.37861021
2700484.0938191148
2700434.09510219
2700384.7871363373
2700324.6962097925
2700277.6713438611
2700187.9539173166
2700150.396486626
2700073.9410314546
2700015.5220067268
2699939.5724327266
2699868.3809337756
2699788.1648138366
2699707.6837003869
2699621.7557696346
2699533.9706888245
2699443.5791905308
2699348.1755374935
2699248.5521000368
2699143.9060418387
2699033.8902189471
2698918.372976643
2698796.4501416888
2698668.3189710206
2698532.688066659
2698389.9060451202
2698238.3911015741
2698078.5788144609
2697908.5798673374
2697728.9115915219
2697537.3132631946
2697334.409534757
2697117.4761543516
2696887.2780942903
2696640.5023088693
2696378.1143793417
2696096.0410066484
2695795.5190502005
2695471.5177866123
2695125.6231459184
2694751.5732682794
2694351.4443548298
2693917.3667386794
2693452.0783640179
2692945.6357814232
2692401.6223855279
2691807.5044878367
2691167.7582081193
2690466.7898263787
2689709.9257320184
2688877.9765326236
2687976.3627831647
2686983.5993514913
2685902.0759053021
2684707.9373469329
2683403.4372933079
2681957.1171906474
2680369.7244146736
2678604.738852276
2676658.9833332421
2674488.858680733
2672080.2791049285
2669387.932078904
2666384.9214635291
2663006.5536396466
2659229.1959983488
2654949.3905928666
2650138.1299482887
2644666.429045768
2638467.6370031047
2631377.6939539849
2623366.0684615602
2614052.0888729263
2603143.979539799
2590354.4367656768
2575411.5951797948
2557969.7133319844
2537726.7779310788
2514369.14418833
2487354.5165451113
2460710.0263552647
2418259.5690707336
2369974.5193477962
2317600.5168927391
2260247.2181811691
2194690.5812179367
2108847.4315583366
2008538.2535584131
1900949.964821476
2700731.9905093359
2700682.966917478
2700642.4459063848
2700591.8741180999
2700531.7825278905
2700483.3644120116
2700436.1644426808
2700376.1568951034
2700332.9274797952
2700237.4308138746
2700206.4653208568
2700128.3290977217
2700072.9832450734
2699996.7699561939
2699927.1296654665
2699847.1485661934
2699767.6454612175
2699682.2818718418
2699595.4941811962
2699506.5037466818
2699412.3598818495
2699314.2286708099
2699211.02743557
2699102.6247941651
2698988.7813304113
2698868.703209158
2698742.493982567
2698608.9860631116
2698468.4163875682
2698319.3454008135
2698162.0883998033
2697994.9113000906
2697818.1925335466
2697629.8612963501
2697430.3646720694
2697217.2234409875
2696990.9731693296
2696748.5913013187
2696490.801499493
2696213.8313087514
2695918.660239425
2695600.6070731618
2695260.9690852375
2694893.8512952682
2694501.059709128
2694075.0943360007
2693618.4189667227
2693121.5053732195
2692587.6303766328
2692004.7613795423
2691376.915739656
2690689.3342132531
2689946.5173765821
2689130.28060759
2688245.9624442393
2687270.9277578876
2686210.5178361256
2685038.5943043781
2683757.3103618547
2682338.7505921707
2680779.0713318633
2679048.0112631898
2677134.6543153641
2675005.0307429722
2672636.5842445004
2669991.3927894519
2667038.9596313681
2663713.726172646
2659999.5118222958
2655779.6540862368
2651044.2663636534
2645644.8807660043
2639527.0727769444
2632523.2510791724
2624618.0559089766
2615391.1711233063
2604545.9749975484
2591765.7502911696
2576808.8976678276
2559303.1027529733
2538964.9033374148
2515521.7257527737
2488357.4820125639
2462706.9368213648
2418777.5551374736
2369224.0114497095
2316139.5225203363
2258628.4453073787
2192775.0982335978
2104309.4014734202
2000725.1782450564
1890446.189336271
2700772.955879584
2700725.4442165946
2700686.3713098271
2700636.9299491434
2700576.3223754065
2700529.4116096152
2700484.1275663571
2700424.1321744705
2700383.9888337613
2700283.4394815913
2700258.3967290455
2700178.7212568047
2700126.1690902407
2700049.6468244758
2699981.415460364
2699901.594219991
2699822.9988974347
2699738.1614822717
2699652.3776318617
2699564.7332087099
2699471.8872498618
2699375.2315442637
2699273.5197304185
2699166.8233148335
2699054.7378592934
2698936.6355078262
2698812.473169453
2698681.2714135293
2698543.0879861419
2698396.70544757
2698242.2407829799
2698078.1965461257
2697904.7457444412
2697720.0740731466
2697524.4024709114
2697315.5453030756
2697093.7748937532
2696856.4129734975
2696603.8783084909
2696332.8040734087
2696043.8086446831
2695732.6916651581
2695400.3310631751
2695041.3686936409
2694657.2231963114
2694240.8315628301
2693794.4150588028
2693308.8536551725
2692787.130582273
2692217.7831010842
2691604.374438826
2690932.9756260635
2690207.2447504574
2689410.5505010672
2688546.6189159779
2687594.9160732338
2686559.3738973206
2685415.3350837678
2684162.8210329791
2682781.3256367291
2681253.203772631
2679567.1650309502
2677694.9081842774
2675616.4844761556
2673300.8088138187
2670716.2480641757
2667828.4523339579
2664576.3164528375
2660940.5847145985
2656809.0068023247
2652167.1400565822
2646874.5357519011
2640869.893236273
2633981.6016185833
2626226.7461576709
2617131.7250839011
2606408.2758059087
2593692.2816799595
2578784.5762877921
2561292.1639344296
2540908.8749146597
2517441.6787500004
2490150.608146871
2465548.2931227856
2420140.1071328181
2369211.449486691
2315263.404310293
2257396.4056016491
2191001.8465663576
2099444.573928819
1992141.5222376292
1878943.6964980813
2700823.6442579282
2700778.3134366376
2700740.4862823454
2700692.5295287822
2700631.9018681832
2700586.626032772
2700543.3245404735
2700483.6700439937
2700446.5866188249
2700342.2924080156
2700322.5906738052
2700241.9497203035
2700192.2454674435
2700115.8399915211
2700049.3363385219
2699970.1041300641
2699892.8363215029
2699808.9615017637
2699724.5932945861
2699638.6373822605
2699547.480512491
2699452.6671711532
2699352.9125057105
2699248.3494667481
2699138.5101404306
2699022.8893196424
2698901.313200539
2698772.9790776391
2698637.7882015444
2698494.7323812442
2698343.7199735236
2698183.5412558015
2698014.0740303253
2697833.9260795652
2697642.7842070195
2697439.2915312233
2697222.7400586619
2696991.5397312529
2696745.221577615
2696481.2794590439
2696199.4387223064
2695896.7266026642
2695572.8490578523
2695223.5683852099
2694849.4908567052
2694444.4192352029
2694009.8460673718
2693537.7438755361
2693029.8259707103
2692476.6689141262
2691879.0246353056
2691227.8793009883
2690520.2085144683
2689747.5984593425
2688905.35593889
2687983.3246926405
2686972.8987685847
2685863.239325338
2684645.7865791018
2683301.0475501409
2681815.2403545142
2680177.3096990488
2678354.5400710306
2676335.6540798014
2674079.1135602472
2671565.0506454417
2668754.7397338087
2665585.9101909827
2662045.6693619108
2658013.9954076302
2653487.5480367872
2648320.4093943844
2642449.8236564784
2635712.1213243823
2628127.4595003622
2619218.247411055
2608639.2638587202
2596065.9477901822
2581257.3918434079
2563849.4850396239
2543495.1870244145
2520063.0442750105
2492681.7529853471
2469181.8071075492
2422334.6255712067
2370022.4664730974
2315110.1405802565
2256745.72119107
2189645.6578810257
2094841.4687010418
1983205.1906197823
1866208.7766077123
2700872.7707682485
2700829.8540762835
2700793.0120715112
2700746.6264985409
2700686.2225474683
2700642.5112945838
2700600.9891573414
2700541.6937186723
2700507.1101760147
2700399.9147860794
2700384.8324974366
2700303.438921113
2700256.3154470553
2700180.0625255615
2700115.1950051114
2700036.5690811016
2699960.6149331871
2699877.7429958605
2699794.8050630232
2699710.5483878166
2699621.0464492757
2699528.1484704618
2699430.3229355724
2699328.009850956
2699220.3899093838
2699107.3912076657
2698988.3772620973
2698863.1086860681
2698730.8881902788
2698591.3600040372
2698443.8613625686
2698287.7088455409
2698122.3424275653
2697946.9031038629
2697760.4873024253
2697562.4910620949
2697351.4584454866
2697126.6520173312
2696886.6591855246
2696630.3663016274
2696355.8248385685
2696062.0873626
2695746.7201545867
2695407.8169494676
2695044.0660559814
2694651.0469919681
2694228.6574995783
2693770.5851291665
2693277.279283761
2692740.9620048241
2692160.2621119213
2691529.499344965
2690841.3781356062
2690093.9818858127
2689275.0671301349
2688382.1604814813
2687401.3524080366
2686325.9651710927
2685144.8148298445
2683839.6736918469
2682400.6487762588
2680811.0683760759
2679044.1699157292
2677081.6393258711
2674894.6119487281
2672458.988882496
2669721.727888565
2666652.5078808102
2663208.3877020995
2659286.2517440161
2654895.0305691236
2649852.0855375151
2644146.1317287507
2637562.7154183206
2630176.1912495787
2621470.220787941
2611076.4218080882
2598686.4917781195
2584038.854428323
2566758.4107724591
2546509.5649285167
2523154.9350539506
2495735.5599916126
2473343.6221782416
2425134.5063461103
2371444.3780822875
2315436.1088106949
2256465.1897795135
2188445.598535514
2090176.7517816992
1974018.6456002207
1852289.8048754341
2700924.5682344604
2700884.375169286
2700848.2762366906
2700803.5818963097
2700743.5988363996
2700701.4168363754
2700661.5264484379
2700602.6835970981
2700570.2818442206
2700460.9807012682
2700449.8815350928
2700367.9760599872
2700323.2426527711
2700247.2351802797
2700183.9949069596
2700106.0456403582
2700031.4699872443
2699949.6621415149
2699868.247617207
2699785.6276791352
2699697.8340650434
2699606.8674868625
2699511.0678433939
2699410.9692586265
2699305.7208166379
2699195.288009543
2699079.0195170175
2698956.7435065284
2698827.6828771476
2698691.6855517915
2698547.745844081
2698395.7927778605
2698234.5147620649
2698063.9162032497
2697882.3320631469
2697689.8399952422
2697484.4963592943
2697266.0960150957
2697032.7590756784
2696783.7846695026
2696517.1531251511
2696231.9693110501
2695925.7126687188
2695596.9890582049
2695243.8787914808
2694862.7488267939
2694452.9629615261
2694009.0496152211
2693530.5549428738
2693010.6766625689
2692448.1518920865
2691836.5629758975
2691170.0777461217
2690446.1430643252
2689652.321212518
2688788.1795517779
2687837.7769432715
2686795.8859066055
2685653.4209594927
2684386.8207455892
2682998.4379737633
2681451.8641018188
2679745.9395966646
2677844.8166256477
2675723.0697519681
2673366.7428379986
2670711.1553987386
2667738.4753461224
2664396.9491239381
2660594.2015474928
2656331.8458441431
2651431.4438135866
2645887.9936536793
2639476.2041545878
2632310.8470165497
2623803.4163707979
2613649.1221337472
2601451.640704025
2587027.9361461322
2569916.5923698666
2549841.8575260737
2526612.3737517507
2499228.5498527638
2477927.2017689361
2428502.4192830725
2373404.8540158258
2316255.6696983348
2256515.9151071021
2187537.2807158907
2085353.588842239
1964272.8972959346
1838234.6297194879
2700974.9765767371
2700937.656486576
2700902.0770270913
2700859.1044675261
2700799.5996788857
2700758.8752311561
2700720.3802241688
2700661.9800054869
2700631.3196095424
2700520.4571080743
2700512.7511790842
2700430.4306504368
2700387.8329083081
2700312.0442947582
2700250.3105744864
2700173.0007118345
2700099.7361785453
2700018.9752588416
2699939.0093996101
2699857.9434493701
2699771.8454470206
2699682.7374594393
2699588.8934958475
2699490.9879361512
2699388.0016284003
2699280.1316581233
2699166.5072982339
2699047.1903870199
2698921.219307492
2698788.6441298109
2698648.3170576412
2698500.3148592575
2698343.2331902524
2698177.2173848646
2698000.5198470787
2697813.3520806674
2697613.6389794326
2697401.5279087122
2697174.6350042317
2696933.0924445833
2696673.9200280122
2696397.3950368087
2696099.9506891561
2695781.3925399641
2695438.425188438
2695069.4990716134
2694671.3072853051
2694242.2332052481
2693777.3060683641
2693274.4202009435
2692729.3033655388
2692136.5141890557
2691491.7057597674
2690790.5130259907
2690021.4683504826
2689185.4491807539
2688265.1563317045
2687257.2563172476
2686150.595049127
2684925.5094095338
2683581.4204072808
2682085.6763873459
2680433.4239473301
2678594.2501311493
2676540.3530820538
2674260.5606072112
2671687.8340547793
2668812.3803701936
2665570.4735248671
2661893.5157190557
2657756.9578408431
2653001.3257877305
2647634.2247862467
2641389.5216978341
2634455.2815808207
2626160.2971888413
2616253.5745026753
2604290.866640972
2590121.3181171189
2573227.0619856105
2553387.1854203222
2530339.1001935867
2503045.8262678906
2482827.7438977109
2432354.1841876102
2375825.3894063584
2317525.7755659148
2256873.5059221587
2186818.0217544958
2080540.7493663987
1954029.0332519261
1822403.7886802477
2701025.2715913062
2700990.9993940741
2700955.684500352
2700914.5280806711
2700855.4965779874
2700816.1472139386
2700778.8212235789
2700720.8476614789
2700691.5827645496
2700579.5537964264
2700574.7401661938
2700492.0541126579
2700451.3653377881
2700375.7563406876
2700315.4127598754
2700238.7002899363
2700166.6719691479
2700086.9304064317
2700008.3218377102
2699928.7442035903
2699844.260682168
2699756.9295263295
2699664.97435254
2699569.1552061685
2699468.3800544152
2699362.947743644
2699251.9050656897
2699135.4255800867
2699012.457020611
2698883.1835034955
2698746.3350525275
2698602.1751058819
2698449.1264425549
2698287.5647293958
2698115.5577929923
2697933.5519863102
2697739.2989393999
2697533.1727662357
2697312.6628390802
2697078.0555947945
2696826.3491615332
2696557.9484551768
2696269.1352718445
2695960.3048641598
2695627.1456997618
2695269.9242699356
2694883.3128083162
2694467.7452768288
2694016.6453379863
2693530.09391993
2693001.0368149728
2692427.3127008565
2691802.8539369539
2691123.3156380821
2690379.1245917561
2689569.5008640946
2688678.9934455804
2687702.5388851096
2686632.2466975963
2685446.4061265029
2684144.9541112832
2682700.3355674455
2681095.823847536
2679323.3985161637
2677330.9089794871
2675127.1158870338
2672633.6423370675
2669857.931580747
2666708.7771713259
2663160.0649724388
2659142.4854747732
2654542.4236699659
2649339.1476408611
2643274.4634518828
2636557.7405578569
2628491.6700317529
2618850.1198587748
2607126.8190030749
2593260.7847639951
2576618.3704775786
2557053.2155158115
2534259.2780222078
2507100.4337139097
2487950.1611815575
2436607.2243837491
2378707.8769561895
2319236.3656789828
2257494.7640653388
2186192.3539986657
2075803.0257996335
1944035.3505434419
1805082.0256830424
2701074.1983625968
2701043.1048847176
2701007.8157974677
2700968.5558510497
2700909.8657848751
2700871.8201812478
2700835.3839487513
2700777.7799041388
2700749.5525490106
2700636.5695134853
2700634.2311453219
2700551.1471421961
2700512.1452356358
2700436.6299874196
2700377.5340391789
2700301.3437800612
2700230.4392176298
2700151.6576417577
2700074.3102575927
2699996.1472577555
2699913.1568930754
2699827.5210194187
2699737.3300042385
2699643.5115681179
2699544.8123706779
2699441.7194288988
2699333.113685837
2699219.3533287938
2699099.2288637846
2698973.1145389299
2698839.578150095
2698699.0748358793
2698549.8901966512
2698392.5381844495
2698225.0826889728
2698047.8355973577
2697859.0501140403
2697658.2969303308
2697444.1912316862
2697215.9509735499
2696971.5568552082
2696710.6060498953
2696430.4912687191
2696130.3332268335
2695807.1196452407
2695460.4605867895
2695085.3831094229
2694682.3281153543
2694244.7141080769
2693773.0716213277
2693260.2112514162
2692704.1755188843
2692098.725057384
2691440.7147949506
2690719.488518408
2689934.9051403808
2689073.5979355378
2688126.5860434296
2687090.8834960149
2685943.2072802214
2684682.0208022916
2683284.7941175741
2681730.9847054533
2680015.396697714
2678087.2534999019
2675953.8949863133
2673540.5258334447
2670851.234993943
2667809.3134778636
2664366.9095307067
2660475.7053070166
2656023.9875016697
2650982.3872891292
2645097.9660477079
2638588.107461364
2630767.7095160913
2621377.7970591886
2609933.1779919113
2596367.6349953273
2580025.5065349285
2560778.5370686804
2538286.0364394933
2511337.2198623177
2493211.0637858161
2441224.9784101248
2382050.5378337526
2321313.360317735
2258392.4802271579
2185732.0743058799
2071036.1141426198
1933709.0232618705
1787912.8849553822
2701121.9547447823
2701094.1782166995
2701058.6792826038
2701021.4152722927
2700962.8382793018
2700926.044796383
2700890.2013700916
2700832.9004615867
2700805.3955318257
2700691.5467495909
2700691.3403717414
2700607.7895255936
2700570.265942269
2700494.7657049163
2700436.7606306416
2700361.0351606309
2700291.14258062
2700213.2324080006
2700137.0219201739
2700060.2017904036
2699978.5756987543
2699894.5548746721
2699805.9964507185
2699714.0859973705
2699617.32469784
2699516.4612156302
2699410.1363140712
2699298.9702983676
2699181.5128361667
2699058.4085025638
2698927.9840270285
2698790.9618168911
2698645.4032373815
2698492.0746854441
2698328.8412947841
2698156.2599237105
2697972.3664729879
2697777.0442059711
2697568.6420050818
2697346.6766945114
2697108.9685070519
2696855.3770430838
2696582.9592928342
2696291.522936509
2695977.3375075455
2695640.8442882532
2695276.4509113976
2694885.398924931
2694460.3196211979
2694003.1994419047
2693504.5844344762
2692966.6445083646
2692377.8040328426
2691740.9446763662
2691041.2022835691
2690280.4465813637
2689445.5386905107
2688528.1664080648
2687523.9113384392
2686412.6220407556
2685189.2833884545
2683837.4304058156
2682331.0584913981
2680670.0649598162
2678802.7525448515
2676734.3823511908
2674402.1747589596
2671789.3900893284
2668851.8777580247
2665514.1476722318
2661742.4504991472
2657432.590110946
2652548.0111386338
2646839.0294560669
2640537.2305660974
2632946.9236125187
2623813.6795076272
2612667.4217466959
2599399.5330183017
2583408.7042879285
2564494.8570635063
2542364.4994758959
2515671.5857391441
2498547.3215114591
2446136.7538889921
2385828.9691371256
2323718.4304113397
2259594.4277086435
2185377.6894406592
2066484.205974692
1922933.7050267949
1769593.5742641778
2701168.6790633644
2701144.3525828896
2701108.4064331283
2701073.2695500203
2701014.4332737019
2700978.8561132094
2700943.2605373492
2700886.1591353249
2700859.0771150338
2700744.2848652266
2700745.962971068
2700661.8048689812
2700625.5821341639
2700549.9776541819
2700492.9145916309
2700417.5803629206
2700348.5671186042
2700271.468250968
2700196.2879314832
2700120.7384686694
2700040.3415445574
2699957.861936945
2699870.7877519657
2699780.6965469765
2699685.7105941558
2699586.9696148047
2699482.7466487065
2699374.0430363175
2699259.0583245088
2699138.7973928945
2699011.2728616204
2698877.5250668852
2698735.3660841598
2698585.7881910037
2698426.5595308188
2698258.2758940281
2698079.058006559
2697888.7415696499
2697685.7399600428
2697469.6199458158
2697238.2230128511
2696991.4394181971
2696726.3253173544
2696443.0223334283
2696137.2747898521
2695810.3258310095
2695455.9032447804
2695076.1595504088
2694662.839982802
2694219.0383787281
2693734.4915970434
2693212.3116482501
2692640.4290952971
2692022.3586985124
2691342.8513096049
2690605.0558053418
2689794.2840184113
2688904.9657783187
2687929.8239865201
2686853.6695025787
2685664.6689955718
2684356.3383470983
2682894.179161937
2681284.3741379012
2679473.9770116704
2677468.9625313515
2675209.2477439954
2672675.5903279092
2669828.8814573325
2666593.5736697721
2662940.0708371978
2658758.235598885
2654023.3933099341
2648494.7976312828
2642377.4355075262
2635025.8234839519
2626128.2395370854
2615301.0380220637
2602329.6883410946
2586715.6692309864
2568153.6657248922
2546442.0144244535
2520049.0605985555
2503882.8786305571
2451317.3771428098
2389993.9316465408
2326464.7061852869
2261036.177915107
2185121.9063522043
2062022.1405158679
1912478.7847578179
1749635.0062045713
2701213.8116023038
2701193.0356281796
2701156.4447898027
2701123.5661980435
2701064.0275808102
2701029.6318997624
2700993.9339120104
2700936.908725109
2700909.9922640468
2700794.1178086335
2700797.4732221933
2700712.5764205959
2700677.4658967131
2700601.6956185284
2700545.3923578132
2700470.4329258073
2700402.1000372376
2700325.7988238409
2700251.5264954651
2700177.1925061406
2700097.8872527536
2700016.8954905258
2699931.1573943328
2699842.8203301895
2699749.453159817
2699652.7496841773
2699550.4575167457
2699444.1065232647
2699331.4056760953
2699213.8527328698
2699089.0075591113
2698958.3775217864
2698819.3520442252
2698673.3656530879
2698517.7752534221
2698353.670791884
2698178.6548388349
2697993.1807642411
2697795.1184907639
2697584.5489286385
2697358.9270890318
2697118.6837596311
2696860.2592368242
2696584.4932635869
2696286.8643141347
2695968.5273756594
2695623.7169214184
2695254.2140196837
2694852.0506635807
2694420.6408928661
2693949.1604561568
2693441.9367670175
2692885.3195791724
2692285.243643051
2691624.4130732841
2690908.1215088991
2690119.739172867
2689256.8316326551
2688308.6159208971
2687264.9730676711
2686109.1822678805
2684839.8960662037
2683420.1932465518
2681857.9198886841
2680100.5195402005
2678154.9998566718
2675962.5098812752
2673504.5110785635
2670742.2212704723
2667602.5465404638
2664060.5239415951
2660003.6628624238
2655406.8686131407
2650047.1199846482
2644107.8985536066
2636988.3845835854
2628316.0820550523
2617812.2620830922
2605127.8726779362
2589922.3887540125
2571716.3029516973
2550471.0248750607
2524414.9370731837
2509144.7659803047
2456722.914418296
2394516.0052725454
2329560.5732553755
2262710.0705728307
2184891.6392204929
2057628.0782258019
1902416.9957247099
1729103.7530271793
2701258.7778486121
2701241.6570761078
2701204.1922604931
2701173.7874976862
2701112.8469328918
2701079.6199690104
2701043.3805155922
2700986.2479215399
2700959.2410697485
2700841.9619500414
2700846.8888085713
2700761.0662694839
2700726.8890364994
2700650.9025566471
2700595.1450704378
2700520.5891817245
2700452.7181112217
2700377.2599275098
2700303.7147574094
2700230.5763477255
2700152.1971803475
2700072.6470282613
2699988.0739830611
2699901.4186789636
2699809.4849217799
2699714.7231765413
2699614.1611979301
2699510.0362069965
2699399.3946276405
2699284.3945024107
2699161.9864782328
2699034.2665143213
2698898.129017977
2698755.4633997539
2698603.2475206153
2698443.0303978436
2698271.8285750765
2698090.9970097831
2697897.3049841821
2697692.0696503217
2697471.7091273684
2697237.5010153838
2696985.3622167259
2696716.6077751131
2696426.2257219609
2696116.4803939927
2695779.8026783862
2695420.4986296748
2695028.2907281639
2694608.5451186588
2694149.126312871
2693655.7314214008
2693113.5583999129
2692529.8743602429
2691886.7795022102
2691189.9594961544
2690422.7770096632
2689584.3146751975
2688660.9258460249
2687647.7351877675
2686522.7285262197
2685289.9776096349
2683909.9567411793
2682389.7743221023
2680686.1557351151
2678792.5291546173
2676662.5216003871
2674277.7255401956
2671592.3029764188
2668544.2576360898
2665102.1400810769
2661167.2804807262
2656697.9587243549
2651501.5290361629
2645720.5597765283
2638831.461045173
2630371.3551344187
2620183.186285818
2607785.1943701035
2592990.0257485975
2575165.5016470985
2554393.1237470368
2528761.3804430249
2514248.1961515886
2462341.9274229784
2399348.4648922072
2333007.5024022404
2264510.474391114
2184787.2169019184
2053315.6388704572
1892523.039549554
1707828.9717083594
2701301.7729194616
2701288.1853755889
2701249.83494158
2701222.0292683719
2701159.0713034705
2701126.9019153821
2701089.7962791999
2701032.3008347675
2701005.0883105244
2700886.1235784451
2700892.5071488717
2700805.6461326363
2700772.2048692903
2700696.0161872045
2700640.6120794774
2700566.4386620936
2700498.8468342046
2700424.329612765
2700351.333762161
2700279.4296172373
2700201.8179387231
2700123.7259298381
2700040.170437864
2699955.1893521901
2699864.5344953202
2699771.6848897468
2699672.6870164662
2699570.7347025555
2699461.9682888063
2699349.4290516176
2699229.2644349537
2699104.3306427989
2698970.8434125888
2698831.3562785811
2698682.2230389533
2698525.6956912419
2698358.0430995519
2698181.4958519721
2697991.9378610547
2697791.6553637609
2697576.1155548422
2697347.6607441101
2697101.1880789516
2696839.1166790184
2696555.4064930989
2696253.452811195
2695924.6936391983
2695574.5131733604
2695191.7346094376
2694782.7158838632
2694334.4146810239
2693854.0973204328
2693324.9491592241
2692756.8092594142
2692129.6268359665
2691451.6865282878
2690703.2148453291
2689888.2641966138
2688987.461412841
2688002.2705553761
2686906.3666092176
2685707.139171991
2684363.1251577074
2682885.389443865
2681225.7145793522
2679386.2393376026
2677310.8140485319
2674995.1701480541
2672380.0980607886
2669419.2927594343
2666068.275643839
2662250.2841199231
2657893.2072074818
2652857.0691042915
2647223.9252805957
2640546.1514651724
2632300.3352635629
2622395.875526879
2610308.5278321216
2595895.1131314775
2578481.2013470191
2558172.4869170575
2533050.6656332547
2519148.6654643905
2468100.0347656966
2404466.875686809
2336769.4323934377
2266449.5978598068
2184704.4742948455
2049227.0583775989
1882870.1537926742
1685740.684187833
2701346.3934760042
2701336.3601798215
2701296.8420517463
2701272.0985337514
2701205.8850276968
2701174.713739621
2701136.1497396757
2701077.9497849983
2701050.2563619474
2700929.1069407007
2700936.8961288575
2700848.8645906788
2700815.9128188221
2700739.5941852513
2700684.1809286359
2700610.5167776276
2700543.0492270999
2700469.4776437106
2700396.8395582386
2700326.1470747716
2700249.1098046992
2700172.4189259992
2700089.6756996899
2700006.2890397096
2699916.6878454536
2699825.641872413
2699727.9658635687
2699628.0435794392
2699520.9039771301
2699410.6536844587
2699292.4452522271
2699170.1221213778
2699038.944615968
2698902.4717229982
2698756.0116590816
2698603.0039485116
2698438.4544057362
2698265.9906205791
2698080.0468761292
2697884.5462981961
2697673.1965428074
2697450.2841164153
2697208.7748824982
2696953.2103660298
2696675.2648351165
2696380.9683222673
2696058.9845020096
2695717.9422644782
2695343.0297086895
2694944.8707908071
2694506.0785776149
2694038.3286163961
2693521.1243773848
2692967.7572264113
2692354.4920165269
2691694.9978702371
2690962.9197759628
2690170.7506270795
2689289.88264758
2688331.9135700897
2687261.909050372
2686094.1019265386
2684784.1425625253
2683344.9560359614
2681726.7298728307
2679936.7995896791
2677914.2960428633
2675660.0451389207
2673111.4826692017
2670232.1754963612
2666968.3880629456
2663253.3643961041
2659006.9137744941
2654113.7321647005
2648628.983610814
2642128.3410777617
2634111.2348210439
2624453.7553519798
2612684.0459473841
2598625.903397541
2581645.3995855213
2561793.6598186642
2537235.2822013199
2523821.0316814939
2473972.055374309
2409846.9510346111
2340858.2792597571
2268500.7084629242
2184639.1730993432
2045383.6679840991
1873645.9735691266
1662203.2625354156
2701388.0429240828
2701380.6446249504
2701340.5251607145
2701318.8795638955
2701248.90941269
2701218.2262430456
2701178.1691268859
2701118.682196625
2701090.8005061345
2700967.1284908787
2700976.2815141873
2700887.0811298979
2700854.3485500622
2700778.0146794394
2700722.4168143719
2700649.4930251017
2700581.9284913344
2700509.4716370958
2700437.0268137488
2700367.6956129307
2700291.080844562
2700215.9261198044
2700133.8593011377
2700052.1689991271
2699963.4904944226
2699874.3163732579
2699777.8360366933
2699679.9691387098
2699574.3024862357
2699466.3532996997
2699349.8967758003
2699230.193359076
2699101.0462175645
2698967.5764595652
2698823.4838125766
2698673.8775053862
2698512.1702114325
2698343.5379053056
2698160.985831907
2697969.8362410949
2697762.5216687704
2697544.6358259004
2697307.7974982681
2697058.1772147743
2696785.6975071044
2696498.3419983964
2696182.8426192151
2695849.9275029073
2695482.7361132726
2695094.2763867048
2694664.4056814434
2694208.4263888933
2693701.6849227631
2693162.7613331731
2692561.8389581139
2691919.7382674715
2691202.572505495
2690431.6412418196
2689568.9340320933
2688636.6568668019
2687589.556341432
2686452.8162024766
2685171.4520467748
2683770.7968746414
2682189.1294543971
2680445.428486404
2678472.0782628055
2676275.2399218096
2673787.8200724646
2670985.090367252
2667799.8675197489
2664183.3621554002
2660043.4517944735
2655275.2480991026
2649933.848287968
2643602.2089820001
2635800.0320329154
2626384.0232328689
2614917.2647946947
2601212.0284034549
2584647.9211769826
2565253.2405571719
2541311.2289594458
2528248.5970360544
2479869.6097049844
2415472.2633739412
2345192.347787681
2270663.8823742964
2184511.0904057454
2041774.5242982255
1865347.0580509882
1636737.5591058142
2701434.9551192177
2701430.5000873921
2701388.8706321516
2701371.6207324793
2701295.6949984194
2701265.1449915534
2701222.6049309201
2701161.2089236313
2701132.4701863057
2701005.7488640174
2701016.0204516221
2700925.753685588
2700892.7274629418
2700816.7194910166
2700760.4934144327
2700688.4138862947
2700620.4215007965
2700549.0526920841
2700476.5103058363
2700408.4229430719
2700331.9793561189
2700258.1595660783
2700176.5217131441
2700096.3075796315
2700008.2692047618
2699920.7473237403
2699825.1364581282
2699729.1393920328
2699624.5732284882
2699518.7423779038
2699403.6490356885
2699286.3849164657
2699158.887620172
2699028.2316846
2698886.0918032518
2698739.7606728091
2698580.343468843
2698415.5611481443
2698235.6467700731
2698049.0608133445
2697844.7742053885
2697632.2637144406
2697398.9455517586
2697155.697322594
2696887.2273502676
2696607.5510681872
2696296.60590728
2695972.8218178703
2695611.0157830962
2695233.3867075788
2694809.9563799789
2694366.7587761949
2693867.7512677191
2693344.1508444846
2692752.5303513953
2692128.7879560189
2691422.9623625386
2690674.1055755583
2689825.5357916015
2688919.6457784921
2687890.6680989522
2686785.494208694
2685527.4455912514
2684165.1120980033
2682613.6150740604
2680916.8383466969
2678982.6858938113
2676844.5155662065
2674407.9414700693
2671679.1169949444
2668563.0925330012
2665038.7358444878
2660992.5929026897
2656348.0146178836
2651127.049867582
2644955.5462461547
2637347.439362369
2628174.6247132635
2616986.7996924249
2603649.0307186646
2587492.2679397576
2568566.2077761469
2545265.0312527018
2532426.0458708126
2485882.1898443373
2421340.1632406292
2349784.6656269096
2272918.0682139271
2184282.4126752787
2038362.8555237714
1858133.0936706162
1610077.2631705503
2701476.0275525888
2701471.101262833
2701430.1558560068
2701417.0691223643
2701335.867043647
2701303.8052715794
2701259.5798802921
2701195.057603288
2701166.965593914
2701036.5749795777
2701048.3048715456
2700957.1373695727
2700923.7737196726
2700848.3978345818
2700791.4803840504
2700720.5578857805
2700652.0936543443
2700582.1139096282
2700509.3859849344
2700442.9350693962
2700366.5170454504
2700294.478758635
2700213.0534337196
2700134.7830071538
2700047.129455233
2699961.6969853053
2699866.6904261746
2699772.919146115
2699669.1905693891
2699565.768781072
2699451.7651774967
2699337.1305354876
2699211.0145340743
2699083.2615619414
2698942.8246216075
2698799.7139809807
2698642.4335226165
2698481.1981258802
2698304.0235348498
2698121.2719869111
2697920.451486764
2697712.1828026576
2697483.091650838
2697244.7009143219
2696981.2300898614
2696707.2271943339
2696402.2108019991
2696085.123128044
2695730.2392481337
2695360.6290191454
2694945.2842353634
2694511.8011228698
2694022.2657096977
2693510.4387837588
2692929.9616851066
2692320.6382019748
2691628.082806007
2690896.8178677042
2690064.2974171112
2689179.8144367719
2688170.6889833808
2687091.6100655994
2685858.3086610665
2684528.1351678898
2683007.7719114209
2681350.7470984361
2679456.5212974185
2677368.2416212508
2674982.5789187821
2672317.3667096924
2669268.0373936757
2665824.3156986386
2661868.5035024639
2657328.093761635
2652222.2935331194
2646192.0712752668
2638753.8388632382
2629798.0775789558
2618865.7681519273
2605858.3947481648
2590084.4789743936
2571685.2076669759
2549021.5736464579
2536180.2314432985
2491876.2395725818
2427738.1191923455
2354822.5165618188
2275172.8167253472
2184014.3364807265
2034924.4417363412
1852139.2524412347
1582526.0354755498
2701529.8545742682
2701528.3803242715
2701483.3976278077
2701478.3181407931
2701387.8579779323
2701353.1300898083
2701304.9411067264
2701236.0123507869
2701205.8647202807
2701071.9554573442
2701083.9179502875
2700992.5197186815
2700957.451835556
2700883.0812800732
2700824.5066061202
2700754.6783922659
2700685.0443530548
2700616.1402254496
2700542.6717828405
2700477.3535294146
2700400.6388319358
2700329.6414757138
2700248.3033893071
2700171.1739687994
2700083.8536082441
2699999.7180069136
2699905.2961641168
2699813.0918412954
2699710.145895299
2699608.5852964097
2699495.5962960869
2699383.2290579258
2699258.3171943016
2699133.333282805
2698994.2579051796
2698854.5171824228
2698698.7526702131
2698541.6679612575
2698365.9403401599
2698188.5535822078
2697988.9460690254
2697787.3067525621
2697559.2666323343
2697329.1582088144
2697066.2539783502
2696802.8055197289
2696497.6129797748
2696193.2930211048
2695838.2722771256
2695483.5684566181
2695068.1133428491
2694652.2406222275
2694162.3785102363
2693671.9404496211
2693091.0870065256
2692506.7466920917
2691814.3915147409
2691112.6714022835
2690281.2261589542
2689431.6295835571
2688425.1220658799
2687387.3904203158
2686158.9024039214
2684877.8246149486
2683366.483205731
2681767.4548570369
2679888.1520282696
2677869.6385274823
2675507.1361167114
2672926.7603388936
2669912.1597374468
2666574.1489736657
2662667.5261347452
2658261.7133086747
2653222.7060593506
2647364.5021937853
2640041.290605973
2631335.0379287065
2620578.9887600089
2607937.6515633482
2592429.7647937424
2574593.1170334793
2552414.0121324086
2539576.3821735871
2497259.5865001394
2434250.7449000194
2360455.3039607811
2278119.1806786354
2183799.23495836
2031455.4979670206
1846911.4944562146
1554746.5669409283
2701570.5140101314
2701560.2393677984
2701518.4066033424
2701520.1262113247
2701424.9405627064
2701384.5368027501
2701334.4202898247
2701259.6092224917
2701232.7784737479
2701093.0236852453
2701107.1936205057
2701015.6266402323
2700979.7491824375
2700906.8299319809
2700847.3060014034
2700779.1156797246
2700708.8111315919
2700641.626578656
2700567.6090604984
2700504.475911052
2700427.3244157317
2700358.8593245135
2700277.0440109102
2700202.74965668
2700115.020015528
2700033.9035211531
2699939.2638253565
2699850.1675822134
2699747.2782742716
2699648.8762607099
2699536.2406820743
2699427.1355130202
2699302.9684974286
2699181.2679957864
2699043.3962438516
2698906.9840698051
2698753.0397367859
2698599.1858160845
2698426.2337428802
2698251.737144934
2698056.0787458052
2697857.2266144366
2697633.9327059309
2697407.076129647
2697149.4989035628
2696889.9233475681
2696591.0399615755
2696291.2714007064
2695943.1888914919
2695594.4281741651
2695186.648900704
2694778.5086593633
2694297.0548581062
2693816.2395952847
2693244.9198872107
2692672.969202891
2691991.3422618448
2691305.3929723171
2690486.320988358
2689656.4916375717
2688664.7256170642
2687651.6618605126
2686441.34659835
2685190.8457293324
2683702.3614148758
2682141.477151162
2680291.7147092801
2678320.7830879958
2675996.9775344692
2673476.8144935532
2670513.840264691
2667252.0601966381
2663415.1628987878
2659108.6859383732
2654157.1569098188
2648431.0179991992
2641246.0056934683
2632741.9819572377
2622190.5673048384
2609865.7047695089
2594648.5383312069
2577324.1633098144
2555584.8108597598
2542870.573925077
2502275.8768620668
2440010.8278935035
2365633.3135551056
2281121.778331216
2183444.0528348507
2029213.7238855015
1843456.8404691173
1524467.0309121497
2701639.4783013021
2701649.3085117787
2701585.3027242343
2701603.2504502828
2701497.4344187924
2701448.3184766788
2701390.5897659212
2701303.3956724619
2701268.1651346209
2701124.471577141
2701136.4756564661
2701046.390023727
2701006.5066037341
2700935.366458788
2700872.9880913463
2700806.0367958192
2700733.800072039
2700667.6751600942
2700592.3595502512
2700530.3103868626
2700452.8845700584
2700384.8980946611
2700303.843905712
2700229.9352398575
2700143.4632395688
2700062.7429042291
2699969.767032824
2699881.4004800036
2699780.2710739407
2699683.0772243468
2699572.2457586792
2699464.9647928816
2699342.3980825618
2699223.5605755695
2699086.8083669366
2698954.3353607701
2698800.9607049287
2698652.4779037298
2698479.5891914195
2698311.6166744013
2698115.6413226174
2697924.5431237211
2697701.0054321331
2697482.9171739346
2697225.0151257422
2696975.5117437616
2696676.5003821445
2696388.2929104925
2696040.3028377844
2695704.6803584928
2695297.1594623793
2694904.2355427956
2694423.4378921688
2693960.3963169116
2693390.3785252082
2692838.7619329346
2692159.437086354
2691496.899686506
2690681.8092616675
2689878.9308525533
2688893.7236714507
2687911.7008267865
2686711.4466546988
2685496.9467054792
2684023.4581654896
2682504.7201687107
2680676.6033863402
2678756.0257208846
2676462.7758632312
2674003.8395096636
2671083.7260516016
2667898.3317019325
2664121.0304911686
2659911.507072987
2655035.3135374538
2649434.0161832245
2642371.5759024001
2634058.175283819
2623693.0176841826
2611665.937700524
2596728.4021886229
2579886.0137675535
2558563.7169799348
2546001.580494056
2507197.1838462004
2445895.659455888
2370420.2748556915
2283242.8573903479
2182411.0327281682
2027714.822831528
1842428.6434197663
1492974.3889655317
2701678.1133594667
2701656.5733446209
2701596.5617064643
2701629.6496308958
2701523.6434233864
2701460.7270861738
2701402.4888142133
2701306.2239069673
2701282.375117382
2701130.1404773979
2701148.0788271553
2701059.2405209029
2701020.2097185762
2700952.0155719407
2700890.2218559519
2700826.2738400348
2700754.418543031
2700691.5463831108
2700615.7765404526
2700558.0145052522
2700479.5322821569
2700416.8565078727
2700333.6259946711
2700265.8132403595
2700176.6350677693
2700102.3034565179
2700006.4817278832
2699924.573617659
2699820.4942436921
2699729.7387459828
2699615.879421527
2699515.325486654
2699389.7222826835
2699277.5351329651
2699137.917010196
2699012.2527229562
2698856.2971151238
2698714.4578536819
2698539.4685962046
2698378.3292654566
2698180.5448948378
2697996.4642273583
2697771.1524897078
2697561.0702645248
2697301.6707270136
2697060.5703589595
2696760.294851352
2696481.3197708894
2696132.5475596893
2695807.5058841733
2695399.341414562
2695018.6185363871
2694537.3984944345
2694088.3565622387
2693518.6556122005
2692983.4653510335
2692305.2859966727
2691661.9939635955
2690849.2633531103
2690068.908370378
2689087.9825161854
2688132.419995205
2686939.7955731633
2685755.8376685451
2684295.3336106837
2682811.7667561453
2681004.2500050855
2679124.249004445
2676862.6276303497
2674451.6128238179
2671577.8873614175
2668449.340048756
2664737.1173926624
2660601.839009136
2655807.2974309619
2650305.3547625919
2643371.713999589
2635223.5877103354
2625043.5550986244
2613290.9282500753
2598622.2960082074
2582247.1983820233
2561334.0040742112
2548879.6791313868
2512044.7510996349
2451793.9838677719
2375236.7966733756
2285709.9804003825
2181212.5470276889
2025288.4896550726
1840356.1387791079
1459060.8323037948
2701794.0799323497
2701963.6334915385
2701740.7352141803
2701803.4483463662
2701706.2555620177
2701608.7738657943
2701519.3992485274
2701379.4758227128
2701309.0172281321
2701157.5828708573
2701169.1306708381
2701089.3593624551
2701040.4914407399
2700980.4289044966
2700909.6177931917
2700853.1737448797
2700772.8693006923
2700717.7349475073
2700634.216033184
2700583.6502874005
2700497.8294517347
2700442.6455354905
2700352.5437699356
2700293.0040412312
2700196.4344566287
2700131.3359986683
2700027.4080380802
2699956.3590746946
2699843.3245025924
2699764.9174964344
2699640.9643036271
2699554.3654268142
2699417.7637220072
2699321.426155854
2699169.2319638575
2699061.5249388544
2698891.494997534
2698770.2359787459
2698579.2598773735
2698441.3847294739
2698225.7782998048
2698067.7794593438
2697823.2322798404
2697641.5441982602
2697361.6525617829
2697151.9289532476
2696829.6794508249
2696585.2146910736
2696212.681030279
2695925.8492755145
2695492.7246565665
2695153.6276030806
2694646.7878172612
2694242.8524160939
2693646.8481750567
2693160.6196621829
2692456.2433540705
2691865.7801578692
2691028.1281020516
2690304.0942515857
2689301.1436314764
2688404.9163370915
2687194.3882095241
2686074.2538318979
2684599.9976275926
2683186.7782404763
2681370.8920872719
2679570.3475372754
2677305.8274188284
2674986.6021598233
2672117.9600769379
2669102.4916684628
2665409.1921008071
2661404.9556637378
2656638.0641624555
2651285.9537797654
2644421.369061227
2636475.8450296102
2626427.3633499029
2614969.5457437779
2600521.2018078938
2584625.1374816555
2564077.836482821
2551662.5056650271
2516844.7389871511
2457840.9350280445
2380370.915080172
2288258.3856850718
2179493.7406631401
2021845.3644126663
1836048.3285962129
1426883.9674279655
2701926.0391836045
2701928.7907633777
2701699.4036081592
2701848.5729126162
2701745.5362319718
2701589.6950382711
2701481.95387827
2701341.9104258004
2701335.6044956832
2701186.1549215289
2701217.2948454176
2701129.0987656158
2701090.0831369045
2701025.1885161484
2700966.1189104379
2700903.2556786677
2700835.6645237962
2700772.7770045525
2700702.3744751262
2700643.1635481114
2700570.7279984728
2700505.8051532018
2700429.0016937838
2700358.8649307913
2700276.2587896888
2700199.596993309
2700110.0214539776
2700025.9755617636
2699928.0502608856
2699835.5644594925
2699727.7296969313
2699625.7475911165
2699506.1975787622
2699393.0548170237
2699259.4277963848
2699133.276593456
2698983.5164714581
2698841.8174168575
2698673.0704365112
2698512.7739758817
2698321.5512188766
2698139.2625488816
2697920.6386937872
2697712.9611549666
2697461.1879214435
2697223.1373685645
2696931.9614867354
2696656.477301152
2696318.4787009768
2695997.1358117615
2695602.1580247129
2695225.4631299325
2694760.9729448287
2694315.4527687067
2693767.5580575899
2693234.8185113068
2692584.9933626833
2691942.5447295802
2691166.8497011685
2690384.8891655845
2689452.4372828179
2688492.102797946
2687362.3541361447
2686170.0422172653
2684790.5792354732
2683294.8179697646
2681591.1454390762
2679696.273932714
2677566.2625886882
2675142.1563561857
2672433.8505039397
2669296.8614039575
2665791.3378871041
2661660.4157277462
2657100.023048975
2651632.3011199851
2645025.1328420332
2637019.8299836991
2627261.0700283358
2615846.5465957858
2601718.5559470668
2586079.189715656
2565891.9131263164
2553504.3861638452
2520668.3113563848
2462697.6936366404
2384732.7459312086
2290192.8652433264
2177707.5673932782
2018716.5877684869
1832765.6412413481
1399485.4527855956
2702617.6325713424
2704821.1796221817
2702619.2325108475
2702660.9491565055
2702852.5137040727
2702562.4378492231
2702171.8100971575
2701621.6704950645
2701313.0148765999
2701146.4637977928
2701228.0224274471
2701156.3710211818
2701109.8859785288
2701048.457585142
2700981.2160795848
2700920.772601726
2700846.4787870715
2700787.2828121386
2700711.0734234876
2700654.6169485245
2700576.0587446112
2700514.8522357731
2700432.5027427007
2700366.8553539366
2700278.9417672306
2700207.5564862504
2700112.9089887044
2700035.0581424688
2699932.2156189224
2699846.7163345418
2699734.0222184556
2699639.8720677546
2699515.6344412724
2699411.3691555629
2699273.1872251281
2699156.9479152751
2699002.7028226126
2698872.2076324876
2698699.1629002937
2698551.4821003601
2698356.1674404694
2698188.0158046419
2697965.8933396148
2697773.970873571
2697519.2427399526
2697298.8769716448
2697005.3501941389
2696749.8598451926
2696410.1922728606
2696111.8503502929
2695716.169211938
2695365.6417769389
2694901.6368003972
2694486.3278067275
2693940.0321478201
2693442.7121135993
2692795.9148660116
2692195.3252137876
2691424.477094071
2690692.441270594
2689767.0386835774
2688866.6759295776
2687746.7373306546
2686627.7551105563
2685260.9517776328
2683856.3909484604
2682169.1482665385
2680388.5598061257
2678280.1727454029
2675998.0060291118
2673321.4635191257
2670366.1494144676
2666910.4711445309
2663015.2735264171
2658510.2254989478
2653328.6398802856
2646827.4887026716
2639228.7524232483
2629670.4346700637
2618829.3095096415
2605093.701946965
2590331.6085591866
2570951.4578978992
2558943.3239931166
2530298.4623915376
2477188.3816386391
2400562.1792124072
2301789.5086087682
2181534.5513470443
2021887.5321098415
1838572.7713268469
1329054.183790379
1824731.7635504911
1691735.2493290741
1544816.4389115684
1399242.8901002889
1263991.5425768828
1133495.6507756917
1013086.6212563554
904788.95455420169
803733.60752453958
709256.4557952194
625930.79785436229
555261.57223930815
491997.56883293728
434990.57135285134
388136.16216987657
350161.51401799067
316783.92523766804
287133.74128263898
263342.47570632695
244587.12569138923
229040.51646827569
214780.33360102019
203409.24416716583
194032.52490832133
185281.89904212285
176324.95248320667
168469.57431623322
161209.54543165106
153756.98169414111
145330.35375175736
137487.89329419535
130183.59661187524
122274.43224798354
114368.5966830595
107090.40350942386
99948.384688610546
92820.834663122121
86147.673829478474
80027.247297903552
75952.852468381461
1802652.7085786723
1676000.7260119433
1538138.4934001931
1401764.4588920721
1275937.0935266053
1155221.6886410327
1043913.3517778078
942928.30818912818
848522.57089567429
760344.45090660988
679516.01217847154
608798.39834989968
548578.1382090681
494475.18505140586
444388.2125277404
401194.87086876814
366302.75059977395
337103.41625182575
311248.50516243273
286459.7685349051
265755.02048621833
249457.56968325641
235706.24596180004
223520.71325100077
211736.16764102186
199943.03606799926
190429.90640245937
181821.88983364598
173482.39078369169
164564.29781834772
155871.60084989015
148230.50403092848
140413.9032933533
132419.00458951836
124801.58174916236
117547.31708576105
110443.1928112068
103477.04074826026
96989.026213709629
90637.191634098184
1794091.2068798742
1666425.6216459537
1527792.446648503
1390846.9048199877
1265979.6985437041
1147532.6448516108
1036088.3003270781
934181.86671700934
842514.57207004027
757745.679322207
676875.98702487175
605834.15280805854
547387.7503830482
495949.95710011915
447400.2308834077
404103.68409117439
369116.07309769717
340313.27117828478
314903.29402646277
290197.98039844586
269150.21991021442
252683.57319987242
238681.49155553931
225849.25434346154
212411.68161976818
201361.56193284687
191984.73265932221
183077.04053110571
173412.30892455656
164268.11052202937
156370.26511211242
148585.29548589251
139994.7162179407
132397.32258230538
125104.7179016114
117635.943319743
110564.49158529026
103825.45457676727
97533.563711203344
91887.5427611575
1781162.744016439
1651274.4910715758
1512037.4879126623
1377632.4938845825
1253421.9502184112
1134222.9533483218
1026954.8728003806
929064.22805676016
836606.74675778393
751669.79651405988
674503.30436072382
607528.19467874814
550277.12726521981
497837.11912636051
449866.47205481073
410027.16963382921
377578.20709061879
348920.36193319602
321369.9163037464
297190.53633237508
277750.57115994988
261550.158090546
247211.46018083137
232944.93352423832
218996.92280502981
207621.97573501882
197599.12482727985
188160.45491411016
178145.50400570742
168188.62050996287
159823.04605482658
151785.32220651378
143316.68004649677
135214.12174720707
127679.92554417267
120281.7280684361
113055.79722738275
106193.42656260259
99920.801131424669
94147.317376571475
1767827.6786536379
1635602.4455813514
1493231.1658397897
1357808.971302005
1237558.1106565055
1119339.6657056895
1008544.4141108472
913420.72045613825
826402.40343420755
742049.71877817228
664112.51426722191
599667.09655402054
545931.00230212603
496180.96619715524
449537.42883770773
410442.83209250815
378951.59036442812
351759.7774761793
325927.59654949291
301689.05728945124
282030.10353447369
265688.77166257211
251118.63441106863
236622.05253133882
222159.99909317668
210253.89451853512
199762.92270899221
189770.72606741133
178951.58903396653
168927.30924839107
160395.49938705593
151819.00575899237
143111.0451485409
135078.39517137074
127393.5992882655
119887.13113065538
112694.76442974586
105870.75346084902
99702.493266345191
94084.257728325232
1751994.8398222462
1615280.067742706
1472942.6298641127
1338043.4833508912
1214813.6410154398
1098562.2969907168
993193.77996505925
896920.00570344424
809274.88345930714
729032.8065175782
655167.14503008313
592666.22246794845
540393.35937049473
492024.65396742924
447910.82924513175
411575.72936994518
381751.09943406557
355062.56960698799
328841.66407235846
305781.50245216204
286821.60541652085
270522.3157987672
255640.54976510507
240097.82085282382
225477.26132057144
213309.28601854941
202336.02332762018
191739.83401068731
180147.68623584093
170033.92512739912
161211.14355198527
152392.31650437121
143206.36144544429
135320.50887585236
127596.03349688459
119772.14041487066
112677.14242130517
105968.04737059085
99751.499883857512
94135.576502516982
1735745.6015462216
1594354.6278697946
1446508.391513125
1315111.2746267556
1195718.9229923103
1075283.8730817169
968906.28858535481
880036.30255327141
795343.15927932411
713678.2295091626
642039.66193085001
583917.40218909399
534597.45271642855
488601.83700226241
446232.38606844557
411427.0204282729
382837.80350290542
357531.54347256385
332771.75066455529
309618.85867020889
290558.64205452899
274098.28305266058
258892.78297704214
243166.893230157
227943.33219303837
215274.64518641977
203833.4072053775
192695.38859164511
180624.13576932673
170338.66011868732
161253.85779006631
152025.01550843986
142842.4211400435
134670.19382075078
127006.5035342051
119164.95866723478
111915.58046348508
105267.05285081042
99202.842177817976
93663.793511084878
1716203.8882982857
1572252.125950953
1422146.4575109703
1286605.6503664986
1169737.2683595258
1055000.7629444546
947750.45526930969
856528.64457947237
776322.45455924957
701453.45466248016
630998.16611479584
574045.97894671874
527834.03599181306
485448.89954687341
445376.52990857529
411762.05626393284
384251.71925412363
359853.7405669727
336396.54928066104
313238.31880350393
293965.01314769319
277265.15649192978
261660.00880036017
245768.60044346258
229926.54078004428
216773.49957162628
204951.07278205929
193263.24335503893
180868.35721705089
170696.77142048333
161054.32084590109
151458.41845853176
142441.41055830117
134050.91491958214
126309.35204841936
118482.3785845853
111230.2475952914
104618.72442693263
98612.395661549555
93133.571261403427
1695635.3770532592
1545117.3842923644
1396488.0366250821
1261867.6350501855
1140494.0285568342
1028958.0599204988
927281.27738715021
835901.42373100203
757533.48056949733
686783.19289102987
620040.95361545566
565408.19398883788
521797.85270622704
482544.40494664537
444757.06725902698
412540.33404822298
386064.16869879485
362398.16211042495
339436.82909061806
316311.16137717781
296914.09433627693
280037.02884531615
264048.04382998939
247141.72150809839
231328.87600966668
218164.39084243876
205891.58964513274
192861.11304760256
180852.18444620285
170706.13638423572
160636.34370340718
150521.60585011539
141868.0465894308
133413.8220531689
125310.39721400065
117628.4521258747
110523.45619595826
103766.70622139689
97823.853139577564
92491.092065724326
1675388.2216172782
1518141.3452397718
1364333.629488158
1236430.9769308225
1115980.0254477593
1000252.5842577602
902901.97688369546
817611.45529738883
740311.09060271876
671218.16710256482
609127.44341173628
558827.48356341873
518000.79902262794
479672.7324550504
443893.66966673022
413954.37953999807
388768.84140024113
365336.62375446747
340970.19029387255
318847.14051858196
300004.72826275491
282821.13890041388
265419.27260467684
247723.75296904633
232477.70116733611
219088.64444778673
206184.46935447329
192567.25958546859
180612.35547810877
170281.40693711801
160157.48433835499
149769.9501481668
141029.80608492412
132678.71011071897
124509.16951417127
116693.70755960891
109684.46010064187
102984.431647448
97059.230580946096
91814.673146122848
1651850.5303292726
1492406.5780775719
1334013.5635443544
1203944.3725886492
1091558.0332693735
975656.56130563095
876843.20785478991
798153.5213805947
724923.05659216864
657177.80302736454
599103.14503667783
553383.65948183998
514503.21780460648
477419.87686956069
444011.85399380897
415996.29140636168
391297.0557608396
367392.59545616037
343011.1085969499
321153.72610441333
302032.15179325355
284384.98485908529
266446.87958547997
248582.45720646926
232957.47162359153
219237.95201875555
206282.28391450547
192557.73165949379
179996.95549177955
169378.30762492763
159580.5888826662
149387.18537600982
140005.09107142952
131731.95404110587
123802.16149430435
115868.15893425551
108734.5164772368
102177.21680917239
96341.51639175028
91126.019546570606
1626182.4358773627
1462456.7367342811
1305709.4033141911
1174337.7545949225
1061483.0451660501
951181.92228954646
854045.88443958107
778093.85469091148
709668.28889461211
645383.10357570508
590832.61238470895
548435.32844670583
512058.46997143218
476970.88711528736
444909.89741305273
417541.43433661421
393145.05666845659
369418.56629206461
345085.18556405068
322761.89997237478
303103.99624285102
285180.07401895861
267739.66806777194
249277.20233288012
232872.45296673241
218728.29276724844
205760.82638678153
192837.26374973694
179535.55051430015
168573.79484936534
158700.24398650264
148668.4767720853
139346.23488307549
130790.27839502761
122862.85961467886
115065.55633779999
107920.97835294681
101336.02842154734
95593.716263251787
90460.456513473153
1601311.4406031116
1430954.9887808438
1273501.8110835401
1146445.4439321959
1034517.4678404063
924528.5970543829
832293.25728342438
760686.94767716527
695156.51631665812
634666.40132589533
584103.03095214593
544447.19274210813
510314.4154379738
477476.00470986712
446194.14707284514
418761.35864810058
394313.07603280031
371133.49446913344
347386.95513474022
324047.8114787619
303601.02038091369
285310.765572795
267956.52720022755
250078.91782449122
232825.16421948234
218315.2162698418
205199.53404673911
192404.55561600727
178963.69154789628
167894.93312643043
157958.06606560157
147827.37851379658
138540.52546459981
129935.24544292112
122032.803908492
114244.94664658404
107118.63897555854
100565.47493101119
94898.020842833226
89834.39612398301
1574608.1642147314
1401756.1788580557
1240682.0966776274
1115392.2800613267
1008899.1607980174
901195.0032706178
810975.733346986
742892.95050827076
682407.04226308223
626827.1376150198
578960.89900037984
541332.4085692073
509066.23562911991
478617.60036700655
447719.15606843826
420076.48765373055
395358.31828487461
371964.4461017882
348842.92605287407
324917.0340646595
304007.40229637257
285473.3734351538
267896.54506822233
250072.28083908177
232534.17933847077
217846.09378448367
204660.131681439
191809.45100361673
178287.82820547422
167201.85268613705
157158.66122199566
147005.03362226841
137769.08539937419
129146.52356347239
121184.38154835673
113437.38441607205
106418.21508127487
99831.949202394419
94184.11823309274
89251.106900033119
1545639.6163924171
1370941.5389195334
1211410.7924485032
1083536.0410952135
979978.51869440346
880146.88214655465
792653.26438178495
725986.13218027039
670301.16515589308
620174.32444883662
575550.48822448903
539624.8777507029
508746.81706023216
479101.14719093457
448876.69561092643
421206.88594282034
396288.5282519192
372729.67242722667
349381.04065236874
325248.96816568938
304121.52649236296
285424.12440690189
267749.63803245238
249660.32530391376
232091.21170514199
217371.93797576005
204120.88632304629
191055.37124684788
177552.16301880151
166575.77086558531
156382.53481364084
146135.5615899929
137087.24894796478
128390.49791982569
120369.56595805226
112721.26326260567
105729.54070857658
99127.395942858333
93547.250642298153
88746.794903715738
1515976.070500674
1338619.9936567838
1181326.8229955998
1055579.6878961143
952551.75999580731
856857.33300093713
777332.0105384608
712104.06314657361
659581.58791680087
614659.12257193937
573404.77632054652
538836.01231308014
508957.3926618378
479327.84346805868
449699.11936592206
422179.96997722104
397175.09320868237
373428.1045307765
349079.55078379309
325145.43020326801
304141.41119391622
285387.29795508581
267538.60694685043
248727.51758862229
231533.25894530996
216921.60998939865
203585.37144373113
190179.9809240418
176782.54463506053
165860.63916428408
155689.89757152129
145293.34531411002
136339.39629497629
127721.20941169358
119590.27197719825
112000.22298911026
105112.1105098308
98481.798072108824
92913.680250240097
88316.750773301232
1485487.5432279222
1305443.776082292
1150775.392566348
1029029.3088248847
927326.12646688416
835233.85979968077
761545.1814951566
701223.90652785311
650875.10663691489
609907.44164574414
572482.59573975124
538575.4578563635
509018.61949704692
479781.53702071559
450302.85488280817
422868.64420461241
397731.54965807742
373337.57144330681
348556.05747088464
324954.21663351625
304060.13113359886
285179.85539660708
266920.57243776816
247919.40496714154
230952.73314868764
216343.30668518069
202930.30989144577
189423.80614398976
176073.30505508505
165180.52401104348
154917.50388028656
144597.0518023333
135657.32655569795
127056.4064477513
118906.93845563893
111326.60572372902
104523.42062431671
97901.849407773771
92341.232273809495
87992.131983739964
1456162.6192311135
1271512.9336267188
1119773.37793723
1003336.7032319248
904806.22115671006
815671.86138577503
746726.42904542782
691769.81318804575
644684.83703457622
606116.61030718894
571978.86821081222
539359.57646863628
508297.2208568526
479966.64705053577
451462.88126244151
423157.849813223
397128.30507766939
372989.32877817948
348682.79611738032
324757.02491089643
303305.95674892049
284304.72724293155
266312.69021595042
247653.10317217631
230290.46487510923
215537.79860351965
202095.87013794287
188713.73803514644
175436.1871651132
164604.76478355491
154046.761029482
143891.06468640582
135029.04451577718
126406.0283655981
118242.46821494959
110696.44388369535
103943.565544918
97345.349637508771
91799.653925051549
87832.918414934815
1426114.7791061476
1239967.4371670822
1088558.3594516651
978177.25911996653
884477.98771764501
797743.79023296607
733491.34018033743
683347.42423217278
640177.78305960819
604116.58919388999
571301.25269746431
540064.10091519868
508488.90318620956
479190.04974395462
451638.84063716704
424084.44460464019
396419.14890549105
372011.24749692366
348516.32193702162
324566.32667256455
302718.7266613039
283594.94182332396
265498.60446075728
246986.55904084267
229652.53684164389
214956.60693981004
201474.0352608941
187777.18184986559
174827.05317704024
164063.54999343038
153271.39132180088
143264.99587370828
134433.86894141149
125788.54749247768
117660.76416832856
110166.40760584951
103427.75398430116
96815.011921800382
91321.282095051793
87882.624524832732
1394671.4475271518
1209343.9552280505
1059398.6469153783
953408.85751215066
865410.68968625052
782197.30316949938
721644.15529305872
676116.78013297834
636903.81716527126
603078.75251141994
571270.34804692399
540000.01201062207
508399.69231258269
479119.90387491736
451312.76226169354
424051.87414580683
395982.56786181225
371059.71552565735
347771.19248590554
324159.45094212785
302064.12334394339
282907.21817646932
264758.94405599439
246068.00384423643
228990.42389984659
214425.60508659811
200825.70230653335
186656.25018783248
174366.20367777135
163495.25460614089
152411.05308185378
142662.67008390676
133811.36651522521
125214.5729363088
117072.8782138705
109623.69286433965
102884.92105527237
96324.59136897049
90817.245560715906
88376.95746531272
1361771.4789694855
1178337.4507183514
1033306.7664720124
929622.76552893221
846908.10087504785
768772.29930238496
712016.26096624788
670275.61899521027
634758.60431133653
602498.3171311355
571254.99436674756
539872.57268224575
508181.72738844855
478899.62839415972
451012.76973289327
423559.00060060073
395369.99150900502
370511.82170712162
347138.76705777424
323336.80363814911
301527.52813226799
282470.55692966568
263921.26509842282
245039.54058938887
228524.27052339262
214105.74005717359
199902.70806706275
185876.41122335242
174038.68452126911
162838.32048864401
151776.50317070674
142152.33692010728
133394.67066626955
124646.96504981566
116621.51192526892
109225.10578522996
102481.93105412408
95855.061513987588
90459.212864408066
89223.939732495084
1329978.3189102637
1145924.1364292654
1008849.1900029264
910243.11620926601
828861.71600490611
754689.85235484224
703793.67543993471
666569.82705687569
633564.18136560253
602260.75508979638
571174.24179724872
539524.38717818062
507736.92527236161
478456.56533344486
450483.51988690189
422801.79790536908
394422.0191213254
369851.92539287917
346397.96012052736
322166.36073278927
300914.10137679178
281932.51408551948
262606.95424667886
244110.31739647625
228352.67379312139
213192.33686263199
198734.49286023845
185376.89921442661
173564.66796999593
161866.33725691476
151226.9685999802
141463.97279321699
132837.3238130555
124024.02219067924
116237.54286083856
108447.77282762194
102121.85488892125
95192.991423199972
90176.557412701572
90304.880918076655
1298845.5163839785
1112331.7849826568
983842.99133158103
892590.67439409753
814229.72303166089
744142.25735510595
696827.78689601365
663625.38762780291
632808.13555848005
602037.73989723879
570995.00744380825
539229.10104623099
507376.71839583543
478235.65042353515
450103.84796483302
421172.1673621774
394572.86989614251
369398.38089377538
344653.64352808578
321999.99632263783
301112.70775864477
280651.84820058127
261548.06020721389
244179.53628387654
228029.52733265841
212386.53496880515
198044.98587400938
185091.55873464307
173276.82799074566
161441.82215955094
150681.48952791339
141187.85087871924
132556.5433080901
123619.01473067289
115969.14702091143
108298.09345404516
101810.84596220321
94910.379108877576
89705.850860854596
92211.848159046247
1270038.6720108818
1085435.3353489533
963018.25098692591
875631.11725723045
798521.96508051048
729390.94921335252
690451.22699829482
662047.16469222913
632555.13507904124
601842.93499226042
570533.64775083284
538357.54247358243
506773.0252899804
477634.8226384442
448805.51474644983
420358.337075855
393402.97536128404
368106.0913848987
344039.92156212201
320914.10031958547
299533.30360229465
279700.85183513275
261147.78945355912
243052.52464919767
226436.67171690727
211501.39739062323
197886.19864878914
184195.26058884972
171805.6809243469
160557.65484814724
150483.658087313
140530.25414471937
131517.64577572735
122948.81530447252
115451.07535716177
107684.03316046135
101176.0580171178
94111.81568421972
89244.351669995507
95079.357840275014
1236103.5782420537
1047395.5391173339
939204.7756074816
858768.66818906472
782682.33955145173
721972.63102372258
688028.97456441086
661255.08875116752
632146.59279336967
601352.28855018294
569812.95616367424
537609.12406965019
506081.71897153038
476702.91442500532
447894.12268621934
419451.65456583543
392779.92790254246
367216.29827355157
343172.970172701
320215.6674729315
299056.80471840821
278900.06261197798
260401.75214512661
242338.79480648797
226156.65074075561
210947.67084495083
197179.04264427366
183518.79974978769
171699.17109247384
160138.95616913057
149979.03346941198
139984.07900239064
131373.63512145521
122618.6703618758
115168.14406955325
107289.0134325674
101013.34154880514
93534.738989227029
88758.034076220487
99034.384397857415
1207387.5000510009
1022709.218587689
926066.99435620965
847945.89492316754
771638.40675532399
715276.46051084588
685819.19624262245
660615.90856407222
631903.95100276975
600865.14851318323
569044.82997220813
536758.42456054839
505193.83805576718
475816.13008776587
446901.98018900322
418606.19674061862
391890.64210551552
366346.02475924272
342381.89771682874
319467.19196192856
298233.95430801844
278230.65490315633
259748.08653817931
241609.06546967669
225529.27540941507
210415.15043045377
196627.06677245142
182936.61264855089
171199.67495509895
159677.62646070731
149571.10171312105
139551.27486112915
130970.74798895785
122251.806540188
114821.36411393216
106949.38851533321
100743.44960165695
92838.418708734345
88101.681600649492
104121.9502697087
1183368.6239634671
999124.09113807289
912077.4825060654
838229.32829548791
758155.51140076842
708748.43283619557
684443.93816666503
660289.41858837171
631617.53847860941
600304.95517342992
568119.94710989995
535756.47227609251
504131.57127083279
474758.43332087755
445833.81422759406
417458.85115674412
390870.85288683465
365272.28451996745
341333.96672486805
318313.88208671944
297286.84578882909
277185.91455328249
258742.42411828626
240543.93625548531
224705.15312052847
209451.1528085802
195741.82472404497
182077.89051931901
170436.02227073879
158874.80404698735
148856.6799019633
138851.81982849163
130314.86275354918
121635.35171970451
114236.09686822208
106356.27117190149
100294.17106001487
91914.3691270665
87826.039442573863
110714.32232425569
1123734.6491335856
945853.84572609642
891996.90665785363
813127.48275692796
734637.29598403152
699432.19419314468
685009.69577718212
661648.11653612193
631890.54296578048
599675.84302845167
566816.05364549463
533679.60028959124
501567.02023599925
471901.36404017091
442789.82849027758
414159.64833954995
387413.09678894194
361832.20853776508
337820.00001979276
314782.04853750416
293816.84485791891
273866.43172564521
255420.52040401491
237356.16681575464
221573.42445070512
206536.20893242466
192886.25437737594
179421.96096535077
167834.72533899371
156486.81502095048
146510.65692594746
136739.97658488312
128240.4000761791
119758.26373476011
112396.82792371308
104750.14855072334
98653.495150960487
90160.027760239405
89920.052018699585
124064.56322058335
)
;

boundaryField
{
    inlet
    {
        type            fixedValue;
        value           uniform 2703499.9999999795;
    }
    outlet
    {
        type            waveTransmissive;
        psi             psi;
        gamma           1.2;
        fieldInf        101325;
        lInf            0.069354899999999997;
        value           nonuniform List<scalar> 
28
(
76438.109432710538
90843.576277084561
92066.907841521213
94278.956295396172
94216.923159442391
94270.150991969203
93803.06044237953
93281.400798749281
92656.115741116897
91995.069783444924
91314.022478646832
90661.94749481685
90045.290390243579
89478.494106879647
88982.193636892887
88563.142533490289
88247.432513372085
88091.986790923693
88141.286802154456
88626.801473526706
89459.578236692832
90518.389784977917
92390.942327820361
95206.577302979393
99085.002171451662
104074.54597047482
110541.67530501372
123636.59542364122
)
;
    }
    fluid_to_graphite
    {
        type            zeroGradient;
    }
    wedgeBack
    {
        type            wedge;
    }
    wedgeFront
    {
        type            wedge;
    }
    defaultFaces
    {
        type            empty;
    }
}


                                                                               
