                                                                               
                             
                                                                   
                                                            
                                          
                             
                                                                               
FoamFile
{
    format      ascii;
    class       volScalarField;
    location    "1.0049999999999706/fluid";
    object      rho;
}
                                                                               

dimensions      [1 -3 0 0 0 0 0];

internalField   nonuniform List<scalar> 
4592
(
2.9431009067165639
2.9429803906106184
2.9428720687990513
2.9427528557542901
2.942651267534663
2.9425442311548342
2.9424497256667617
2.9423518436803682
2.9422608771505105
2.9421697201971693
2.9420854087644672
2.9420043389952166
2.9419290312439248
2.9418560432117777
2.9417850639034517
2.9417142715207762
2.9416443254008042
2.9415752563779973
2.9415085269442423
2.9414447215877009
2.9413843845640169
2.9413275322097903
2.9412740427656416
2.9412226644011263
2.9411727489855175
2.9411237078440764
2.9410750405090615
2.9410256761849038
2.9409767049927149
2.9409266391831039
2.9408775528650262
2.9408272713487671
2.943099169716533
2.9429771026299232
2.9428687421049307
2.9427485833481284
2.9426461722693911
2.9425377923694693
2.9424423317189983
2.9423436903487579
2.9422519922750965
2.9421597011527432
2.9420737093627114
2.9419905932816146
2.9419132959992536
2.9418387716429097
2.9417666252612502
2.9416948486156618
2.9416236920332994
2.9415530659383138
2.9414840133965079
2.9414172973600854
2.9413534935690904
2.9412927870216241
2.9412354807035133
2.9411803799655254
2.9411269828338917
2.941075129848576
2.9410242090027703
2.9409726499508544
2.9409216707805386
2.9408697173574145
2.9408184605436025
2.9407659493503009
2.9431031677546544
2.9429806532646734
2.9428729786984236
2.9427524656622008
2.9426508255796349
2.9425424794363719
2.9424476707637583
2.9423491394837495
2.9422579988197812
2.9421661049799597
2.9420809294727635
2.9419986426773375
2.9419222767453208
2.9418484609055628
2.9417768383394165
2.9417053812180227
2.9416346088227749
2.9415644624923658
2.9414962584719495
2.9414306329070588
2.9413681071466278
2.9413087969668448
2.9412528957430077
2.9411988771781985
2.9411463378511455
2.9410952864644275
2.9410449180154323
2.9409934701052562
2.9409429403837004
2.9408909196822322
2.9408400941760555
2.9407874791242765
2.9431052524021939
2.9429809137552123
2.9428745112835526
2.9427529373224117
2.9426521361100142
2.9425432918431675
2.9424490820354094
2.9423504597501289
2.9422598104170272
2.9421680394211487
2.9420833372380302
2.942001423166666
2.9419255681180867
2.9418521107824418
2.9417808773955096
2.9417096927694999
2.9416392588872049
2.9415694752246488
2.9415017953981666
2.9414367440110278
2.9413748937059858
2.9413162466024088
2.9412609658403563
2.9412074716581302
2.9411553595379449
2.9411046767522344
2.9410544647691821
2.9410029377220548
2.940952621694163
2.9409002901909052
2.9408496020077588
2.9407965122403885
2.943110716974974
2.9429847174534109
2.9428797908778073
2.9427571620858162
2.9426576815242687
2.9425485903942015
2.9424554517317536
2.9423569059002088
2.9422670499736476
2.9421758199831234
2.9420923391825746
2.9420116196091772
2.9419370986670739
2.9418644480571503
2.9417938780171782
2.941723237826114
2.9416535085762461
2.9415847146852858
2.9415184969027761
2.9414551390380455
2.9413952588237078
2.9413386500639547
2.9412851659333343
2.9412333391965872
2.9411827062327704
2.9411331062590742
2.9410834765590601
2.9410323647725662
2.9409825491648829
2.9409302458909035
2.9408800640540651
2.9408270245170391
2.9431150050708794
2.9429862513134109
2.9428834777916721
2.9427592527403972
2.9426613495641343
2.9425516858290011
2.9424597546938678
2.9423612325222139
2.9422722783389141
2.942181549946405
2.9420992143869715
2.94201948734097
2.9419461451098794
2.9418742839773935
2.9418044376174719
2.9417345767725158
2.9416657446485539
2.941598064141357
2.9415332574642643
2.9414714710219205
2.9414132833453817
2.9413584367041778
2.9413065579840794
2.941256198844695
2.9412068892601386
2.9411582645329797
2.9411091348547114
2.9410585335459989
2.9410088896027102
2.9409571302648336
2.9409071567101197
2.9408546275482554
2.9431210539813195
2.9429890161918033
2.9428888523321257
2.942762701206068
2.9426666844503111
2.9425563751037189
2.9424659042959598
2.9423673517422406
2.9422794715350933
2.9421893981766645
2.9421084928374475
2.9420299870917788
2.9419579903929494
2.9418870276460094
2.941818071029338
2.9417491073967899
2.9416814038121641
2.9416151437088884
2.9415520937179194
2.9414922947618631
2.9414362470534412
2.9413836353136715
2.9413337705920761
2.9412851901647183
2.9412373930341831
2.941189755334034
2.9411409811675293
2.9410911367540988
2.9410417487466427
2.9409907023880479
2.940941220630465
2.9408898948438926
2.9431266147560566
2.9429902792648162
2.9428934327832041
2.9427647983261234
2.9426709764795578
2.9425597931761787
2.9424709382411751
2.9423723217450259
2.9422856546424674
2.9421962029011719
2.9421166579163529
2.9420392457869098
2.9419685043463764
2.9418985010774654
2.9418306388919984
2.9417626969328943
2.9416962670920759
2.9416314570764062
2.9415701049617851
2.9415121656119996
2.9414582104407421
2.9414076754371545
2.9413597428410534
2.9413128650021534
2.9412664603853296
2.9412196118935112
2.941171459455711
2.941122407915957
2.9410735422237062
2.9410233729613378
2.9409748050435929
2.9409250172609349
2.9431331040130764
2.9429915367008981
2.9428986026476172
2.9427670405091102
2.9426756925535509
2.9425635327849835
2.9424763418167683
2.9423777146468257
2.9422923858076864
2.9422036065652066
2.9421254340854919
2.9420490900481879
2.941979623899373
2.9419106689650856
2.9418440514151247
2.9417772523156231
2.9417121744888375
2.9416488583692155
2.9415892942041042
2.9415333003368866
2.9414816091361069
2.9414332925310402
2.9413873900550986
2.9413422225694776
2.9412971264842973
2.9412509139785805
2.9412038506574913
2.9411554939682856
2.9411075468216947
2.941058286877984
2.9410111609859606
2.9409637468640826
2.9431396452617777
2.9429915432166762
2.9429034196724069
2.9427683301333825
2.9426798361975588
2.9425664987688807
2.9424810366530383
2.9423824653106236
2.9422985005016793
2.9422103599147116
2.9421334796915835
2.9420580920683048
2.9419898642829474
2.9419220269629798
2.9418567162399389
2.9417911429560006
2.9417274541068137
2.9416655831288958
2.9416077912920051
2.9415537084208134
2.9415041888739824
2.9414579339302271
2.9414139449990011
2.9413703893270755
2.9413264751918704
2.941281383644355
2.9412353467027659
2.9411882923385679
2.9411412911808328
2.9410934603088008
2.9410479192528527
2.9410030763494088
2.9431468155450196
2.9429908428606755
2.942908373966056
2.9427692188086296
2.9426839645268488
2.9425692181377654
2.9424856552288863
2.9423870914670758
2.942304597965097
2.9422171036431699
2.9421414095849965
2.9420669117619123
2.9419998875758493
2.9419331957617687
2.9418692751272224
2.9418049808307138
2.9417427500252282
2.9416823423694658
2.9416263122260444
2.9415740805017778
2.9415266860649951
2.9414824190667943
2.9414403241570173
2.9413982999076227
2.941355768284752
2.9413119783895278
2.9412670451003704
2.9412218483306303
2.9411756766685433
2.9411296436918097
2.9410858563534537
2.9410437339287046
2.9431544382228907
2.9429890574334294
2.9429132063856329
2.9427694439700445
2.9426877750078995
2.9425714522739188
2.942489902425268
2.9423913391619942
2.94231032984686
2.942223390061216
2.9421488584179682
2.9420751154203946
2.9420092934272719
2.9419437688609937
2.9418813099963979
2.9418182853971642
2.9417574607286623
2.9416984515551792
2.9416441008369172
2.9415935797183277
2.941548233804927
2.9415058248918391
2.9414655951932556
2.9414251724530787
2.9413843247970828
2.9413419939973715
2.9412986297500359
2.9412551754055043
2.9412101188043516
2.941166032456167
2.9411240160253875
2.9410846716673276
2.9431626203594723
2.9429861695991959
2.9429179259550189
2.9427690393597636
2.9426913281735563
2.9425732916906351
2.9424938598447952
2.942395363833116
2.942315852973314
2.9422293906079533
2.9421558504304492
2.9420828112475816
2.9420182106415038
2.9419538384681072
2.9418928473749144
2.9418311538686877
2.9417717812420059
2.9417139637270036
2.9416611762749172
2.9416121579171839
2.9415687397088397
2.9415280925865699
2.9414897234749087
2.9414511271718742
2.9414122131562039
2.941371597740575
2.9413303081483186
2.9412879025092415
2.9412446670302281
2.9412026966536264
2.9411624138185837
2.9411258790733283
2.9431717086976765
2.9429822709944808
2.942922832530106
2.9427682676759939
2.9426948638036503
2.9425749963411207
2.9424977415440603
2.9423993395339592
2.9423214001513114
2.942235375195926
2.9421627559557222
2.9420902153407735
2.9420267133643874
2.941963519178834
2.9419040354497228
2.941843615820968
2.9417856887366827
2.9417290491469261
2.9416777463928159
2.9416299156139925
2.941588261918088
2.9415492355731709
2.9415128352526967
2.9414761676923074
2.9414395037480348
2.9414009203173386
2.941361987958615
2.9413207566434005
2.9412796231643887
2.9412397363883298
2.9412010486891775
2.9411672937362709
2.9431813004424368
2.9429769365785869
2.9429273484893619
2.942766741931115
2.9426979250847904
2.9425762410368956
2.9425011142053088
2.942402880316028
2.942326548138968
2.9422409807915888
2.9421691636327072
2.9420970400556778
2.9420344711358672
2.9419723502653659
2.9419143911626402
2.9418553736213751
2.9417989787641527
2.9417432545341806
2.9416931816856882
2.9416462907522924
2.9416060996204481
2.9415685273206096
2.9415342372190896
2.9414994909503411
2.9414652677915254
2.9414288980283061
2.9413924597449035
2.9413529198669175
2.9413140076416995
2.9412761915901227
2.941238879722254
2.9412078591439688
2.9431923556715347
2.9429707477686149
2.9429324192720947
2.9427652873606407
2.9427014578880799
2.9425779651729775
2.9425048859047731
2.9424067845222375
2.9423320961193706
2.9422471236880456
2.9421760211151238
2.9421041217480277
2.9420423047725288
2.9419811226173342
2.9419247097154551
2.9418670899412191
2.9418123672804453
2.9417575994328518
2.9417085830060494
2.9416623432587703
2.9416233300914967
2.9415870336596579
2.941555022550812
2.9415222060802502
2.9414907420474323
2.941456892961372
2.9414235943247991
2.9413857592145849
2.9413489984843428
2.9413133796042481
2.9412773466166362
2.9412490944630059
2.9432036948477998
2.9429627190077157
2.9429365953584892
2.9427628507661603
2.9427040872383885
2.9425790535680361
2.9425078369432893
2.9424099267765111
2.9423368111153323
2.942252586656263
2.9421821473721104
2.9421104061762882
2.9420490944568183
2.9419886265949371
2.9419336658724879
2.9418774073810621
2.9418243627125329
2.9417704830492188
2.9417223437861613
2.941676515095347
2.9416382236518333
2.941602886098964
2.9415731075900022
2.941542120822632
2.9415136013209948
2.9414823716411402
2.9414524610921675
2.9414169489132949
2.9413828172175953
2.9413489158298187
2.941313838860752
2.94128852643713
2.9432173731951528
2.9429540497636064
2.9429420629459657
2.9427612042724047
2.9427078998054332
2.9425813928420066
2.9425120193970868
2.9424142450883406
2.9423426603700529
2.9422592042934292
2.9421894577582748
2.9421177753578824
2.9420568790991526
2.9419969541079682
2.9419434584556905
2.9418885530866854
2.9418373278445804
2.9417844103124744
2.9417372427326036
2.9416915157366139
2.9416538451840402
2.9416189443164744
2.9415913339536837
2.9415620346688462
2.9415366555528122
2.9415081085853663
2.9414820219550628
2.9414495469616733
2.9414179633969835
2.941386959372855
2.9413540136633296
2.9413303072591193
2.9432306597467064
2.9429430549857059
2.9429456430975054
2.9427581835954748
2.9427099752445636
2.9425825212434669
2.9425147051655651
2.9424172060090235
2.9423469289505948
2.942264404662478
2.9421953141490573
2.942123595763535
2.9420627805183179
2.942003111968674
2.9419507279061659
2.9418970233404731
2.9418474603048486
2.9417956653595438
2.9417493602718165
2.9417035043042183
2.9416662411179404
2.9416309706313672
2.9416051364852436
2.9415773995599408
2.9415550324233219
2.9415288036718716
2.9415066798114613
2.9414785325392954
2.9414502411497914
2.9414203300734716
2.9413917428596572
2.9413689003067813
2.9432478077153177
2.9429316411981503
2.9429518624305993
2.9427570250458017
2.9427144824900511
2.9425860924624874
2.9425197858837393
2.9424222918012344
2.9423533998786486
2.942271925457582
2.9422039359254035
2.9421321539663752
2.9420714171479534
2.9420116391927529
2.9419604323129391
2.9419079025570838
2.9418604336742544
2.9418099055999742
2.9417650168341964
2.9417189342163859
2.9416822014451416
2.9416458946126274
2.9416211703686694
2.9415948165016741
2.941575742775616
2.9415517888011324
2.941533832375808
2.9415107585946907
2.9414866645959461
2.9414600578259114
2.9414351064634414
2.9414148871269652
2.9432627847381481
2.9429176258108538
2.9429542815322454
2.9427538563131219
2.9427159267128742
2.942587521827543
2.9425223593389318
2.9424250870941546
2.9423570700124921
2.9422765823571728
2.9422096241108524
2.9421379979652906
2.9420768191434346
2.9420163951768914
2.9419653947823821
2.9419136920228142
2.9418679395424476
2.9418187487713312
2.9417753721601492
2.941729032134532
2.9416924360935082
2.9416549854143987
2.9416299153013465
2.9416039503918143
2.941587807079503
2.9415659953020694
2.941552231117925
2.9415324391163766
2.9415172012043036
2.9414922018507332
2.9414751412217526
2.9414556989453646
2.9432848458931953
2.9429030910737857
2.9429620103746927
2.9427542990209279
2.9427216692184834
2.9425929941136779
2.9425293082671766
2.9424317835081419
2.9423647336003382
2.9422851702619219
2.9422202201248293
2.9421494313330396
2.942088639484846
2.9420273397658732
2.9419766167739017
2.9419254419477432
2.9418823335627708
2.941834942713482
2.9417943914075817
2.9417485390293665
2.9417126111855469
2.9416737417752032
2.9416484144900754
2.9416208925054459
2.9416075502722361
2.9415874726417668
2.9415787222326415
2.9415624074969124
2.941556421454973
2.9415381081422804
2.9415313852291574
2.9415183768179047
2.9433008731497727
2.942887221112938
2.9429632068751124
2.9427525614368784
2.9427232977704438
2.9425957789536441
2.9425333660402919
2.9424362738427527
2.9423693612999995
2.9422905816887792
2.9422263145486807
2.9421566245389115
2.942095889651378
2.9420337586867076
2.9419818125007264
2.9419298747320419
2.9418872627919956
2.9418414115113709
2.9418032162720902
2.9417595101422269
2.9417249304698343
2.9416855350846753
2.9416595740800324
2.9416291569084829
2.9416148675773699
2.9415953366742902
2.9415912536466218
2.9415781795502891
2.9415792467204374
2.9415721736626921
2.9415750326076302
2.9415815440142739
2.9433337556572905
2.9428713861592031
2.9429773733122286
2.9427597590414565
2.9427353589975151
2.9426075116198449
2.9425473256827392
2.9424510037647469
2.9423855743767025
2.9423069819330085
2.9422451601533859
2.9421765490689298
2.9421192792880002
2.9420582967208424
2.9420084965053359
2.9419555332200464
2.941914705099002
2.9418688557678592
2.9418357684264729
2.9417952705749952
2.9417677090222298
2.9417307005527662
2.9417087742442041
2.9416771626873786
2.9416651893406116
2.9416430938761229
2.9416443512246304
2.9416334010809293
2.9416455326257034
2.94165023534782
2.9416794936345441
2.9417549390214219
2.943360758526099
2.9428728183712969
2.9429945200528129
2.9427794569390708
2.9427594748542152
2.9426345103386415
2.9425783519083768
2.9424854408483587
2.9424243282020277
2.9423477604497115
2.9422893508738506
2.9422235847074987
2.9421718535319243
2.9421150284016231
2.9420715725117397
2.9420223124634277
2.9419878795479453
2.9419464788070506
2.9419226718898401
2.9418888205193396
2.9418758829578713
2.9418492188576795
2.9418472305780208
2.9418274824202144
2.9418346562669129
2.9418219758363291
2.9418378771183931
2.9418358918530032
2.9418669702746074
2.941902002202391
2.942031912444615
2.942516123979352
2.9434947174145232
2.9429519305392318
2.9431344228858642
2.9429272986260213
2.9429327740004734
2.9428307146579598
2.9428147211275326
2.942754335874366
2.9427542085974392
2.9427147046014102
2.9427361589913588
2.942714749094109
2.9427583179656756
2.9427532356847412
2.9428209687704263
2.9428292538554151
2.9429168588378887
2.9429374393656387
2.9430447800082113
2.9430773953077534
2.9432062645624666
2.9432503999250428
2.9433988423327149
2.9434509878471293
2.9436103350058911
2.9436683999068651
2.9438366680917083
2.9439366267458822
2.9441968905152032
2.9446723821954905
2.9458025825548626
2.9496314353485555
2.9441848667645503
2.9438541991011902
2.9446438991070791
2.9448580818161929
2.9456260174259645
2.9460097320767233
2.9470014056678524
2.9475622676443574
2.9488189647343415
2.9494470200273968
2.9507662760343516
2.9514340759401447
2.9528330704586034
2.9535647495976463
2.9550900248745662
2.9558689899266222
2.957461903466764
2.9582407409682685
2.9598225868537886
2.960591154140201
2.9621666516124452
2.9629420379941691
2.9646368676929842
2.9654346424304419
2.967278242471227
2.9683065352496438
2.9705618690048849
2.9725209464748699
2.975877019593975
2.9810480322354889
2.9885518406489977
3.008845201235121
2.9552898279043789
2.9756704349571055
2.9958041696422488
3.015867602566852
3.034953714602393
3.0542470226139935
3.0721884754967577
3.0899648253984107
3.1060658169645943
3.1218798313287066
3.135969896530566
3.1501167653630135
3.1626829110786701
3.1759118576794374
3.1875963825801472
3.2005323335479599
3.2117365601641601
3.2246021770491629
3.2353880441687202
3.2480758597459749
3.2582016309471897
3.2705533808006226
3.2798144030415441
3.2916258468046942
3.2999357698727696
3.3110900056305681
3.3185283037972866
3.3294719810438047
3.3367388798790669
3.3489554719148669
3.3582925669011674
3.3845213995075683
2.940779364069936
2.9407280606629405
2.9406795306746822
2.940626936516415
2.9405732754107641
2.9405207784601477
2.9404701006465936
2.9404156172731826
2.9403672017368034
2.9403067482996139
2.9402595080785532
2.9402008221089213
2.9401482058985375
2.9400887027513298
2.9400310821512452
2.9399683371935663
2.9399051641266474
2.9398380569844607
2.9397677740896744
2.9396945793796037
2.9396162149648268
2.939535277075032
2.9394458299471746
2.9393564715748806
2.9392553328180266
2.9391568883833239
2.9390428077568522
2.9389333947043008
2.9388066745643413
2.9386842624994385
2.9385447212180527
2.9384026306050854
2.9382559613644914
2.9380871527505863
2.9379268345711518
2.9377403198568848
2.9375489378444684
2.9373498544949057
2.9371274181108546
2.936897029969197
2.9366490869513266
2.9363911425273268
2.9360980493754001
2.9358030573538687
2.9354595083669843
2.935134995250507
2.9347369799527834
2.9343468278056211
2.9338818985781852
2.9334198170118828
2.9328905482185417
2.9323457692896295
2.9317267070536723
2.9310635614578415
2.9303230291743132
2.9295429300933153
2.928638263380646
2.9277207965930518
2.9266847549424928
2.9254344950902977
2.9242176335172729
2.9227925975726321
2.9212171845702861
2.9194638736945682
2.9175173989623571
2.9153037238251907
2.9129030553532433
2.9102372347138168
2.9071302040710831
2.9036732124987461
2.8997687780062851
2.8952355584968434
2.8902309817810279
2.8844157126928538
2.8778767787529724
2.8703022188812284
2.8614975982765714
2.8512469085814405
2.8391584448676044
2.8250313265778431
2.8083418668487523
2.7887075919779925
2.7655548052295043
2.741262251614963
2.7073539878929176
2.6663901376039152
2.6191565030235475
2.5657844375961458
2.5052736732803891
2.4294933652866475
2.3378006237596676
2.2339777669611163
2.9407159271283896
2.9406617424533543
2.9406121930075013
2.9405558902248168
2.9404953559204046
2.940439314526714
2.940384097733197
2.9403231391457871
2.9402695246143464
2.9401940665952706
2.940146121716626
2.9400776489784315
2.9400192952069997
2.9399508536979715
2.9398848335024508
2.9398131006685779
2.9397406014718124
2.9396643668785898
2.9395855318845485
2.9395051811218513
2.9394181970274027
2.9393306030977997
2.9392328304510884
2.9391361616254525
2.939025710149441
2.9389184706779998
2.938793384063358
2.938673859077737
2.9385334488274122
2.9383985380048276
2.9382416162665916
2.9380904454202259
2.9379139819614686
2.9377436293283963
2.9375445246196659
2.9373518914413665
2.937126379767824
2.9369080925493791
2.9366517288885521
2.9364034714798759
2.9361104639881863
2.935825377945644
2.9354904538194715
2.9351641530834294
2.9347745925930675
2.9343954094566267
2.9339488889499186
2.9335081402877039
2.9329804279628178
2.9324648979683761
2.9318623919262587
2.9312338513744125
2.9305277307054252
2.9297942958222909
2.9289483039362283
2.9280788358291714
2.9270494783753302
2.9260117130759307
2.9248049915205412
2.9235063070952361
2.922048645071162
2.9204661037556119
2.9186960331455993
2.9167406603558548
2.9145556185085377
2.9121405384100183
2.9093894917504262
2.9063865540713412
2.9029498636208086
2.8990881582544468
2.894754403774757
2.8898254915025312
2.8842236040060252
2.8778861379038085
2.8706768628282013
2.8623166224643741
2.8525877883184152
2.8412713354963324
2.827953727931011
2.8124426757161975
2.7943284462494704
2.7733846474391188
2.7489434958037657
2.7234529621049095
2.6866786146540789
2.6436219179617377
2.5952835233481073
2.5412385804980513
2.4795733908142754
2.4016780548646057
2.309458765677447
2.2074400341672451
2.9407385174980125
2.9406833147622233
2.9406354873003897
2.9405788676666282
2.940516533085455
2.940462011525609
2.9404092835538411
2.9403488931888817
2.9403001413972514
2.9402181896630624
2.9401779900583982
2.9401078405867498
2.9400528589410735
2.9399842179924649
2.9399195998933152
2.9398479794169781
2.9397762472512157
2.9397002033056787
2.9396216089167617
2.939542079396797
2.9394548773475253
2.9393676565417297
2.9392694821131253
2.9391726455504386
2.9390615294579945
2.9389543136102461
2.9388286730929347
2.9387089640862847
2.9385685346373545
2.9384338696603529
2.9382769596809499
2.9381263250284584
2.9379500166751846
2.9377804472328441
2.9375816968648016
2.9373903344368029
2.9371652734277274
2.9369484262961296
2.9366924844655635
2.936445629612868
2.9361529827006381
2.9358698811434523
2.9355373362357229
2.935204971765442
2.9348307739021551
2.9344364590766587
2.9340070094579085
2.9335626223336111
2.9330337566332156
2.9325190279198896
2.9319289158323198
2.9313011803308999
2.9305872920699567
2.9298671219300458
2.9290163484900007
2.9281374004017571
2.9271500616152593
2.926105880296312
2.9248742969979613
2.9235778221057664
2.9221082815173336
2.9205869639976791
2.9188040159009412
2.9168528935530826
2.9146301609067131
2.9122225013887983
2.9094748633005403
2.9064717400030728
2.9030192335768672
2.8991768931677835
2.8948422489506767
2.8899048655798012
2.8842627675279284
2.8778918958662074
2.8706259427633265
2.8622757859958572
2.8524394788739764
2.8409508043847147
2.8275254581958116
2.8118158466561258
2.7934817510596512
2.7723412672398671
2.7476769641534196
2.7229235145293793
2.6848783445292739
2.6409683447322601
2.5923921304788675
2.5386666326491958
2.4772690546248928
2.3977981123024881
2.3037873408885869
2.2008635539032992
2.9407481284974568
2.9406920347568453
2.9406454933729376
2.9405887056865607
2.9405241723457478
2.9404709229626529
2.9404201708725788
2.94035960625818
2.9403144106313608
2.9402244761277867
2.9401915977623503
2.9401184262134938
2.940065908994006
2.9399957928152731
2.9399317409622148
2.9398590973090286
2.9397869810587585
2.9397098037944804
2.9396305546216728
2.9395500853498837
2.9394623443300865
2.9393735454941212
2.939274433864377
2.9391762453858625
2.9390639922043618
2.9389552428411072
2.9388288187247453
2.9387079686148434
2.9385668416034227
2.9384309487555731
2.9382733387242665
2.9381215783453429
2.9379447810001689
2.937774341423232
2.9375751455792547
2.9373827830268837
2.9371572685751186
2.9369393713933074
2.9366831467403349
2.9364355769509678
2.9361430740749537
2.9358604348619077
2.9355248418109303
2.9352005062014506
2.9348134353973534
2.9344391275877029
2.9339902339099861
2.9335556041331703
2.9330321967437296
2.9325245325653646
2.9319101319556431
2.9313127410703648
2.930587197254976
2.9298802052457016
2.9290255720270881
2.9281506496958403
2.9271645497871086
2.9261245753521692
2.9248913497334703
2.9236308530062849
2.9221700876169576
2.9206371734798426
2.9188241864671545
2.9168991323531017
2.9147260006821774
2.9123228104318666
2.9095980801878509
2.9065988632992323
2.9031260307946951
2.8993356262057834
2.8949681142704011
2.8900761328190891
2.8844716670489761
2.8780953754848753
2.8708747072975864
2.8625232191126875
2.8526357387999144
2.8410400996034193
2.8274922135109386
2.8116288754706731
2.7930778514559771
2.7716997358407931
2.7467746679909553
2.7230282509720376
2.6834248655206374
2.6381923723479659
2.5889728956934603
2.5351727064805676
2.4735715419281532
2.391627297374828
2.2947577831940587
2.1899719480271926
2.9407795497027758
2.9407238899497812
2.9406787270317727
2.9406230713360344
2.940558207199758
2.940507736275416
2.9404604558633594
2.9404016118496235
2.9403616978271039
2.9402667040448094
2.9402418519046107
2.9401675568546048
2.9401188435834871
2.9400491611781705
2.9399874990984736
2.9399156080124209
2.939844614427352
2.9397673748269693
2.9396883925065875
2.9396074445827773
2.9395198312532074
2.93943012148979
2.9393308613098572
2.9392322382891916
2.9391202053599819
2.9390113630431145
2.9388857529463683
2.9387651159527874
2.938625398605081
2.9384901173704332
2.938333983222198
2.9381829313362773
2.938008089515991
2.9378389771190232
2.9376423145763448
2.9374520931132091
2.9372297591722178
2.9370147566905733
2.9367624960169252
2.9365189095076842
2.9362314020455744
2.9359541374322782
2.9356247117250907
2.9353071550963956
2.9349275588841621
2.934561467606712
2.9341214616072517
2.9336965767101839
2.9331834527338874
2.9326870418920703
2.9320847523377278
2.9315008695637039
2.9307893119184394
2.9300975095483763
2.9292513737877601
2.9284249715358572
2.9274181075464831
2.9264013623699365
2.9252230545971449
2.9239708417972659
2.922537493052539
2.9210129755045751
2.9192621079800527
2.9173615905387522
2.9152368789463008
2.9128626754636966
2.9101735214509246
2.9072479923299928
2.903814890099135
2.9001250637430176
2.895785372671638
2.8909813356038025
2.8854614386935626
2.8791224833817295
2.8720207549442369
2.8638152587258254
2.853935121591864
2.8423719120757878
2.8287783836392997
2.812909316465912
2.7943300133002942
2.7728604292701577
2.7477375917367337
2.7251199684274283
2.6841123563042042
2.6375758346069085
2.5877247930298264
2.5337653917373117
2.4719711733277863
2.3874248687844224
2.2873479052955341
2.1801436662503462
2.9408078067796488
2.940753478828527
2.9407099020418479
2.9406558594288512
2.9405914410792584
2.9405435464017873
2.9404993781571087
2.9404416147012586
2.9404059931937789
2.9403063306465058
2.9402884417373998
2.9402130528940145
2.9401677421834513
2.9400980313967469
2.9400379323666774
2.9399659483414768
2.9398950987756685
2.9398171661693211
2.9397376086638634
2.9396560975575587
2.9395681227231765
2.9394777259267735
2.9393784617933401
2.9392796937541967
2.9391678759186131
2.9390591368489249
2.9389344923209184
2.9388137662408154
2.9386754617023572
2.9385405894115357
2.9383861654508352
2.938235929634351
2.9380635306577796
2.9378962119557182
2.9377027549981367
2.9375154765707978
2.9372973527412545
2.9370866744139645
2.9368396835049047
2.9366017213305131
2.9363206183187995
2.936050431345167
2.9357286782985654
2.9354195014340356
2.9350489328948575
2.9346924002084518
2.9342628761472573
2.9338487631642534
2.9333477490889881
2.9328636658118157
2.9322755510157283
2.9317062287944
2.9310111589168639
2.9303359317444744
2.929510303260749
2.9287006054097291
2.9277147101360232
2.9267448894725194
2.9255929396004312
2.9243010516989716
2.9229981717900237
2.9214610387437685
2.9197749267315771
2.9178942801108287
2.91582373034896
2.9135088766308583
2.910874795365801
2.9080253489845598
2.9046708909626786
2.90105724157497
2.8968285082333733
2.8920581143353892
2.8866510977889237
2.8804644414370224
2.8734966750105695
2.8654492173962773
2.8556008224226077
2.8442124089502565
2.8306635128199242
2.8147630000447386
2.7962343841683102
2.7746949554785485
2.7494273070969188
2.7279758812192187
2.6855557010714031
2.6376385844251882
2.5869368213713062
2.5326342974681681
2.4705149374650457
2.3830122442999557
2.2789025123893873
2.1682734309703506
2.940844211127343
2.9407922179925952
2.9407504273193013
2.9406988163620404
2.9406360657155313
2.9405908668152292
2.9405498881674759
2.9404936009925318
2.9404626142263122
2.940359585933213
2.940348112430176
2.9402718917775217
2.9402300635499441
2.9401601565271811
2.9401011914439827
2.9400288662240488
2.939957551618952
2.9398784111643801
2.9397981921031153
2.9397161924969013
2.9396275970332102
2.9395369984027968
2.9394376541506229
2.9393388523302506
2.9392271531346927
2.9391179382305661
2.9389945624582037
2.9388736206934287
2.9387370358541545
2.9386031749233998
2.9384513548431963
2.9383033974200199
2.9381347092844221
2.9379699475637744
2.9377871224037042
2.9375941532992682
2.9373933293829793
2.9371835041413084
2.9369428804471491
2.9367102939708296
2.93644969290715
2.9361733573108753
2.9358623455229282
2.9355697214131693
2.9352113787516161
2.9348581777642768
2.934438399867255
2.9340377938346545
2.93355685497668
2.9330809503761932
2.9325264758295542
2.931926720634757
2.9312994280666342
2.9306228517220734
2.9298407866082257
2.9290050061024613
2.928124648349506
2.9271224180037723
2.9259669334957561
2.9247959607150147
2.9235590291513271
2.9219860192959488
2.9203448237914476
2.9184942837097196
2.916566642305034
2.9143207205833646
2.9116912370513592
2.9089208937250808
2.9056239890492339
2.9021722344719452
2.8980456210544352
2.8933688634182935
2.8881422507984791
2.8820545208751058
2.8752775653305971
2.8672943454082822
2.8576954473212455
2.8464195698751151
2.8330127596296872
2.8171136239730528
2.7986645801536847
2.7771302388075556
2.7518268841183589
2.7315521962821911
2.6878585190880315
2.6385282634442029
2.5868946067354912
2.5321526261690819
2.4695767451520498
2.3787412549985674
2.2705223372438774
2.1558447554629772
2.9408807757351014
2.9408317279475158
2.9407916288130829
2.9407426422442371
2.9406814892769813
2.9406386716474846
2.9406005661829253
2.9405456494809328
2.9405185748489173
2.940412613237458
2.9404062188990521
2.9403289413207898
2.9402895852910089
2.9402189651327713
2.9401605340234207
2.9400863651465734
2.9400143455493764
2.9399339568999427
2.9398527786518414
2.9397700718464499
2.939681660795157
2.9395891507690632
2.9394920072806268
2.9393889871944059
2.9392815629404558
2.9391684595783265
2.9390511276535847
2.9389237982573868
2.9387997464747531
2.9386606463018534
2.9385152047549776
2.938371084076485
2.938210859716289
2.9380471482362043
2.9378743924233501
2.9376781618339547
2.9374884367346921
2.9372849907350802
2.9370599491970149
2.9368170062481518
2.9365734872307883
2.9362962903705272
2.9360190747140109
2.9357153458775289
2.9353605056344905
2.9350251500986189
2.9346303582414697
2.9342408301601881
2.9337653075042298
2.9332962429295297
2.9327747712721419
2.932185491220098
2.931613666165013
2.9309002798956989
2.9301752233632095
2.9293539427120905
2.928502621211504
2.9275245950371276
2.9264414420906482
2.9253393303979007
2.9240591731557788
2.9225114675053234
2.9209521425408673
2.9192645762591565
2.9173006405842545
2.9150247957436055
2.9126181967670872
2.9098906964793407
2.906737214838222
2.9034126627153998
2.8992047507519487
2.8947482608801276
2.8896209582313057
2.883776180033109
2.8772239002352791
2.8693686604003554
2.8600150695398718
2.8488235385123346
2.8355519724914999
2.8197801433295755
2.8014576915199831
2.780064674629509
2.7547984098736964
2.7357244925569804
2.6908075613157019
2.639951281622773
2.5873708359429979
2.5319895250314235
2.4687853142382261
2.3741500610972532
2.2614017371629056
2.142989601601248
2.9409211070806789
2.9408753863194979
2.9408367781204068
2.9407905560078338
2.9407311877854356
2.9406908797620064
2.9406557495514813
2.9406022474940889
2.940578212039247
2.9404697604344703
2.9404670865494893
2.9403885492295361
2.9403509352327659
2.9402790814880722
2.9402201997182407
2.9401440894285704
2.9400707350191233
2.9399886916531255
2.939906351830698
2.9398224419812191
2.9397332815952448
2.939639897801082
2.9395426271189593
2.9394404851606639
2.9393328040193567
2.9392226715666561
2.9391075323499045
2.9389827494661991
2.9388619778732021
2.9387252834319249
2.9385913335827767
2.93843980007316
2.9382947740113052
2.9381266857660071
2.937964434943499
2.9377751426344778
2.937590666552246
2.9373861322086676
2.937173904456289
2.9369435956936756
2.9367011764733961
2.936435733570864
2.9361713682126034
2.9358683099143281
2.9355314373856598
2.9352172473581453
2.934830877466994
2.9344397497044161
2.9339839669778591
2.9335527901398288
2.9330269022256834
2.9324763833329612
2.9319052300584709
2.9312065286226416
2.9305308921427096
2.9297222449518028
2.9289097297131725
2.927973126654607
2.9268939714140072
2.9258339991077271
2.9245034968859049
2.9231791695016587
2.9215798086362614
2.9199453476484942
2.9180958605387119
2.915853738632741
2.9135355891301939
2.9108625336500586
2.9077877137227683
2.9045534640656951
2.900478572776465
2.8962680729576671
2.8912969900202889
2.8855460714134504
2.8790273385273273
2.871512877373315
2.8623067619826124
2.8514504725449408
2.8383486837536123
2.8227886600851249
2.8045832473488184
2.7833665656199811
2.7580493867536378
2.7402086634785539
2.6941133859291173
2.6418838491004895
2.588321628481979
2.5321869542156157
2.4681439022409357
2.3698494172363032
2.2518950449800648
2.127744326801321
2.9409619080709746
2.9409196975385821
2.940882383252053
2.9408389433457511
2.9407813079981744
2.9407431602759275
2.9407104685674588
2.9406582202013203
2.9406362266208546
2.9405251852372674
2.9405249944593583
2.9404447258128457
2.9404078706594268
2.9403342462405853
2.9402745447112095
2.9401962508444548
2.9401210650465641
2.9400370586530378
2.939953408114774
2.9398685900905179
2.9397792707122727
2.9396855509075519
2.9395907539853678
2.9394881426095933
2.9393856425055529
2.9392743789932521
2.9391641794612902
2.9390424401058732
2.9389230451989174
2.9387896470157844
2.9386603501176629
2.9385132666007796
2.9383716957662576
2.9382081776762741
2.9380517411746077
2.9378690503072238
2.9376954256096144
2.9374899469720539
2.9372956029875059
2.9370629627465497
2.9368419777858623
2.9365770864726914
2.936326534851184
2.9360259957839507
2.9357173876983067
2.9353934067607841
2.9350406718297468
2.9346280654530181
2.9342368749280117
2.9337857409046664
2.9332650884020333
2.9327714815895316
2.9321763074897325
2.9315206896335213
2.9308844890881494
2.9300854583306979
2.9292883402866261
2.928368712863227
2.9273643736156014
2.9263241938683882
2.9250316868987762
2.92375003485594
2.9222241807177318
2.9206395235514617
2.9188112637883536
2.9166179969202446
2.9144461806606792
2.9118316873941801
2.9089012509994072
2.9056525616589322
2.9017908367513336
2.8978093403260434
2.892839496856729
2.8872941132790735
2.8808189308251499
2.8737108698012039
2.8647438784530359
2.8541711564266121
2.8412386452202041
2.8259080376967307
2.8077821278535247
2.7867912979324543
2.7615071041958847
2.7449577805473004
2.6978553810824186
2.6444691522757644
2.5897391813652013
2.5327185618523389
2.4676881048703136
2.3657834256511769
2.242631211068022
2.1115561782235086
2.9410039174007649
2.940965451480654
2.94092925080334
2.940888842494664
2.9408329254164505
2.940796824786124
2.9407660702177094
2.9407144633817608
2.940693174144819
2.9405792452365396
2.9405807047670356
2.94049845667096
2.9404617571176281
2.9403859286901159
2.9403248174637082
2.940244034613638
2.9401670837937073
2.9400813581535976
2.9399970283298233
2.9399117784716613
2.9398233733830983
2.9397306770355836
2.9396369467454178
2.9395364874776373
2.9394358357737489
2.9393268687681187
2.9392188652912976
2.9390999969835518
2.9389837232839757
2.9388541812299458
2.9387294848502177
2.9385871438740971
2.9384513135705284
2.9382935201750571
2.9381442096737365
2.9379682232776947
2.9378026668050214
2.9376045151264663
2.9374181218796127
2.93719294881741
2.9369805037284182
2.9367230713787023
2.9364790603200301
2.936183091466225
2.9359024014672235
2.9355601524952144
2.9352343107500403
2.9348370825942114
2.9344572655926968
2.9339973521234235
2.9335316156324884
2.9330338018226989
2.9324374140270502
2.9318475152706833
2.9312116508220036
2.9304294523323682
2.9296531242504473
2.928796460575938
2.9278055122621072
2.9267934983898742
2.9255486948594913
2.9242808745106568
2.9229224227406685
2.9212219962248667
2.9195301434990721
2.9174332554695446
2.9153355175357967
2.9127028772715562
2.9100551537803789
2.9067560639189991
2.9031181701019242
2.8991433844968504
2.8943019314608667
2.8890215896805911
2.8827760818244834
2.8759127415901968
2.8670540370509112
2.8569341163811353
2.8440208571124366
2.8290479246640796
2.8111304285433305
2.7903919166032707
2.765286712000572
2.7500455448854799
2.7020912045070413
2.647535533869088
2.5914243113971027
2.5336430121514781
2.4674736826553323
2.3613869614344214
2.2326686257908883
2.0959424841104988
2.9410460413492179
2.941011433613725
2.9409761685329112
2.9409390377486799
2.9408844902086151
2.9408501165671512
2.9408203780899362
2.940768381067163
2.9407466096379413
2.9406296512969585
2.9406324137923439
2.9405483552349092
2.9405116763316261
2.9404333536905329
2.9403702864958055
2.9402867804814843
2.940208401214401
2.9401216008732947
2.9400370398803264
2.9399524550993763
2.9398649124862026
2.939773572748031
2.9396809446011027
2.9395825500614006
2.9394836170737171
2.9393768941365011
2.939271596538187
2.9391564484282613
2.93904512176865
2.9389199623910844
2.9388007811073433
2.9386635388315785
2.9385344642306697
2.9383824523914903
2.9382384088653715
2.9380746231681547
2.9379005687014814
2.9377289297597806
2.9375274545219217
2.9373191226248236
2.9371103755721459
2.9368678083847652
2.9366058163177176
2.9363481575884234
2.936068044546114
2.9357311453444708
2.935408942008249
2.9350385032444124
2.9346729730626251
2.9342258809229729
2.9337629237636413
2.9332854543629092
2.9327225499692102
2.9321426554164449
2.9315272849383991
2.9307763370031426
2.9299870726575121
2.929216962320659
2.9282281057677308
2.9272362891409887
2.9260530822896351
2.9248246245656344
2.9234955369878146
2.9218448112514173
2.9202068870058344
2.9181947946498741
2.9161689250245884
2.9136298208424996
2.9109361332384953
2.9078921799246831
2.9044173056774341
2.9004182877342917
2.8957368258351064
2.8907441223826043
2.8847239404056859
2.8778946467477691
2.8692595732816821
2.8595470412710582
2.8468605222650756
2.8323018262695645
2.814548680918382
2.7941140461030356
2.7691384992195474
2.7552280533082452
2.7066034822001939
2.6508893037237584
2.5935069518011606
2.5348904841707181
2.4673460303126329
2.3569812176127631
2.2221890639212099
2.0782654655704316
2.9410883063188331
2.9410576308744067
2.9410230864661671
2.940989272802752
2.940935255963931
2.9409020611450987
2.9408726577067315
2.9408199213720736
2.9407971494984708
2.9406773368008512
2.9406813933239344
2.9405955002371158
2.9405585012702398
2.9404762681695167
2.9404115617660245
2.9403254924829447
2.9402459790526452
2.9401584581703455
2.9400740522723767
2.9399902298250806
2.9399036638603304
2.9398141529151518
2.9397230671967765
2.9396268151376708
2.9395304760403609
2.9394268703353528
2.9393259816718706
2.9392149100381988
2.9391088771321452
2.9389880123527652
2.9388742987825371
2.9387416641367032
2.9386178608409717
2.9384703688080549
2.9383311254859845
2.9381711722579937
2.9380029716795808
2.9378349317455812
2.937638798741304
2.9374393239859971
2.9372339604814535
2.9369983975396181
2.9367510998799298
2.9364955231514633
2.936226610747414
2.9359014413459898
2.9355909919103116
2.9352305196136399
2.9348763504804971
2.9344376999652706
2.9340110795986951
2.9335009132849592
2.9330152484608445
2.9324080852880612
2.9318102402885189
2.9311091847341046
2.930335948659371
2.9295692152819943
2.9286089583277182
2.9276640227627855
2.9265438494983438
2.9253187143476738
2.9240157438311183
2.9224229907420596
2.9208508595382034
2.9189425689189927
2.9168986692465699
2.9145870714199931
2.9117669986747741
2.9089186051425715
2.9056175238744788
2.901672062340932
2.897112962645819
2.8923768077126124
2.8864441042328957
2.879894331919604
2.8714447923721154
2.8620045498078222
2.8496643084173976
2.8354376640142229
2.817990659560865
2.7979212120579873
2.7731466592914651
2.7603869785430621
2.7114823283909684
2.6546060190146141
2.5960286200449518
2.5362207522944309
2.4672571553318399
2.3527169225560525
2.2123323550828267
2.0588223723287697
2.9411307467170391
2.9411041156020099
2.9410699633998285
2.9410388838467441
2.9409843676013883
2.9409523394051842
2.9409230831193689
2.9408694848434052
2.9408454798212778
2.9407231499394113
2.9407285328670087
2.9406405671451279
2.9406007771643652
2.9405165222958751
2.940449376538993
2.9403602837509557
2.9402802992254924
2.9401929978002235
2.9401092969677594
2.9400265984821337
2.9399413132043031
2.939853871664968
2.93976518691565
2.9396714085283522
2.939578264220458
2.93947804745103
2.9393815882286356
2.939273963977258
2.9391720435420519
2.9390550467280234
2.9389461680818472
2.9388176958391821
2.9386984326284895
2.9385562326603898
2.938418724883316
2.9382681140686184
2.9380992477674273
2.9379407614017317
2.9377473343505986
2.9375559435190928
2.937352558774085
2.9371300254518822
2.9368901386667075
2.9366313064945704
2.9363801764066051
2.9360677829221675
2.9357589602822203
2.9354039680033526
2.9350651625541313
2.9346413192346179
2.934228940919291
2.9337283370349097
2.9332475395517892
2.9326605978106564
2.9320911130546059
2.9313994130221168
2.930667595544262
2.9299087197014102
2.9289709369226076
2.9280382348494665
2.9270052316985629
2.9257571505157709
2.9245341900618809
2.9229999219821017
2.9214616538476514
2.919580043019006
2.9175860828950317
2.9154153800067029
2.9126818026214609
2.9098839754703985
2.9066460664804019
2.9029396794171589
2.8984396288938972
2.8938299400952863
2.8881116295132179
2.8817902704636267
2.873650697104229
2.8642740352926506
2.8523240200617557
2.8384633714009402
2.8214505498326932
2.8016713370211384
2.7772255972408368
2.7653624833638442
2.7166421867098758
2.6587088330559308
2.5989750483905478
2.5377195119022193
2.4672885955531867
2.3485249360573661
2.2027604050225253
2.0397672932950028
2.9411725657251488
2.9411500976130593
2.9411152978321469
2.9410867880990161
2.9410317828653398
2.9410008590587182
2.9409710643445708
2.940916370485819
2.9408916151528293
2.940767128589763
2.9407734933311627
2.9406804690735147
2.9406402553004702
2.9405529995870605
2.9404815407617053
2.9403915109947505
2.9403118729257542
2.9402253611908717
2.9401427189669866
2.9400615247984816
2.9399781994602123
2.9398928562884246
2.9398060882461214
2.9397149240829585
2.939625442780907
2.9395283273874568
2.9394351406854375
2.9393310456915307
2.939233944759732
2.9391212444756873
2.9390175772214535
2.9388930938832654
2.9387779790011832
2.9386394432978062
2.9385067396001774
2.9383563767109209
2.9381960282193824
2.9380382899560336
2.9378476293447022
2.9376686826571299
2.9374644228830955
2.9372443822193119
2.9370202238278003
2.9367706760275643
2.9365101300729681
2.9362219354860914
2.9359069852056039
2.9355818101860138
2.9352433032994063
2.9348254596942382
2.9344129695366812
2.9339388648579061
2.9334820522656893
2.9329090219530007
2.9323444647354151
2.9316612831615734
2.9309588813957421
2.9302212447877656
2.9293164341788103
2.9284092428766355
2.9274232274178331
2.9261971275051106
2.9249778820117225
2.9235149372231697
2.9220415123832497
2.9202049954671669
2.9182523020436153
2.9161358989673469
2.9135203215434125
2.9108619989148061
2.907630607082111
2.9040695656331779
2.8996972431492058
2.8951866474242021
2.8896998468160389
2.8835290000589153
2.8757722344453351
2.8663428977295999
2.854970852640458
2.8412777949217158
2.8248758686263087
2.8053492263522646
2.7814514104074117
2.7701666067849446
2.7220185513538726
2.6631225866459576
2.6022180672356461
2.5394061995045965
2.4676243701138159
2.3443888595213216
2.192598254625314
2.0201816997388113
2.9412150604876404
2.941196377495241
2.9411602068001392
2.9411351640799483
2.9410787947032686
2.9410489015699381
2.9410181010480096
2.9409625577579965
2.9409369042757376
2.9408100498000298
2.9408151951896242
2.9407199790186951
2.9406785545765231
2.9405860371554016
2.9405125633684368
2.940422156770766
2.9403428220023531
2.9402572860106337
2.9401757074305741
2.9400961888718178
2.9400149602851107
2.9399316692990527
2.9398467659982761
2.9397586270556508
2.939672424715452
2.9395783503009629
2.9394890874392483
2.9393891070589517
2.9392967077696688
2.9391883305327275
2.9390872409520008
2.9389680084076431
2.9388518303915219
2.938721309464702
2.9385846566979517
2.9384404390803862
2.9382880375288778
2.9381207644312699
2.9379497719948731
2.9377707108004381
2.9375679197688669
2.9373614227946616
2.9371351160054724
2.9369074524443874
2.9366394080613505
2.9363470478294542
2.9360693990202651
2.9357387152756496
2.9353953564137423
2.934999239023059
2.9345863215347308
2.9341387452504253
2.9336913869445058
2.9331376653652761
2.9325550425600366
2.9319315505260475
2.9312207188370634
2.9305260333348451
2.9296474378641779
2.9287619351393617
2.9277928535048225
2.9266073250774891
2.9254191720968472
2.92407133894659
2.9224737635970568
2.9208392809587282
2.9189601617791272
2.9167896185258022
2.9142803297042246
2.9117715176796644
2.9086336880095329
2.9050765941718124
2.9008701516891939
2.896428710495969
2.8913086950411189
2.885078749987136
2.8778292910016776
2.8683458883356701
2.8575938560454586
2.8439489189618845
2.8281196046481347
2.8089287937937595
2.78549551682244
2.7748877786314674
2.7274631820541688
2.6678726329988796
2.6057769804093911
2.5414724776105455
2.4679747239704666
2.3405522992477463
2.1823345214419976
1.9987320560323631
2.9412561653551439
2.9412409129992949
2.9412031669905461
2.9411811407804063
2.9411225738389315
2.9410943297667567
2.9410629152677799
2.9410067887140356
2.9409799931565175
2.940849342075976
2.940854722776908
2.940756854403821
2.9407128194201744
2.9406155880131322
2.9405407270924253
2.9404504476409192
2.940371562550387
2.9402872547103094
2.9402067609649087
2.9401291458663663
2.9400493265170429
2.9399681971097169
2.9398862089620823
2.9398006910722669
2.9397173247739512
2.9396268668295122
2.9395421640157844
2.939446695400818
2.9393573519206249
2.9392532471507038
2.9391519997746878
2.9390380626857611
2.9389179876593778
2.9387970336841587
2.9386557972975851
2.9385206421212939
2.9383708314320773
2.9382091173390319
2.9380436265628034
2.9378685768062809
2.9376730354278999
2.9374723714148354
2.9372468536916605
2.9370308837632533
2.9367628390656479
2.9364882375496109
2.9362089545914474
2.935890391357165
2.9355447775941075
2.9351880199936047
2.9347608554726454
2.9343342187879604
2.9338953047570859
2.933375960741607
2.9327717370198942
2.932212221201433
2.9315030079032609
2.9308235233960267
2.9299664061028108
2.9291417456788253
2.9281371583487794
2.9270452670882223
2.9258754975647778
2.9245633863094382
2.9230078170507263
2.9214274502663762
2.919633898344332
2.9174437854800694
2.9150488571418336
2.9126419234559835
2.9095926745518281
2.9060585254865727
2.9021726022615777
2.8976661625547093
2.8927900998945395
2.8865657924442623
2.8797484424742237
2.87046168598512
2.8599407560992911
2.8465777185169863
2.8311904111497599
2.8125224904471029
2.7894365270753254
2.7796333724752595
2.7330649363148236
2.673004220043103
2.6096019176752754
2.5437469341840937
2.4682416707891881
2.3370052274466464
2.1724900146010242
1.9745849658487893
2.9412998455063093
2.9412877130623278
2.9412476036396749
2.941229182893383
2.9411674556995937
2.9411410746752384
2.9411084211725891
2.9410518252289966
2.9410233629436124
2.9408896791004562
2.9408956007747276
2.9407948532422323
2.9407468416054652
2.94064655050048
2.9405707350435111
2.940481061340853
2.9404024655307701
2.9403194159323345
2.940239675823324
2.9401635254311254
2.9400838490047914
2.9400058539727505
2.9399255662043342
2.9398433492356206
2.9397615644710542
2.939677477358515
2.9395943669511411
2.9395059268584305
2.9394149051401652
2.939316872850037
2.9392123836166828
2.9391055033172351
2.9389821832548719
2.9388695914582419
2.9387293120415952
2.9386010970975658
2.9384525396588002
2.9383026816777353
2.9381349840968216
2.9379651642377476
2.9377799688772206
2.9375850298766384
2.9373571029944392
2.9371535353699292
2.9368937505394319
2.9366396888600965
2.9363493782136092
2.9360456519887794
2.9357215896998348
2.9353746450924931
2.9349514965653691
2.9345681328441509
2.9340876716800062
2.9336341399546511
2.9330477845520946
2.9324979092831298
2.9318037837758313
2.9311602797705101
2.9303282138236439
2.9295436646067898
2.9285268319075426
2.9275650160530118
2.9263225724208475
2.9251391732743479
2.923611128379096
2.9220939933994261
2.9202773162000377
2.9182626942595578
2.9159400146364414
2.9135606705089319
2.9104662805818
2.9072125447291657
2.9035252154972726
2.8990260185197414
2.8941842434328713
2.8883710600745585
2.881445860482033
2.8727107422089118
2.8622369884763308
2.8494596072945417
2.8342228986674445
2.8162171218868242
2.793508548957901
2.7843155313926435
2.7386839232360809
2.6785114630006048
2.6136007003515558
2.5461088753447436
2.4682396220247607
2.3337777932287054
2.1638789700999053
1.9483353369835321
2.9413414808775302
2.9413311292587125
2.9412888878018064
2.9412732092153173
2.9412085180392622
2.9411835112131004
2.9411495537483852
2.9410920512564149
2.9410630649106357
2.9409265760319832
2.9409336971355966
2.9408305232052956
2.9407792110863751
2.9406768702773491
2.9406003708327
2.9405115401773472
2.9404328582341881
2.9403511095767167
2.9402710216901453
2.9401966927054421
2.9401159223349462
2.9400417207686509
2.9399587537823044
2.9398849649924514
2.9397996731760569
2.9397277909421948
2.9396386632749913
2.9395632308230799
2.9394640762215944
2.9393789792619955
2.9392682438747535
2.9391711028811476
2.9390486450204287
2.9389419068014662
2.9388065928367073
2.9386890958185212
2.9385374809149747
2.938405109955831
2.9382340272839866
2.9380836490946329
2.9378905315802282
2.9377225321550546
2.937502067482106
2.9373110175404054
2.9370600100508559
2.9368439939462814
2.9365512984813806
2.9362915688042985
2.9359601269296625
2.9356626734101363
2.9352596149365162
2.934905651540991
2.9344356781887928
2.9340264635973834
2.9334664820364345
2.932970038974823
2.9323012161453827
2.9317071032450741
2.9309028558247925
2.9301796135102229
2.9292004619607659
2.9283128547260198
2.9271136141406191
2.9260122738965211
2.9245270374148009
2.9231384416797614
2.9212794463723486
2.9195134696872818
2.9171690538488759
2.9148961365076032
2.9118916931883918
2.9088455965279025
2.9051549694695686
2.9009447559671844
2.8960944421572448
2.8906702703081661
2.8836020435606233
2.8753968082138637
2.8649415941500642
2.8526970585891549
2.8376338961408156
2.820257974837169
2.7979203685492919
2.7893106121693201
2.7448018000026928
2.6847728237146429
2.6183819479307489
2.5490405187760365
2.4683273453341772
2.3308889067034873
2.1568351561552972
1.9226688886508565
2.9413913986104876
2.9413834394183871
2.9413381964792347
2.9413244737222652
2.9412542567444517
2.9412304281181387
2.9411941102375501
2.9411353359587418
2.9411074457514705
2.9409680806158578
2.9409770242840509
2.9408733279926711
2.94082189464687
2.9407177411542285
2.9406398870975994
2.9405514408482123
2.940471972100593
2.9403911425041351
2.9403105771345728
2.9402370084888383
2.940155857215887
2.9400828572248523
2.940000314371078
2.9399281507025155
2.9398440223887827
2.9397773950005592
2.9396893369818744
2.939618486051478
2.9395215331814226
2.9394421110591606
2.9393357668685134
2.9392498266677549
2.9391347565069355
2.939045766184432
2.9389199248245292
2.9388233470829861
2.9386819328479072
2.9385731423747234
2.9384149571964397
2.9382972985955451
2.9381219615346805
2.9379984296759845
2.9378023687632506
2.937669190814884
2.9374444573750189
2.9372933312344993
2.9370316971473795
2.9368553371045039
2.936548065717508
2.9363374503969406
2.9359751781806143
2.9357237384743118
2.9352937626890512
2.9349910972269977
2.9344781807993159
2.9341107023119002
2.9334944156991707
2.9330406694525175
2.9322924191709427
2.9317235187129862
2.9308055498859034
2.9300824828556635
2.9289464748086043
2.9280174896123574
2.9266011315249756
2.9253981236663362
2.9236147266670067
2.9220432852133462
2.9197767999505584
2.9177044432606052
2.9147849628485711
2.9119933685651831
2.9083053047456651
2.9043925737798184
2.8996333252277045
2.8945097103275184
2.8873990996834094
2.8795931284016767
2.8692354425595941
2.8573966317671635
2.8425571082012389
2.8256174384077921
2.8038061872430449
2.7954349923299779
2.7520782900992087
2.6921941674705656
2.6238817184058165
2.5527227065153739
2.4687360253237598
2.3284939871646162
2.1505394699542304
1.8984152213140799
2.9414395016310833
2.9414292926295089
2.9413838574427174
2.941372243605668
2.9412944756377817
2.9412709725385509
2.94123322658398
2.9411714029105398
2.9411469351321471
2.9410084685404909
2.9410212480006064
2.9409195454092107
2.9408744716581254
2.9407710521904096
2.9406910363192971
2.9406032292278304
2.940522953855536
2.9404442346780164
2.9403640742459944
2.9402944637062016
2.9402143575367576
2.9401442165686698
2.9400700306287879
2.9400007178805243
2.9399195678234458
2.9398680451668202
2.9397861356514614
2.9397317616540382
2.9396438416002946
2.9395946760800622
2.9395056981116738
2.939465020727849
2.9393720216876411
2.9393415248717667
2.9392453610260114
2.9392247451196969
2.9391188733667244
2.9390995051660047
2.9389857541584665
2.9389803464000046
2.9388653438128967
2.9388907469680818
2.9387695748642511
2.938812451613706
2.9386710899579982
2.9387163777808656
2.9385508943563226
2.9386035972301117
2.9384044198899444
2.9384522085414657
2.9382073237622137
2.9382403820586287
2.9379362940736518
2.9379420051038134
2.937563741063586
2.9375347015573428
2.9370621293770323
2.9369727488863444
2.9363715165848174
2.9361811658782311
2.9354107425087466
2.9350767417999744
2.9340872403053728
2.9335533234022964
2.9322788432458511
2.9314697055186496
2.9298231114183011
2.9286431090189664
2.9265083481653247
2.9248253514978533
2.922033064034697
2.9196653863129596
2.9159717378927548
2.912590761965951
2.9078384114394922
2.9030667308377645
2.8959933280130952
2.8884233416998724
2.8780865255574182
2.86667239357193
2.8519122233567469
2.8354030722589219
2.8140561607195824
2.8057275810423206
2.7628066802769196
2.7032504187145059
2.6315481505626663
2.5585376957014887
2.469687885784591
2.3281720724982429
2.1445913881608858
1.8736685219569489
2.941513860262472
2.9415053468547394
2.9414564363957134
2.9414548798150699
2.9413634448665418
2.9413367326936291
2.9412949423274686
2.9412297814473489
2.9412051901409995
2.9410693950917186
2.9410945062001503
2.941003428141939
2.9409667019187862
2.9408836989063118
2.9408148278983663
2.9407374915269795
2.9406619475290774
2.9406003826737566
2.9405298579156116
2.9404902795236039
2.9404247087480235
2.9404009271906828
2.9403408408013005
2.9403352303294703
2.9402807175448094
2.9402987233498155
2.9402545006240777
2.9403086080735759
2.9402756833533914
2.9403681814221012
2.9403492118448367
2.9404920327715844
2.940487570918787
2.9406795994856392
2.9406886104242607
2.9409394826971962
2.9409651928706344
2.9412662680312178
2.9413499780797587
2.9416263456312786
2.9418182915116637
2.9421507609133881
2.9424315369159317
2.9427509123302986
2.9431061656511788
2.9433641256984737
2.9438814186639393
2.9441348721240104
2.9446706529814097
2.9449278847024773
2.9454935260109982
2.9457317388497311
2.946322229314466
2.9464430877658074
2.9470673328997177
2.9471792327367212
2.9477688557328827
2.9477555454529054
2.9482564845684571
2.9480817365934215
2.9484744886876477
2.9480994102959799
2.948354122549349
2.9477021938347443
2.9476667113606076
2.9466908025334857
2.9463027942750752
2.9448756055138734
2.9439920164365398
2.942017368811102
2.9404933081016309
2.9377208786323878
2.9353626743389714
2.9314730507768654
2.9279737975271294
2.9224700284582461
2.91662474890685
2.9081192064928398
2.8989388345844374
2.8866014643999489
2.8729944661160784
2.8557403289737286
2.8357314766071786
2.8263635198459571
2.7828596085238395
2.7225498237994099
2.6458183847646239
2.5702691597283982
2.4747870954968678
2.3330696895731977
2.1414106381106008
1.8478945875321124
2.9416269382198568
2.9416131301717563
2.9415801834515785
2.9416152676987823
2.941538195807472
2.9415085975284789
2.941466825043638
2.9413902998801968
2.9413725419955634
2.9412426177417563
2.9413070215300658
2.9412465217901467
2.9412622547815417
2.9412714030138094
2.9412438019587186
2.9412797942747804
2.9412619499269286
2.9413468954678703
2.9413432219514521
2.9414750111561734
2.9414995812541624
2.94171543689338
2.9417723897866463
2.9420625857193432
2.9421501516108064
2.9425284240638878
2.9426591778983235
2.9431510695547627
2.9433306424475623
2.9439430699681797
2.9441720270531118
2.944917253490416
2.9452046502138014
2.9461007411253326
2.9464513802400365
2.9475134304249053
2.9479265335833378
2.9491483651080648
2.949615941651361
2.9509774792570957
2.9515326920855527
2.9530328672115695
2.9537273636485755
2.9553203422640504
2.9561909165135103
2.9577536196085514
2.958780936311435
2.9604108308966572
2.9615713187164543
2.9632168260645737
2.9644360821007991
2.966048779519082
2.967387859985902
2.9689192682631087
2.9703475158694914
2.9718030945168192
2.9732333384398393
2.974489423710625
2.975877912891256
2.976898562888644
2.9782279474658808
2.9789520501624631
2.9801849644071705
2.9805383344375893
2.9815111590704038
2.9814034995547432
2.9820201950850138
2.9813257871348409
2.9814123933849142
2.9800257788332392
2.9794407259377191
2.9771356410485783
2.9756535072523449
2.9720923984260272
2.9694165566014981
2.96400403993011
2.9587595380964635
2.9501328053632867
2.9414753683748107
2.9287681580922951
2.9159265453192238
2.8980011955169962
2.8795573970958825
2.8685432925815082
2.8225582689196469
2.75901115866264
2.6745742321470374
2.5950552038721804
2.4900971321405425
2.350857750778474
2.1470560536669376
1.8286333670972599
2.9420370326842282
2.9420886794744114
2.9421484138712324
2.9424152774132462
2.9425114550434759
2.9425721580395652
2.9425688302773478
2.9424662215714958
2.942523381940727
2.9424974538481385
2.9427813501056623
2.9428679000547455
2.9431125433893168
2.9434996737239318
2.9436714255202103
2.9441911351664363
2.9444862936852627
2.9450930312450514
2.945497322731601
2.9461781195047272
2.9466537749475066
2.947654684554474
2.9481091746533918
2.9493356075959851
2.9499059340975391
2.9513556189855858
2.9520123508752887
2.9536879857472673
2.9545300346901344
2.9564254061392732
2.9574131919426967
2.959505395310432
2.960675761783329
2.9629340611699857
2.9643389970833858
2.9668263236960644
2.9684287305496828
2.9710430453904384
2.9728146275983294
2.9757094882915935
2.9776957967240048
2.9807986470901793
2.9829165706008238
2.9861988870243006
2.988591732041213
2.9919199760934729
2.9944554355745669
2.9978490015420154
3.0005509395346142
3.0040251143780949
3.0068789232369317
3.0103049950276293
3.0132735092312219
3.0165209344204595
3.0195773656545715
3.0227226444135646
3.025849694256296
3.0287517441426641
3.0318448528691775
3.0343909746234514
3.0373869678103222
3.0394961747345968
3.0423731474803026
3.0440054123975204
3.0465970885055058
3.047668748186422
3.0498640280222435
3.0502152453331259
3.0517740110654161
3.0512858923692656
3.0520502750560468
3.0504846403544459
3.050201167865227
3.0472041630004782
3.0455440303904249
3.0403984346309114
3.0358614963221315
3.0271909340466361
3.0190384263042591
3.0061426661709225
2.9937888212774113
2.9756057904809685
2.9585191592355899
2.94621325179493
2.897688351297055
2.8264279566775277
2.7345000791510037
2.6467615253458381
2.5267963073106618
2.3932281694478448
2.1676876513807404
1.8282425388005372
2.9441613600629131
2.9444059577159467
2.945145727555381
2.9465995542047296
2.9476495974530543
2.948213157080819
2.9485922071327995
2.9485530277014349
2.9492335476300706
2.9497067138975153
2.9509893266650029
2.9515338348215181
2.9531158563111441
2.9538586062574352
2.9558121137225739
2.9567219003468233
2.9590108386467615
2.9600455375515482
2.9625822836850375
2.963755170900622
2.9665717564396741
2.967949363991591
2.9709799073942498
2.9726048810084196
2.9759545934170926
2.9779352221563018
2.9814408015810643
2.9837315729885447
2.9875863035742172
2.9903036958825968
2.9944283558120657
2.9973551499841591
3.0017379617188733
3.004982890838261
3.0096991202268293
3.0131843304844197
3.0181320119403718
3.0218100882106689
3.0269575411851743
3.030925416167038
3.0364048558585433
3.0406776638596429
3.0463191925988262
3.0506561916002193
3.0565751269086201
3.0611199334862462
3.067369806992418
3.0720157212586567
3.0784146544080051
3.0830415496369201
3.0896557089171721
3.0942566217559513
3.1010928022456463
3.1054968378746759
3.1124228056134355
3.116574953273723
3.1235456779557245
3.1273441852791675
3.1342827226590622
3.1376321569761734
3.1444244920255895
3.1471888872893357
3.1537132333611595
3.1558596671099033
3.1619143052219383
3.1634091173065078
3.1688861139573175
3.1696313143030288
3.1742088552871031
3.1740908978777163
3.1775542253504057
3.1763332295450368
3.17836086532103
3.1756735068206301
3.1759035485231353
3.1708408906727028
3.1676491987707096
3.1587409316383335
3.1515115415500299
3.1381256461431626
3.1265556437993971
3.1076930041423467
3.091160890279812
3.0793527941142829
3.0249868904150841
2.9444656160389586
2.8463788825181742
2.7445730402751245
2.6054156617815676
2.469571786096747
2.2098752119651026
1.8558375510834491
2.9574655883717358
2.9592770156127233
2.9625981789080278
2.9683792179937338
2.9724307496501785
2.9744640508229612
2.9755853874123486
2.9762275601156278
2.9787543460800552
2.9806231312481084
2.9842863018787797
2.9862774970903101
2.9905769663573807
2.9928623386765918
2.9977417322848399
3.0004270594963578
3.0058515143304763
3.0087406563292181
3.0143426661594526
3.0177030395914262
3.0238323067831168
3.0274290603382945
3.0337560061436264
3.0375620395382552
3.0444753417951183
3.0487596036690463
3.0560875467767183
3.0605801445521386
3.0683941512959332
3.073298820682937
3.0816492824408424
3.0867545931705425
3.0955081325339942
3.1009176160928353
3.1102956862761713
3.1158952164644451
3.1256317967861222
3.1312398054581831
3.1413798517139613
3.1471250426806194
3.1577678220490562
3.1636219321847516
3.1745898487096458
3.1804494834516048
3.1917902019913447
3.1976881679594551
3.2095265415985921
3.2154825574093997
3.227722088719609
3.2335310445847014
3.2460878672633684
3.2517804051432586
3.2646460637696504
3.2701701432527859
3.2832706596013348
3.288520687061907
3.3016579161585455
3.306504822645226
3.319487733202501
3.3238974724504606
3.3365290939358117
3.3404586907017477
3.3525609434625228
3.355870507867849
3.3672529750985958
3.3697849371547304
3.3802593300418997
3.3818520855611656
3.3912244668844687
3.3916680770435477
3.3996903188611087
3.398719025355506
3.4048240134435588
3.4023951982589873
3.4061194922284379
3.4010892605929413
3.4004268312239279
3.3913365816188166
3.3857259422703283
3.3718003895425861
3.3616353586721472
3.3415370252503651
3.3260166298412903
3.315411109399105
3.2512703634611277
3.1557386198625821
3.0443610755103356
2.9229450311486902
2.7693812082332472
2.6141310716832287
2.2858851373689149
1.9363068501460967
3.0317422727124672
3.0334817898828597
3.0414874786290058
3.0561113853979585
3.0648846181043696
3.0692138977826779
3.0706532513604641
3.0748152149969066
3.0785187833460674
3.0874058847623198
3.0948511811623232
3.1029126167164387
3.1110139403842005
3.1197240525005951
3.1281913264471166
3.137249426322589
3.1459624105943198
3.1550109573300515
3.1636655859759544
3.1728576571378837
3.1818689060982264
3.1915962521684409
3.2010874385468968
3.2112630507133599
3.2212725589135345
3.2321066823197673
3.2428308751330119
3.2544002997416803
3.2658178061514862
3.2780138299550723
3.2899903852911097
3.3026843122744753
3.3151745666457288
3.3283943180745901
3.3413779291891634
3.3549346988599913
3.3681549559865052
3.3819300257031877
3.3953844053534095
3.4093973490235885
3.4230900267795699
3.4373671182766836
3.451384579072831
3.4658767886797723
3.4800959248722219
3.494769997831535
3.5092113182971092
3.524197146980387
3.5389668308398057
3.5544004011804979
3.5694940935113482
3.5852046015550889
3.6004392442246602
3.6163731294046868
3.6315209552831371
3.6476953176762055
3.6626596861809264
3.6790344125932855
3.6935834196940203
3.7100458595225514
3.7237934149791743
3.7401349547942644
3.752744589246614
3.7689032146459067
3.7799453239300642
3.7958635580939428
3.8050048188803363
3.8204704042451554
3.8273270161829114
3.8422749368324598
3.8465614859897816
3.8604855500588666
3.8619494256192306
3.8739427334320746
3.8725172455916299
3.8813536439370973
3.8750737106268525
3.8772948615154195
3.867163121331024
3.8604569125306347
3.8484571204226539
3.8304783035375101
3.8165019620682248
3.8143332512653649
3.7264180498502952
3.6096101976102872
3.4714624061503256
3.3202795222401091
3.1375481534069052
2.9556628598888621
2.5230161587460782
2.1678085297531418
3.4036222533507461
3.4148795789653916
3.4264693863259779
3.4462206347808255
3.4612781135135382
3.4727921845534353
3.4782698810060531
3.4918018112419449
3.5076912514746952
3.5251348149400763
3.54070639548415
3.557324652024997
3.5756043112067841
3.5946894297055723
3.6148890067267643
3.6351780358351689
3.6559034637716707
3.6759780379155131
3.6960625924042096
3.7156700360307933
3.7357332934731637
3.7555934066769905
3.776007766558326
3.7963066012718114
3.8173141181416841
3.8383466564473672
3.8602767265188493
3.8823598758303364
3.9055256598874077
3.9289431854634702
3.9536045162919762
3.9785353450712888
4.004785008217608
4.0312064953392763
4.0589553474397668
4.0866973872256267
4.1156921512488172
4.1444297817273839
4.1743067015664117
4.2036734812946452
4.2340905753767366
4.2637945635698511
4.2945674512800265
4.3244679978403449
4.3555817298972519
4.3857429053050918
4.4173284492014631
4.4479618705918877
4.4802412782250531
4.5115819493633147
4.5447890233674713
4.5770429576059639
4.6113726504207184
4.6446364636076147
4.6800531370908756
4.7143003407857096
4.7506254742992402
4.7856128862044631
4.8225035345196998
4.8578603446939246
4.8948656566224651
4.9301370560374007
4.9668124978115333
5.0015259334452855
5.0373576576937102
5.0710519084736809
5.1056433417126525
5.1378038725247741
5.1708402230356443
5.2009202900746914
5.232179941256641
5.2593346007498578
5.2887170885057744
5.3116051184593793
5.3397390687071189
5.3569538997345427
5.3830258526304871
5.389644249401436
5.412104943259223
5.4039385404536029
5.4219956317162099
5.3965681867397528
5.4066753934226526
5.4153434629247883
5.3307946498583343
5.192783858097024
5.0133920413455968
4.8035452373942631
4.5359957474740362
4.266146174315427
3.6734549282660418
2.9394130711135444
2.1166066180107608
1.9844377278062049
1.8362078446068033
1.6890313298840107
1.5507549366679394
1.415802842530663
1.2881684332690058
1.1695509141534757
1.058893719236139
0.95620459080237363
0.86005494257368498
0.77332945779221662
0.6994130526682153
0.6354128740288173
0.57664060649566451
0.52426919351120527
0.48170493727488906
0.4474888944422255
0.41705269668164302
0.38935989216355726
0.36698605234696796
0.35001658534494434
0.33508803732938008
0.32062365458780445
0.30770316746138732
0.296661307925083
0.28586797368204003
0.27440076048940004
0.26293655812880129
0.25201267262868349
0.24085677851152346
0.22914017555753435
0.21749349509020957
0.20613751318562445
0.19480383126231188
0.18358301081514899
0.17285186381783238
0.16247160011751513
0.1525395195570165
0.14599265237486636
2.0932834753573575
1.9675035858228387
1.8285979199377613
1.6907501480472309
1.5619819322873409
1.4377712483162741
1.3210529538200062
1.2115903674755537
1.1072529925031926
1.0104158491831194
0.92192372717968818
0.84085393072786996
0.76652242194434006
0.70050915414521309
0.64398159874502769
0.5945071367995306
0.54914822064438673
0.50800659577774698
0.47320464277162977
0.44501238784324304
0.42075673251970253
0.39815000811875423
0.3771417139273785
0.35882959084078164
0.34374483455946436
0.33031736165853953
0.31686761120242413
0.3033408247011144
0.29051953706198169
0.27875951266742777
0.26724424144275366
0.25539793430106167
0.24362636754830683
0.2322404002095477
0.22106513442974185
0.20990420304980889
0.19913125350048233
0.18868462508685879
0.17867235737273265
0.16875922849738331
2.0851750748985616
1.9577788522789565
1.8178438771847014
1.6808757625115149
1.5528490892151292
1.4274616739350166
1.311840015004023
1.205821397281132
1.1018962186473309
1.0038341964202957
0.91719243829661079
0.83988729979986798
0.76740981052797375
0.70136775154630193
0.64531147235510955
0.59733366207278304
0.55333925393341143
0.51279619437945045
0.47800975449656447
0.4495855216178356
0.42481681529026488
0.40158386858089024
0.38036273847217833
0.36224469867147752
0.34668026416240905
0.33193537731578099
0.31748826370396416
0.30396978963801224
0.29154722065605743
0.27941164580991557
0.26711938155560883
0.2551484785426768
0.2437551787300129
0.23245395032959698
0.22117874734079357
0.21012064612599071
0.19956581459068864
0.18924482542979357
0.17948575859127808
0.17073095721336978
2.0720401348820205
1.9431523169629841
1.8023006680358569
1.6651474020230419
1.539260034776222
1.4170292717681128
1.301727713734012
1.1955507367689946
1.0953373682276
1.0017520793459316
0.9157367634279665
0.83784857983355743
0.76777505923465783
0.70622240259330138
0.65275444178520214
0.60443403687297481
0.56014981710509326
0.52162131649397492
0.48953583996279965
0.46168068440090809
0.43574052123485313
0.41165552681901796
0.39062934095861773
0.37294937836376035
0.35692182623888108
0.34102971232520113
0.32543601651610432
0.31101859734411008
0.2980449072437677
0.28552368832295605
0.27274811173251817
0.26019900835762533
0.24830457926291744
0.23681151205611461
0.22542993782648707
0.21413490893652343
0.20347331822301676
0.19309598312141771
0.18329837527866943
0.17438933331642911
2.0586201557110408
1.9256467085552025
1.7837171502974425
1.648084164672077
1.5205490375612669
1.3969859472726718
1.285754666969533
1.1819590523496442
1.0798687446000605
0.98750421428003587
0.90604036581371827
0.83129452787597402
0.76242794538921377
0.70233968471608776
0.65130053476331684
0.60558801513408311
0.56321872004582674
0.52567294894510008
0.49416470985968525
0.4669312842406057
0.4415180095157491
0.41754176920780112
0.39614759197437716
0.37780085107481154
0.36109346963574079
0.34456954701021542
0.32833818736909526
0.31332018927401828
0.29969714294300509
0.28647840737490893
0.27316024324329141
0.26037193582496215
0.24826365872166226
0.236497290091193
0.22498609853976878
0.21363537526830556
0.20298455186589207
0.19263968070242968
0.18299525167625866
0.17430971406730308
2.0434812803932432
1.9069109168245348
1.7605816802648613
1.6245106441594013
1.5012131711006438
1.377842768090052
1.2632633811409109
1.1618108654331232
1.0652524737961941
0.97475180034079711
0.89313925749625633
0.82052922270526341
0.75574565865003829
0.69934310180142167
0.65036812053184756
0.6057632751381421
0.56486311306658976
0.52943016875904281
0.49956238873748821
0.47279894449865995
0.44724238269259847
0.42317057294069477
0.40185109453186918
0.38331251568011282
0.3658886495773862
0.34846047526157253
0.33150680244033709
0.3160115882612442
0.30186263221283344
0.28798625475387757
0.27411903520051945
0.26104189587057941
0.24878063068709125
0.23675901052866646
0.2250579316824054
0.21368313855315613
0.20303035209405632
0.19263653823447585
0.18308123231251691
0.17448087792796471
2.0254247146388535
1.8847971718923715
1.7386429216829893
1.600388222585762
1.4732405664321577
1.3539792202622012
1.2443964289716256
1.1409133142127421
1.0433541634283465
0.95799241048078454
0.88132776479103858
0.81064191227822335
0.74743161629521193
0.69378524114437967
0.64803298177782787
0.60620167207976783
0.56712373086278456
0.5325320458601106
0.50330833044183632
0.47734049602168771
0.45232151554257805
0.42819614170296605
0.40625925011310993
0.38700355576257633
0.36903040873902332
0.3510566980852769
0.33346677585944762
0.31734168889785425
0.30262478030529361
0.28822463763666395
0.27398610625284653
0.26061683264659258
0.24810908246970037
0.23593626423796568
0.22409090894682593
0.21262006812152384
0.20202381165374381
0.19165155220232419
0.18216905436515154
0.17371345057115109
2.0075500444896166
1.8587641145199696
1.7101114549450922
1.5776074703629976
1.4500265913943029
1.3239971913727238
1.2174216715540174
1.1224252187977577
1.0262982157471674
0.93898932043879058
0.86552930464138711
0.80070227889747048
0.74114653146586373
0.68912768835841276
0.64551707516609991
0.60657564981885115
0.56970182447377027
0.53589468289922826
0.50690548455577322
0.48149715322200309
0.45696138294047151
0.43271945683541996
0.4100467869033278
0.39002182334805652
0.37152280006526228
0.3530890179639416
0.33500267210436652
0.3183273596724997
0.30296307909306563
0.28804687732873402
0.27368072257229464
0.2601240968957817
0.2472888361481787
0.23500271431045489
0.22312323442245988
0.21155706789777978
0.20096949893210356
0.19063639182166528
0.18124276489756388
0.1728855018055859
1.9883127184751981
1.8355003224522555
1.6790496984284116
1.5461697190326904
1.4261489701446257
1.299633144984244
1.1889578772547731
1.0978966587091747
1.0075841284227316
0.92254714367905999
0.85137000364995807
0.79055741568297955
0.73471447131850509
0.68518632864994355
0.6438048658695863
0.60713124099772375
0.57205832385134103
0.53927359431179211
0.5106299217839243
0.48518736465815154
0.46044219992443225
0.43600591145605144
0.41321155429332979
0.39268330715909044
0.37321034930875502
0.35399699701858761
0.33581394720021729
0.31903390410757959
0.30292424571506776
0.28736103179341582
0.27297689708089534
0.25944387863358215
0.24628667918108249
0.23379621459787528
0.221972816711417
0.21033534501494291
0.19967508609720286
0.18941365802133359
0.18015602284565119
0.17189140258613109
1.9640648854995955
1.8095601538841259
1.6528688495795538
1.5137408970614818
1.3930869097145264
1.274718283605256
1.1653628428423386
1.0724320231593201
0.98615713518792314
0.90729935045512955
0.83915205331087339
0.7805147852952351
0.72841844219299146
0.6831133478126491
0.64403688863987107
0.60794095717175334
0.57363337314818252
0.54257241979241921
0.5149229765120712
0.48862483044344412
0.46264364180091633
0.43814109426132752
0.41604024661811917
0.39507204045619188
0.37423890233759455
0.35418760682317951
0.33604303255742002
0.31928023068888306
0.30276581062804403
0.2867561559839869
0.27207882093684416
0.25849923356353127
0.24526174328671313
0.23257950461229521
0.2206901277699094
0.20907106346472551
0.19841470899386623
0.18815140280628168
0.17899255801234193
0.17083982443875662
1.9401417390274371
1.7779017029375788
1.6231407080117026
1.4867611353252284
1.3612545989095006
1.2438802659351333
1.1415058848308992
1.0502111279352691
0.96553502871057895
0.89226578959443015
0.82841728301538486
0.7722585285399145
0.72369063102404774
0.68212866087168567
0.64471229848563572
0.60891539183601928
0.57538293372758331
0.54568609205383356
0.5184314328042875
0.49144184393682944
0.46469161119575775
0.43978648508956819
0.41749659516750631
0.39623750313897077
0.37501426535648036
0.35445607654656147
0.33572449208751165
0.31875121144976204
0.30237395092498798
0.28620883165567851
0.27094267124781207
0.25716293509193627
0.24415253488656177
0.23144563801864415
0.21934727887937655
0.20770367908292936
0.19715889512269905
0.18690670345769569
0.17779628715339574
0.16976156831489334
1.9166312303234339
1.748748978046188
1.5885675773987324
1.4549120449382738
1.3338953670913192
1.2157626255230878
1.1153319413426299
1.0282166624370581
0.94703318945061621
0.87831428506023335
0.81891023139285035
0.76598543786436935
0.72015508551890506
0.68104327593745428
0.6454480198985475
0.61076970171351419
0.57765229410311203
0.54784279753191556
0.52054088948548016
0.49370980021616551
0.46681681863686814
0.441022668984971
0.41768768283310648
0.39639613910045451
0.37561351950631394
0.35491577304704686
0.33524325029653596
0.31761089759880079
0.3014377715367022
0.28551262555494378
0.27002661633675201
0.2558690469328776
0.2427613709564341
0.23017043529957648
0.21808784454306654
0.2063757074798937
0.19586784778123298
0.18566824934421802
0.17662709686475586
0.16870172612226028
1.8887709679774116
1.71978842135211
1.5578485608647374
1.4204361129304997
1.3018515260034413
1.189600167532376
1.0917748658633428
1.0068420532099376
0.92963816704005675
0.86605701197028895
0.81123036706202456
0.76162326178968964
0.71769951896631667
0.68005910429670902
0.64638218022682759
0.61334551202553589
0.58034524637251428
0.54913661463847185
0.52110045910844038
0.49489529204921345
0.46862080026486413
0.44232546415030993
0.41761962637685363
0.39571464304630188
0.37528893070217273
0.35485288044395874
0.33484155815998712
0.31664527033985468
0.30029446423316131
0.28441630032745829
0.26894270902363587
0.25465730488238608
0.24146258128089262
0.22888675997534377
0.21680994621127089
0.2050776757099155
0.19460511672915953
0.1844497795951961
0.17547849786045244
0.16767438318805139
1.8591242667517129
1.6855394498513421
1.527786474128255
1.3917303212518739
1.2702877145650668
1.1597775420215857
1.0688551904147388
0.98916620402298272
0.91470360089087832
0.8546170545465358
0.80469142669185645
0.75897457614085428
0.716713377917929
0.67960183299413213
0.64710604935231286
0.61535354154133415
0.58262950653895429
0.55047870068196625
0.52148339478613437
0.49527208059774991
0.46926293595349294
0.44284110302467294
0.41757692580210354
0.39518667688991388
0.3746572727587919
0.354206435136036
0.3340885447913311
0.31569700958048025
0.29919162191628546
0.28324133120892747
0.26777799771747723
0.25344527378706477
0.24018478298637641
0.22761449503814823
0.21557061059872779
0.20382637142657212
0.19336084602262069
0.18325878554206584
0.17438242308680649
0.16671923287073651
1.8311602207676914
1.6498784709468544
1.4924275275738907
1.3644805231925841
1.2457460445482074
1.1305633489035125
1.043777807006524
0.97339625061909818
0.90416195803536892
0.84569145920490296
0.79887009320815816
0.75670040432460506
0.71659379200620965
0.68028308340174204
0.64806501466735789
0.61642443102021449
0.58361160933609968
0.55129459384019752
0.52206862037081514
0.49551460578306722
0.46917302326258126
0.44253514448638148
0.41724008380866828
0.39472247248018089
0.37388824185224045
0.35318607862927193
0.33303898110154989
0.31473593832226493
0.29811030586947868
0.28197929760740426
0.2665255018551555
0.25227078700623345
0.23893728091923414
0.2263635204500675
0.21438440585260385
0.20262489849433327
0.19218789574690559
0.18215186604130201
0.1733514204388017
0.16585995778703835
1.8038084966863326
1.6166072951530055
1.454947645708861
1.3328005757747792
1.2224033216847618
1.1074266216283795
1.0201824259864833
0.95667712339185562
0.89522231497302285
0.83940481772812359
0.79448332648521403
0.75495647978262637
0.71684618151335655
0.68155141741186909
0.64916829789014419
0.61675262101788464
0.58345488885558017
0.55161802288993966
0.52286582729478359
0.49568336944343916
0.46842658925721659
0.44151304474999742
0.41672102326193317
0.39440546424180251
0.37311052842444936
0.35197142571355955
0.33184246834327041
0.31380452674508247
0.29715867669994284
0.28085460456875888
0.26532340309091523
0.2511558059039985
0.23780962363415656
0.22520040376318665
0.21328071885169783
0.20152449588019586
0.19108456250690006
0.18109224442522295
0.17238359222436145
0.16514073256074444
1.7751258546827806
1.5861179497645628
1.4194774901081872
1.2987780342405277
1.1965819288174739
1.0875385934291566
1.0005607424839484
0.9406202194209341
0.88687398303718656
0.83534883659992731
0.79145277573164297
0.75392293141447053
0.71753077005310062
0.6823658169858855
0.64955047261143295
0.61674787094703831
0.58321983611943484
0.5517152150935718
0.52305806346340888
0.49532702350672098
0.46747737230693631
0.44045970351308822
0.41598882834558093
0.39377298753304624
0.37228615423569766
0.35094076416242065
0.33072511070649158
0.31272518234230523
0.29613898713508341
0.27979774642310595
0.2642412649510093
0.25005523548864278
0.23670396191269014
0.22410833878711234
0.21225244344483588
0.20052318107063299
0.1900848885322802
0.18010582080918788
0.17149210481240321
0.16461622613271459
1.7423407091095808
1.5558978334425086
1.3886489582611206
1.2668023031337443
1.1688770677182165
1.067421251078053
0.98464059802522574
0.92756730089630146
0.879411871875176
0.83253561747992411
0.78923529356861533
0.75279565703950069
0.71869819548200853
0.68328115195310823
0.64880326733562876
0.61617733415721798
0.58356832853223106
0.55158810546561376
0.52192000031174146
0.49424793475148288
0.46700873336215726
0.43998568090526391
0.414775444515675
0.39229571404189795
0.37121660982900351
0.35014755828338079
0.32978227020867534
0.31154202944837284
0.29490316371653791
0.27859028156885096
0.26319544084574781
0.24897539645347402
0.23557204056379988
0.22301952637352945
0.21124534987838745
0.19955271938251617
0.18914479893116889
0.17916104049618561
0.17063215098835621
0.16430996102844889
1.7065901642436425
1.5216467328546937
1.3610583569855972
1.2394619052562845
1.1418903058593326
1.0471981317597898
0.97139088372100257
0.91808279086037126
0.87350500885099835
0.82996622115273155
0.7880445641865117
0.75198426685409681
0.71919344515915495
0.68437031852283059
0.64822601380087697
0.614742185491154
0.5835059353522235
0.55176285616052057
0.52081931538948822
0.49277451618173107
0.46617951960158505
0.43945875790467381
0.41386137290955743
0.39111866579791082
0.37005817429981891
0.34900661991219534
0.32875534739911011
0.31063449984190622
0.293799991018798
0.27741018364551179
0.26222301067201581
0.24800190979018596
0.2345999309774201
0.22208592287713158
0.21037435124478523
0.19868140943274995
0.18833269876785519
0.17833410718083306
0.16989017560468908
0.16432584637156444
1.6730059554952377
1.4842225992623437
1.3328769939110965
1.2176460058927039
1.1193424956686528
1.0274587710895078
0.9595843392028971
0.91176210312452277
0.86977947636531561
0.82796210313273433
0.78756696205896271
0.75216059026199478
0.71949606086412454
0.68466612789473991
0.6478659004325994
0.61361523864052736
0.58290004737151757
0.55162726032929543
0.5201048262994209
0.49159809251773817
0.4650739939023365
0.4384750771903439
0.41304748445852224
0.39030662520611797
0.36892152166351633
0.34765605951431799
0.32784415199318762
0.30989436394986525
0.2926677157898061
0.27628634956777598
0.26136947755574896
0.24711135811875781
0.23370268811514022
0.22122941644297026
0.20958610532574801
0.19787562058338329
0.18760127314956188
0.17754595000760592
0.16923628834985124
0.16505320272857243
1.6440746576006089
1.4498653355131157
1.3031863588980357
1.1982724881568052
1.1027694707511317
1.0114355016271779
0.95004272482811924
0.9080291189364067
0.8684223723739013
0.82758245333094937
0.78809213337760731
0.75319280914010855
0.72012722510843707
0.68475377323049347
0.64771730718174203
0.61341292592274566
0.58273227284004148
0.55124837867501542
0.51972164907888785
0.49129430164950499
0.46432632612614355
0.43754352217582165
0.41279584010020148
0.39008185874635271
0.36798472394494114
0.34670878689014478
0.32753496895969508
0.30945926677888996
0.29189054560336475
0.27573617513497523
0.26094025492210193
0.24662874798292037
0.23315530916457369
0.22080594728654418
0.20920791159268678
0.19750904270478631
0.18722909754763384
0.17714775913350292
0.16892586175420582
0.16640618327746526
1.6176469604218202
1.4246008161063008
1.2794722242449683
1.1803019740421832
1.0900211875799832
1.0020487258912387
0.94566052310138915
0.90758269913202483
0.87001759395563238
0.83003372204205494
0.79070359056518658
0.75543019394178623
0.72165674440225802
0.68563152200961164
0.64848486679177642
0.61449326276164085
0.583215431623053
0.55137751335892016
0.52025165023801678
0.49156241570613873
0.46400442183182788
0.43757048160208845
0.41341321725850239
0.39000415941315142
0.36731082863703518
0.34682972419704589
0.32799920280376277
0.30917583589901959
0.29148562695585206
0.27584835860755941
0.26108940358933791
0.24663833432545854
0.23304456650159985
0.22079421112048095
0.20918361127409296
0.19760798881818584
0.18723550740558381
0.17705060093182678
0.16897169514924312
0.16841014638562438
1.5937467294174188
1.4064245421818871
1.269396678961431
1.1727758765251426
1.0851082857308905
1.0042444446073862
0.95055077985127157
0.91405015747614771
0.87729270831172268
0.83749226872065685
0.7979299694683607
0.76201451248544516
0.72705957070347849
0.6899028209381648
0.65299374495940388
0.61910250424033819
0.58614153682844616
0.55434550167067975
0.52417077639524423
0.49433335342790252
0.46621438853848246
0.44081119860626539
0.41650310146997083
0.39202959336445897
0.36951225933259196
0.34952784144394239
0.33037145763504716
0.31116651512842169
0.29359559863051127
0.27795745249336629
0.26309278831110289
0.24860284710090733
0.23505722404483936
0.22270719419646612
0.21091588216890961
0.19926801893849222
0.18898811558280182
0.17855154072967019
0.17047254970547762
0.17227096213277099
1.5903175482758871
1.4066676975079073
1.2777901604555961
1.1816530421185276
1.0906996921827301
1.0119203413990914
0.96755924316812791
0.93301574345302218
0.89528181026152664
0.85443675120334517
0.81386131956025121
0.7768023302592646
0.73977965455622552
0.70110045049751479
0.66431291649471458
0.62956168235426369
0.59562337476969285
0.56318980377337291
0.53223603746340387
0.50213413767819748
0.4741964268065661
0.44793546350664454
0.42239762409394355
0.39826929800448968
0.37654983733850617
0.35537151269181838
0.33481643756203039
0.31627814817917144
0.29964865020661968
0.28301540408943371
0.26694382632671609
0.25264289288006747
0.23972448899957885
0.22700068282901631
0.2146430905060196
0.20279273952040927
0.19257042297325899
0.18148928016732724
0.17507541344154695
0.17914244673470711
1.6091404799704812
1.4221837816669087
1.3013543898068878
1.2096457845992392
1.1189658485452321
1.047827611482093
1.005156441600451
0.96934945675772943
0.9304400383262772
0.88793516203240919
0.84499166555313199
0.80548699095459453
0.76630355339790923
0.72668557026966074
0.68854486921519031
0.65211236068712541
0.6167152502906903
0.5837369585000225
0.55148152907931491
0.52030869314772998
0.49126028299183938
0.46448706053429761
0.43803448528288808
0.41342066129781702
0.39043586344040776
0.36880086215239533
0.34799403000899021
0.32916363805869592
0.31102278457929033
0.2942111438133711
0.27810521637401919
0.26357097492325732
0.24945823052443808
0.23654170963684748
0.22388230031336953
0.21205393400019396
0.2009603911622227
0.18955215376630821
0.18515764307064764
0.19104280719237535
1.6739662459204712
1.4953907145131473
1.3775342200978538
1.2802767530461603
1.1862379789494377
1.1186158517354494
1.0752798234031371
1.0367341706852999
0.99424687761829422
0.94869775290752234
0.90252986146782055
0.85950365496239833
0.8173070223201474
0.77499825280332413
0.73480095076833141
0.69577707239556497
0.65878449580037635
0.62354367064339511
0.58902692207907204
0.556229802818762
0.52608756768044107
0.49702965469430727
0.4691306593020666
0.4436525139139742
0.41923116553335998
0.39585810670732663
0.37416073137647504
0.35458157529570805
0.33512499831630066
0.31718096928015993
0.30014547011578885
0.28494303881856969
0.26992938140251338
0.25622200299650572
0.24261828860778509
0.23013310648278268
0.21809636305129698
0.20655894036781758
0.2058966476055368
0.2123021502075251
1.8667878142555747
1.6823010249404884
1.5678369078544347
1.4387608909358001
1.3533433444294543
1.2818123264098937
1.2357999909694279
1.1922748227012612
1.1432496034596649
1.0908746493313208
1.0379515799698706
0.988339433038255
0.94045079281305011
0.89237780374673081
0.84696123670157208
0.80318653791960881
0.76024324213175254
0.72028753161693881
0.68120571479644931
0.64439855575509752
0.60892412009840013
0.57644691440832008
0.54465689360659331
0.51568254014299719
0.48664063603494029
0.46093725734616181
0.43582236973581001
0.41316251212120042
0.39036870458322898
0.37025873012258609
0.3502938401098597
0.33273725127771298
0.31503343644175263
0.29932409694735551
0.2833617399323633
0.26931684063949968
0.25431601968655732
0.24148390232433817
0.24771780585355727
0.25602979380584706
2.5158882953722057
2.2756145085949488
2.1630149917668371
1.9841946595483995
1.8482462371374786
1.7894459392952013
1.7484886503304933
1.6914937752136308
1.6209352369346319
1.5453781714194246
1.4688712198443059
1.3941039607017729
1.3225683972420854
1.2525807200149475
1.1849527376879228
1.1196014291996612
1.0565052970498026
0.9968623122340573
0.93913162159415353
0.88466495955253344
0.83271428957892002
0.78441998755828624
0.73780191123211947
0.69394846184389369
0.65230192288320965
0.61399580119718999
0.57752334165788854
0.54308533605586307
0.51081176884648394
0.48048356131420306
0.45222364778775037
0.42551717096863129
0.40073420369075596
0.37693290223064074
0.35499022574891526
0.33331619503851939
0.3125766627127094
0.2922860251131959
0.31231909204776342
0.36790568704516935
)
;

boundaryField
{
    inlet
    {
        type            calculated;
        value           nonuniform List<scalar> 
28
(
2.9431009067165639
2.943099169716533
2.9431031677546544
2.9431052524021939
2.943110716974974
2.9431150050708794
2.9431210539813195
2.9431266147560566
2.9431331040130764
2.9431396452617777
2.9431468155450196
2.9431544382228907
2.9431626203594723
2.9431717086976765
2.9431813004424368
2.9431923556715347
2.9432036948477998
2.9432173731951528
2.9432306597467064
2.9432478077153177
2.9432627847381481
2.9432848458931953
2.9433008731497727
2.9433337556572905
2.943360758526099
2.9434947174145232
2.9441848667645503
2.9552898279043789
)
;
    }
    outlet
    {
        type            zeroGradient;
    }
    fluid_to_graphite
    {
        type            zeroGradient;
    }
    wedgeBack
    {
        type            wedge;
    }
    wedgeFront
    {
        type            wedge;
    }
    defaultFaces
    {
        type            empty;
    }
}


                                                                               
