                                                                               
                             
                                                                   
                                                            
                                          
                             
                                                                               
FoamFile
{
    format      ascii;
    class       volScalarField;
    location    "1.0049999999999706/fluid";
    object      rhoE;
}
                                                                               

dimensions      [1 -1 -2 0 0 0 0];

internalField   nonuniform List<scalar> 
4592
(
13514795.795369627
13514217.223538255
13513732.05135625
13513194.659911297
13512740.768036418
13512254.416696513
13511827.311031038
13511387.934707565
13510988.489294235
13510589.480483137
13510217.959011208
13509853.1555782
13509508.425666813
13509172.91499795
13508852.653772345
13508542.118862754
13508243.840780132
13507954.838247584
13507675.884563696
13507405.365945801
13507143.292393843
13506888.664092923
13506641.338320687
13506400.329297747
13506165.783042515
13505936.377345501
13505713.005939012
13505493.303106681
13505279.942852048
13505067.955562832
13504864.105738733
13504657.424718879
13514789.123526199
13514202.837287767
13513716.554381855
13513173.523947483
13512715.703772683
13512223.96412226
13511791.961347776
13511346.869837681
13510941.642533217
13510536.271068644
13510158.108966779
13509786.071890648
13509433.68709421
13509089.934983684
13508760.921123613
13508441.109380705
13508132.860157009
13507833.413429514
13507543.411878465
13507261.235769929
13506986.968406714
13506719.516992122
13506458.898842102
13506204.01845674
13505955.135664616
13505710.909128474
13505472.34806497
13505236.992788861
13505007.888584349
13504779.459035443
13504559.935735047
13504335.633814093
13514806.634188293
13514219.012923915
13513736.390235232
13513192.242914768
13512738.240748784
13512246.789404212
13511818.357742855
13511374.849189712
13510973.138275273
13510570.288717799
13510195.718346601
13509826.847944632
13509478.228983384
13509138.08776959
13508813.023478836
13508497.117006436
13508192.994248109
13507897.638772681
13507611.849542648
13507333.900267331
13507063.892404992
13506800.716118371
13506544.35675214
13506293.69999567
13506049.065917913
13505808.948044831
13505574.630513681
13505343.145218475
13505118.431221418
13504893.27841671
13504678.857118435
13504456.194645803
13514816.319925522
13514220.256432617
13513743.569732873
13513194.531908428
13512744.452767266
13512250.881028313
13511825.298126508
13511381.543197231
13510982.245213613
13510580.319163235
13510208.04916635
13509840.814639112
13509494.549572017
13509156.48163029
13508833.880284
13508520.2759312
13508218.735212315
13507925.828779114
13507642.607414102
13507367.172561739
13507099.710259464
13506839.018714866
13506585.132510724
13506336.861635704
13506094.602739936
13505856.710540401
13505624.679315249
13505395.159065008
13505172.761518735
13504949.041030927
13504737.401796028
13504514.832999112
13514840.602086706
13514237.467697805
13513768.250323391
13513214.872046169
13512771.201499349
13512276.634174204
13511856.503440419
13511414.306275291
13511020.142622048
13510621.485566933
13510254.390811833
13509891.569801189
13509550.779348232
13509217.921941772
13508901.18683568
13508593.331311818
13508298.06699259
13508011.359964762
13507734.658181617
13507465.766500784
13507205.015822625
13506951.11185316
13506704.061695792
13506462.666283175
13506227.346347254
13505996.345081735
13505771.286858708
13505548.576559585
13505333.22302011
13505116.027030829
13504911.706547
13504694.937160751
13514860.012085384
13514244.321825728
13513785.410988532
13513224.803255145
13512788.665345952
13512291.635854816
13511877.281118587
13511435.865630178
13511046.810956718
13510650.953360869
13510288.883955855
13509930.144624926
13509594.634290222
13509266.725431813
13508955.631951287
13508653.379207002
13508364.138814656
13508083.440629682
13507813.092645638
13507550.54703171
13507296.358324422
13507049.017096449
13506808.637510242
13506573.909622064
13506345.300382249
13506120.973238226
13505902.583105931
13505686.478538772
13505477.682225075
13505266.955041019
13505069.144731343
13504858.492497943
13514887.186452268
13514256.734303748
13513810.242671013
13513241.061001895
13512814.050629567
13512314.237136204
13511906.842479667
13511466.527371259
13511083.598688172
13510691.205917621
13510335.162385246
13509981.389157884
13509652.217597991
13509330.31229209
13509026.008543238
13508730.583037971
13508448.643458718
13508175.294067202
13507912.726091452
13507657.974863177
13507411.896931868
13507172.682406684
13506940.620677482
13506714.217199679
13506494.010241628
13506278.098688859
13506068.083286386
13505860.39149751
13505659.794273725
13505457.531831395
13505267.501856193
13505065.490419932
13514912.503739037
13514262.042441476
13513831.161396328
13513250.69469692
13512834.246604685
13512330.477465054
13511930.569698982
13511490.870747671
13511114.187403418
13510725.020920267
13510374.988755507
13510026.030698389
13509703.130860364
13509387.097934766
13509089.57269636
13508800.840159558
13508526.197875718
13508260.157746615
13508005.388913682
13507758.425694387
13507520.524255941
13507289.454253279
13507065.797095414
13506847.773359941
13506636.029871581
13506428.64444874
13506226.935301604
13506027.876505418
13505835.285582321
13505641.730400832
13505459.058985218
13505266.225541105
13514942.055040479
13514267.062699869
13513854.771419084
13513260.745551661
13512856.342841949
13512347.84085333
13511956.111026512
13511516.89263358
13511146.811758468
13510760.966418553
13510417.211936882
13510073.251207028
13509756.890703468
13509446.93415232
13509156.559007792
13508874.770207627
13508607.837613439
13508349.479240298
13508103.002603516
13507864.292342231
13507635.151140796
13507412.773911059
13507198.177572746
13506989.151979372
13506786.580851635
13506588.345625358
13506395.715135621
13506205.956207927
13506021.951402621
13505837.974686723
13505662.91933368
13505480.448566968
13514972.005876023
13514266.383223178
13513876.405990448
13513266.006370433
13512875.197926501
13512360.956441678
13511977.874814065
13511538.755327446
13511175.306687601
13510792.553348372
13510454.94197222
13510115.752627946
13509805.756256463
13509501.665270185
13509218.257050792
13508943.192161763
13508683.861746965
13508433.007105626
13508194.781331947
13507964.214937573
13507743.881966725
13507530.147153156
13507324.729479138
13507124.72439412
13506931.478794592
13506742.495438075
13506559.048450701
13506378.722754775
13506203.335626725
13506029.160936095
13505861.475257346
13505689.83702153
13515004.932158321
13514262.360401286
13513898.485455571
13513269.083680352
13512893.365435285
13512372.634068206
13511998.648762675
13511559.441458216
13511202.664916173
13510822.908291738
13510491.350214532
13510156.80097918
13509853.052940192
13509554.681518886
13509278.12018948
13509009.629554868
13508757.860468458
13508514.396557719
13508284.471314827
13508062.013928838
13507850.653143073
13507645.62185381
13507449.640189894
13507258.851283932
13507075.213476876
13506895.816252498
13506721.855265105
13506551.329105731
13506384.819554808
13506220.887467213
13506060.585832197
13505900.440081652
13515040.162037708
13514253.187445482
13513919.828574464
13513268.59390956
13512909.551055403
13512381.560634414
13512017.014697345
13511577.458537297
13511227.237780843
13510850.237212451
13510524.458536392
13510194.234146267
13509896.425134789
13509603.392924823
13509333.369803222
13509071.072276529
13508826.619355364
13508590.190716796
13508368.416981734
13508153.788616356
13507951.372201286
13507754.874771411
13507568.438106608
13507386.791835314
13507213.020182125
13507043.212661918
13506879.025291014
13506718.443796126
13506561.013276298
13506407.575318737
13506254.624422677
13506106.410271049
13515078.159064118
13514238.812456256
13513940.423736675
13513264.863181293
13512923.872816276
13512388.209255567
13512033.30655239
13511593.358002553
13511249.530407393
13510875.166096305
13510554.880951213
13510228.714531729
13509936.51026994
13509648.432818739
13509384.59389112
13509128.056194659
13508890.599295037
13508660.77082691
13508446.921270985
13508239.744256321
13508046.183363188
13507857.957849899
13507681.167116718
13507508.507460518
13507344.906778062
13507184.688383285
13507030.671901694
13506880.189765261
13506732.246307716
13506589.573712053
13506444.211770201
13506308.385657078
13515120.53918393
13514219.672811979
13513961.523554351
13513259.039321909
13512937.650822921
13512393.879448596
13512048.78738259
13511608.305216987
13511270.625206012
13510898.642503159
13510583.488252698
13510260.984713372
13509973.997796401
13509690.382308627
13509432.343151085
13509181.033168253
13508950.238181062
13508726.474223532
13508520.309742255
13508320.11236411
13508135.311339289
13507955.013860501
13507787.960317073
13507624.128371472
13507470.978146629
13507320.342784958
13507176.985704776
13507036.74490978
13506898.84843366
13506767.204369754
13506629.863558253
13506506.833920224
13515165.587294068
13514193.708798444
13513980.57751522
13513249.396548094
13512948.543778868
13512396.826082302
13512061.420112187
13511620.606408529
13511288.742876997
13510919.079745958
13510608.64920716
13510289.486662829
13510007.235339932
13509727.567538956
13509474.785402188
13509228.060781946
13509003.377980143
13508784.975851832
13508586.010332212
13508392.112129381
13508215.723150451
13508042.792183494
13507885.35967648
13507729.972895369
13507587.459044553
13507446.220111305
13507314.061503626
13507184.058906568
13507057.03396331
13506936.554307332
13506808.151639832
13506698.173721982
13515217.690894607
13514163.608446421
13514001.978230363
13513239.948964603
13512961.114996014
13512401.335996743
13512075.613866394
13511634.388561428
13511308.024668692
13510940.387884757
13510634.329117399
13510318.065635247
13510040.210392658
13509763.954262584
13509516.097096682
13509273.342544248
13509054.470448375
13508840.758294547
13508648.742994502
13508460.483176498
13508292.378017973
13508126.237675877
13507978.505064219
13507831.168667521
13507699.666208794
13507567.71191383
13507447.458781864
13507327.86999551
13507212.724003593
13507103.797482911
13506985.477017077
13506889.008975014
13515271.561615506
13514124.807684558
13514018.922004288
13513225.821919281
13512968.941745486
13512402.057337023
13512085.442554288
13511644.322875287
13511322.96409482
13510957.390170157
13510655.162496665
13510341.456914781
13510067.326109141
13509793.863275129
13509550.139937669
13509310.548787473
13509096.648304988
13508886.703172632
13508700.817282928
13508517.230226437
13508356.711367127
13508196.426958773
13508057.951339595
13507917.868157038
13507797.360385245
13507674.136441072
13507566.412826307
13507456.930366559
13507355.079468084
13507257.562839516
13507151.546915365
13507068.390032064
13515336.545004532
13514082.941719368
13514041.540582042
13513215.488966784
13512982.122068077
13512408.100500777
13512100.520854793
13511659.341143802
13511342.729755834
13510978.865924286
13510680.331143044
13510368.782515878
13510098.358384114
13509827.229688326
13509587.672444995
13509350.657464113
13509141.730958696
13508934.817829911
13508755.02812114
13508575.259940566
13508422.325015618
13508267.021318395
13508137.954925369
13508004.406135792
13507895.325926403
13507780.520339992
13507686.200722773
13507587.126626244
13507499.938684614
13507414.849496763
13507322.946808893
13507254.494292792
13515400.174675949
13514030.121366618
13514054.920708783
13513198.672609724
13512986.932860259
13512407.845278455
13512108.139818387
13511667.801099848
13511355.178677183
13510993.154468024
13510697.401366731
13510387.574093523
13510119.683730945
13509850.086174425
13509613.368835235
13509377.939645626
13509172.593169624
13508967.643483132
13508792.563627781
13508615.468760524
13508468.814115675
13508317.25927468
13508196.498784598
13508068.220790694
13507969.925767235
13507862.331338152
13507781.743009022
13507691.950847665
13507621.493623096
13507547.712425577
13507474.492735676
13507419.33789972
13515482.104786918
13513975.433688438
13514080.307125671
13513191.008454913
13513002.957366183
13512418.227226887
13512126.451823071
13511686.452546066
13511377.938136399
13511017.382807938
13510725.021506177
13510416.795534244
13510152.424625872
13509884.274740182
13509651.481409896
13509417.292641044
13509216.479249848
13509012.783047242
13508843.164480779
13508667.681001157
13508527.924433274
13508378.834337516
13508267.0007254
13508142.763650455
13508056.045100313
13507954.971509602
13507889.200537536
13507809.359598992
13507757.001004936
13507697.688837467
13507644.683313603
13507609.091257282
13515554.285991423
13513908.194940427
13514087.549849411
13513173.701143099
13513004.690859942
13512418.188664706
13512132.535697339
13511694.349713553
13511388.587938646
13511029.618167957
13510738.612581303
13510431.157563683
13510167.690785974
13509899.717723597
13509668.039673397
13509433.866073512
13509234.831933424
13509031.339437753
13508864.552199611
13508689.696508987
13508554.327009957
13508406.563985016
13508301.251586515
13508179.593901727
13508102.313863253
13508005.808992278
13507953.887730692
13507881.078589818
13507849.18727171
13507799.807481501
13507776.093725104
13507754.173738383
13515660.401044017
13513839.334388986
13514119.456193577
13513173.684209971
13513026.791494168
13512436.033256259
13512156.922930865
13511719.298365107
13511417.511515263
13511059.91879602
13510772.940071128
13510466.95856623
13510207.991266754
13509941.090682594
13509714.315217093
13509480.460458979
13509286.693851549
13509082.870362889
13508922.005129782
13508746.456135126
13508618.196737576
13508469.850379223
13508373.511339152
13508252.230138341
13508186.731035376
13508093.087471727
13508057.112566853
13507992.317488419
13507981.954682218
13507951.201125495
13507955.257621849
13507971.725966651
13515738.431656277
13513763.145498367
13514120.024775464
13513161.971060116
13513029.35924718
13512441.673856607
13512166.863814969
13511732.437035803
13511431.842687454
13511075.639269523
13510787.78018721
13510481.603839938
13510220.981914999
13509952.979451001
13509724.682968749
13509489.576523017
13509294.845000084
13509089.902622024
13508928.981474916
13508752.480552828
13508625.633946087
13508476.547988692
13508383.716200924
13508262.346068606
13508203.210571833
13508111.020254364
13508086.644327508
13508024.911541609
13508037.21127796
13508011.450790279
13508061.026354099
13508092.45973089
13515899.024723692
13513689.279279012
13514179.772761503
13513190.292701248
13513075.630821051
13512483.968780834
13512214.462940648
13511780.450854389
13511484.915916448
13511130.179624764
13510848.82971211
13510544.391166972
13510291.289781373
13510024.402163152
13509804.333762409
13509569.033883585
13509383.184652524
13509176.84561312
13509025.634361122
13508846.641710021
13508730.551606646
13508577.951357581
13508497.097860457
13508371.267177131
13508325.979803504
13508229.308576366
13508221.902163398
13508160.187966013
13508196.341210449
13508193.161626475
13508281.691385861
13508410.141060013
13516024.735465752
13513674.241496833
13514229.908078078
13513248.455086662
13513142.261149952
13512560.628482474
13512293.728047632
13511865.301471334
13511568.808613328
13511216.132785665
13510930.373120785
13510625.896619176
13510367.301120622
13510099.30049257
13509873.403695665
13509636.721015681
13509444.536296168
13509236.642205313
13509079.037204973
13508898.186179534
13508776.635105265
13508621.546439016
13508537.194622928
13508408.791100457
13508362.413063399
13508265.726474449
13508263.892661778
13508204.759074552
13508263.201305967
13508258.148815349
13508417.876069978
13508570.827120941
13516513.384715965
13513808.928948192
13514566.181274196
13513550.426285462
13513452.94835194
13512864.337120503
13512602.765921062
13512174.348044716
13511887.382926803
13511536.330468357
13511263.655037483
13510960.307346182
13510715.898123005
13510447.657637585
13510237.470309483
13509998.436122876
13509824.43286434
13509612.424463218
13509475.57274376
13509288.98351866
13509190.792957455
13509028.903804753
13508969.902373692
13508831.986787992
13508812.574972633
13508696.488667136
13508713.838939656
13508618.421972303
13508693.203682376
13508697.705769898
13508951.173964195
13509386.387526207
13517681.653721971
13514936.595781624
13515742.265522551
13514765.944068864
13514670.84724923
13514097.988193668
13513830.12797025
13513407.988024995
13513112.914506389
13512767.498392098
13512483.686065786
13512187.470694451
13511932.442985827
13511672.033169493
13511450.486838888
13511220.361373678
13511031.479170647
13510828.153285896
13510672.393992983
13510491.851936113
13510369.990124941
13510205.898462621
13510118.538208188
13509966.410997381
13509909.67636502
13509785.867912583
13509788.929766461
13509736.534836538
13509894.341469103
13510032.227290707
13510603.731294425
13511340.101439372
13525860.099492282
13521885.812666992
13523204.352091162
13522214.563621121
13522092.330639299
13521473.43161937
13521163.652576717
13520683.445650058
13520342.063283898
13519933.321880475
13519609.751941767
13519250.568237968
13518965.973115701
13518647.101602163
13518410.131688889
13518124.565764504
13517937.292167341
13517679.77221885
13517541.367773455
13517305.322779428
13517216.458859986
13516995.536057949
13516954.831463471
13516745.276957581
13516754.161905395
13516554.575340455
13516621.830835696
13516449.567048136
13516632.096214559
13516566.778317606
13517084.360849297
13517263.873264994
13504463.692943696
13504256.481807373
13504061.771126781
13503849.132373419
13503629.405805755
13503411.295053111
13503196.094464486
13502958.188737677
13502744.064727366
13502468.033607488
13502249.614079364
13501974.724975558
13501725.481641484
13501442.611020371
13501165.772807093
13500867.09648791
13500563.965820415
13500244.194972068
13499914.524937425
13499571.501378665
13499213.797907695
13498840.346360192
13498450.471601423
13498041.690854847
13497614.548470475
13497164.990639975
13496694.695283569
13496198.086382771
13495677.3068245
13495125.949456939
13494545.948109457
13493931.061747111
13493281.328772927
13492592.111099277
13491861.028936816
13491083.496819789
13490257.541900991
13489375.153924761
13488437.061866574
13487431.041942269
13486359.303925518
13485205.987859862
13483975.571628865
13482645.846484093
13481225.464407207
13479684.139643287
13478034.824468343
13476238.270939441
13474311.318944933
13472206.882758522
13469939.903549425
13467460.633983288
13464777.808130257
13461836.784137528
13458643.453975843
13455128.108419891
13451302.598630847
13447075.9503596
13442443.490033368
13437341.829839839
13431693.635083258
13425453.830777371
13418536.622839889
13410844.429537071
13402281.223705735
13392722.064367028
13382029.856139457
13370004.001041217
13356531.277727757
13341285.962264787
13324060.439533383
13304547.801997265
13282301.103589416
13256931.468640441
13228037.380593752
13194766.399175469
13156058.702316878
13110748.997064078
13057684.724909442
12995137.145931914
12921582.00566755
12835026.583128724
12732577.970862063
12625791.329419283
12475938.781285109
12294233.655956673
12084640.747344667
11847434.789090902
11578571.606828013
11240813.466067266
10831022.20388677
10366106.655557755
13504127.889718929
13503903.462697642
13503700.364026379
13503470.744722968
13503221.886217806
13502990.890155496
13502761.299000069
13502500.701747665
13502272.804997334
13501937.471317774
13501724.369817976
13501412.985762615
13501144.216331219
13500827.090767005
13500519.275901126
13500183.619259248
13499843.440793555
13499483.978378126
13499114.728207754
13498732.541792836
13498332.262929423
13497914.39111598
13497477.413584873
13497018.86068036
13496539.215725392
13496033.709434269
13495504.231748547
13494944.362134041
13494356.857009141
13493733.962893547
13493078.850303013
13492382.533020649
13491648.544573018
13490866.343720002
13490040.00822508
13489156.955325359
13488222.126299549
13487220.194776824
13486157.371464496
13485014.769925319
13483800.289511716
13482490.572321607
13481095.634924479
13479586.356958922
13477975.589929972
13476227.515609084
13474357.168382734
13472320.70455041
13470137.255184159
13467752.952264111
13465185.897293579
13462379.595945839
13459345.374544011
13456017.405042857
13452411.367624277
13448437.77051427
13444123.383145902
13439350.21739641
13434141.666959466
13428375.856962398
13422040.819721848
13415014.419570599
13407252.966197459
13398618.21851822
13389032.034755966
13378317.191492638
13366383.760487825
13352957.783871884
13337937.728515316
13320980.370225836
13301859.741216119
13280188.2824756
13255610.136504972
13227539.447268287
13195715.901911862
13158958.085475944
13116127.253190165
13066052.010790871
13007626.390907066
12939202.066192076
12859446.793922698
12766561.832251614
12658404.237947643
12545867.227695599
12382970.92428196
12191812.310644966
11976974.767334506
11736747.641812565
11462360.450644698
11114871.083810307
10702409.580874337
10245430.191115476
13504256.047024878
13504029.680511661
13503835.927971726
13503606.858390432
13503350.191622671
13503124.743280353
13502903.607461534
13502641.490910906
13502432.369499642
13502063.316045566
13501882.10745487
13501559.790010951
13501303.71616558
13500982.977103908
13500679.944546167
13500342.92597083
13500004.525786817
13499644.803112924
13499276.979076929
13498898.145830806
13498500.178375401
13498085.229569327
13497650.912983246
13497195.22387973
13496718.315865049
13496215.724782407
13495689.258061565
13495132.631751459
13494548.471328376
13493929.162727896
13493277.836336004
13492585.506916672
13491855.779672015
13491078.033410072
13490256.48832245
13489378.417100504
13488448.968267001
13487452.596900595
13486395.78871518
13485259.438338106
13484051.551351074
13482749.093963899
13481360.741094707
13479860.833491679
13478255.799480544
13476519.141725838
13474655.150438879
13472629.841960559
13470455.251819046
13468082.01218305
13465524.635630254
13462729.172229927
13459707.762150863
13456389.301697174
13452795.565092571
13448837.034937819
13444529.624946792
13439770.588904932
13434576.060879314
13428817.399386697
13422502.336460732
13415473.312345963
13407731.751509167
13399095.059396515
13389523.069197016
13378803.640031118
13366870.805352354
13353431.265563257
13338405.982466798
13321407.384703539
13302255.37944207
13280514.808863835
13255870.51311915
13227664.245855926
13195813.558578933
13158839.841260189
13115638.152811125
13064998.0181536
13005779.58653334
12936491.250031449
12855772.494923428
12762063.285371261
12652871.526801284
12544160.86673609
12375369.121452836
12180110.484367115
11964500.000651721
11725670.765090212
11452621.624563571
11097883.451688675
10677225.828802509
10215879.539765297
13504319.350206349
13504091.366999213
13503904.618831119
13503676.038123999
13503409.341323337
13503187.834494205
13502972.915848786
13502705.880485017
13502511.117109673
13502102.541035356
13501952.467635557
13501614.840973308
13501368.696279567
13501039.868550381
13500737.576417845
13500394.330029363
13500052.990862828
13499688.100543695
13499317.107001754
13498937.224929551
13498536.984681748
13498120.517486148
13497684.255629875
13497226.783446249
13496747.876084315
13496243.442572372
13495714.945601065
13495156.46960075
13494570.299156968
13493949.182554508
13493295.937018091
13492601.901297124
13491870.423425632
13491091.142867448
13490268.092349276
13489388.787833985
13488458.145907668
13487460.978310874
13486403.430102203
13485266.812303742
13484058.900056602
13482756.598941209
13481369.77305202
13479869.646286504
13478268.970599854
13476531.535342254
13474673.943015827
13472650.404931486
13470482.404808067
13468112.262967141
13465566.749362769
13462774.234963398
13459766.823688824
13456456.73522808
13452877.784292942
13448933.112952529
13444643.754842896
13439902.93851985
13434734.108265394
13428997.154100709
13422710.7785051
13415714.452827336
13408012.362906395
13399416.234436346
13389882.562866507
13379221.717273915
13367338.468650388
13353957.232566971
13339011.866518812
13322053.687690752
13303004.354253795
13281313.123679101
13256741.640205907
13228590.567116011
13196871.43517212
13159941.528476417
13116567.344535271
13065538.975500505
13005729.400744433
12935647.542324962
12853990.913695673
12759380.124707485
12649058.363484144
12544636.642348727
12368928.037830038
12167709.502744935
11949189.274265945
11709896.086661851
11436264.021379463
11070416.726564744
10636664.887267509
10167687.425452707
13504507.754101532
13504284.762071181
13504105.836520534
13503882.015418861
13503610.834085763
13503396.139849868
13503191.00261851
13502923.589303941
13502748.109426972
13502310.159639085
13502191.539559785
13501844.95960317
13501613.296652155
13501282.684754744
13500987.557499075
13500645.023728736
13500307.97352905
13499945.203805031
13499578.22373838
13499204.268079877
13498809.190878609
13498398.958467128
13497968.611888057
13497517.788670283
13497045.725360421
13496548.87104648
13496028.212009711
13495478.440958317
13494901.275412325
13494290.159649117
13493647.30006055
13492964.795765264
13492245.287592314
13491479.346422665
13490670.100504961
13489806.270852674
13488891.608628448
13487912.348336143
13486873.409297327
13485757.571874909
13484571.298436653
13483293.20449475
13481931.681557516
13480459.739204597
13478888.737796031
13477184.268898193
13475361.503154475
13473376.672638936
13471249.662170304
13468925.230513692
13466427.74628883
13463689.709654558
13460738.967183664
13457492.60589784
13453984.064833444
13450110.546059998
13445907.207321083
13441256.800120724
13436181.296277601
13430557.973502718
13424382.825777743
13417526.289043983
13409954.109789506
13401524.738805711
13392153.501521038
13381686.171825755
13370010.802932464
13356846.739440881
13342164.71337101
13325451.577454392
13306721.486279888
13285332.086772211
13261102.215206498
13233316.864944484
13202077.087389978
13165559.001655579
13122508.123514982
13071573.937912952
13011768.198057802
12941468.73571986
12859436.622352103
12764469.428133892
12653376.240627727
12554183.200927408
12372076.724427724
12165215.246179808
11943530.200599419
11703753.600757925
11429442.308477396
11052029.560123865
10603311.147237629
10121684.582040608
13504677.941726476
13504461.405971631
13504288.763666263
13504070.114927996
13503795.761674443
13503587.4783739
13503391.093116298
13503122.895695649
13502962.935269605
13502499.115707912
13502408.612750312
13502053.652824022
13501834.966795387
13501502.174378853
13501213.325033898
13500870.923570396
13500537.598385371
13500176.535551511
13499813.383406969
13499444.843629358
13499054.857785959
13498650.486221496
13498225.949671954
13497781.880194806
13497316.688114777
13496827.638084481
13496314.971882831
13495774.309869273
13495206.461849116
13494605.963311674
13493974.018076465
13493303.885073578
13492597.163574543
13491845.681740813
13491051.415031997
13490204.529569237
13489307.427773768
13488348.039147096
13487329.722349672
13486237.250621047
13485075.237950046
13483824.664959898
13482491.772566451
13481052.191069124
13479515.310521655
13477848.814852236
13476066.59837636
13474126.855434103
13472047.907750931
13469777.268192396
13467336.909182627
13464663.412416868
13461780.167916307
13458612.00452603
13455184.05466561
13451403.854820477
13447299.321489347
13442760.594151933
13437798.035259763
13432326.231589781
13426273.066835409
13419600.367973117
13412190.217674
13403967.827901384
13394807.674571002
13384585.54274109
13373170.146712124
13360302.708746692
13345938.489521265
13329585.897022044
13311237.073837109
13290287.69343834
13266527.66705988
13239219.012728456
13208632.909835463
13172701.935794212
13130215.039212026
13079599.344462862
13020057.098516596
12949870.850290997
12867677.001360983
12772627.251810161
12660860.700638315
12567174.41400677
12378708.620441755
12165764.259129213
11940263.130626012
11699163.787358748
11423139.949070942
11032030.49001383
10566224.785213439
10070935.310569456
13504891.995981008
13504685.147616256
13504517.699852441
13504305.7499237
13504030.537556054
13503829.249414921
13503641.860225603
13503374.423602371
13503229.568838224
13502746.214793375
13502680.915146826
13502320.257351868
13502114.671179539
13501781.597193832
13501500.383752318
13501159.987936504
13500832.206304735
13500474.748308849
13500117.213400224
13499755.528408481
13499372.291073592
13498975.295723874
13498558.562479133
13498123.025396233
13497666.759268595
13497187.637461891
13496685.229522109
13496156.027994342
13495600.041081322
13495012.840007357
13494394.560167391
13493739.884972094
13493048.909172725
13492315.563019067
13491539.101019047
13490713.813433334
13489837.208981123
13488902.535959871
13487908.761754373
13486844.896818675
13485711.03119107
13484494.188170772
13483194.817130143
13481793.993822744
13480296.98527875
13478675.727729572
13476940.414145801
13475054.622020008
13473030.189812135
13470824.729316436
13468445.959651412
13465854.870903306
13463041.745100692
13459971.504527383
13456627.649650807
13452968.930772163
13448961.329010671
13444561.511394102
13439739.55972253
13434413.556724729
13428529.339597641
13422049.953007672
13414836.295893511
13406855.223474424
13397930.138900619
13387991.804052645
13376888.381669918
13364356.121589689
13350379.828382498
13334430.760411486
13316553.192673491
13296117.09673797
13272907.100389797
13246220.281068513
13216357.161482062
13181241.182588497
13139396.676026119
13089433.911461504
13030361.507814955
12960591.347902065
12878562.865329674
12783698.252133906
12671426.318652231
12583526.318040889
12388926.978101997
12169912.369278567
11940199.165751917
11697201.842327841
11418788.12342504
11013335.644536823
10527737.37119494
10014415.785798134
13505098.675177721
13504902.657672286
13504739.099794853
13504534.170076657
13504259.257427303
13504064.656101171
13503885.258006526
13503618.700522847
13503486.017596809
13502987.292266566
13502943.689313341
13502578.357075362
13502384.530842395
13502051.287313875
13501777.183750458
13501438.783814847
13501116.377755489
13500762.623885222
13500410.691255653
13500055.827831876
13499679.056384429
13499289.68198983
13498880.480104081
13498453.911844527
13498006.28669348
13497537.62287844
13497045.17244013
13496528.217232401
13495983.782080043
13495410.636812134
13494806.0974689
13494167.418213932
13493492.493342008
13492777.894731535
13492019.903151436
13491216.515077695
13490361.523575962
13489452.360840736
13488483.231794821
13487450.055076061
13486344.589030985
13485163.818468541
13483897.556392705
13482538.249291724
13481081.766821189
13479508.720502872
13477821.293386443
13475991.408919334
13474024.55081425
13471886.484590095
13469574.231461901
13467065.070217021
13464328.023609161
13461359.775905315
13458106.918412952
13454565.059176866
13450674.518413028
13446411.750892458
13441734.143231696
13436564.585305816
13430868.225491667
13424580.548474615
13417591.785100464
13409832.327980144
13401185.551629355
13391565.931664044
13380748.273634547
13368622.553638557
13355030.02647813
13339518.872544119
13322196.217043724
13302255.862993326
13279728.110062616
13253666.980576912
13224641.031267831
13190397.707722053
13149359.70616935
13100207.953804333
13041867.660348073
12972688.391863534
12891162.497403508
12796671.057073034
12684132.294797925
12602057.668644719
12401703.180257786
12176684.900821328
11942216.718887419
11696870.721289285
11415139.854397977
10994325.149104528
10488181.128870552
9952877.8275148682
13505318.460949492
13505134.835983777
13504973.997783881
13504776.630074795
13504502.999430763
13504314.990130089
13504142.903279463
13503877.756258281
13503755.588080803
13503245.465308994
13503220.521213077
13502851.732890826
13502668.763595937
13502335.807958515
13502068.764755277
13501732.683309458
13501415.948389972
13501066.175027629
13500720.304543702
13500371.937150776
13500001.881994717
13499620.182509808
13499218.97377212
13498801.166981623
13498362.906984512
13497904.386070631
13497422.76468036
13496917.649814459
13496385.649004851
13495826.544955764
13495235.899543125
13494614.011888947
13493955.029204611
13493259.749202866
13492520.704489766
13491739.186592331
13490906.562205039
13490022.868005138
13489079.985315394
13488075.768559882
13487001.614925047
13485854.744459728
13484624.425580384
13483305.606905507
13481891.110190041
13480365.332138788
13478727.632617325
13476954.170475623
13475045.80269691
13472972.951681048
13470733.026942257
13468299.58790113
13465648.608439062
13462773.587870784
13459619.902741147
13456192.860875646
13452422.863675257
13448292.590657329
13443770.02379876
13438750.882963084
13433260.982737277
13427138.725731796
13420396.205943357
13412882.288092302
13404492.956056539
13395192.327401644
13384698.707752066
13372961.217077322
13359777.931087846
13344749.172822982
13327945.206365446
13308581.226581696
13286715.008228628
13261345.197334381
13233251.30579669
13199840.467782367
13159841.801738042
13111521.333466876
13054179.116907712
12985757.182768038
12905027.067602532
12811109.112975106
12698632.433491776
12622305.566244537
12416897.695318235
12185795.7613288
11946422.844526818
11698030.133500122
11412877.066620624
10974712.258297896
10445919.592505444
9890175.4688256346
13505532.613754818
13505362.159526676
13505202.973755633
13505013.308183659
13504741.279165151
13504559.603792533
13504393.729915362
13504130.037255922
13504016.171150442
13503497.409803594
13503488.326751227
13503116.617457338
13502943.311604062
13502610.543697121
13502349.989102973
13502016.052183121
13501704.660403663
13501358.794532876
13501018.634478049
13500676.375777576
13500312.985942861
13499938.622084817
13499545.068976484
13499135.934166813
13498706.508179881
13498258.124377904
13497786.845355805
13497293.416404156
13496773.517662039
13496227.918910556
13495651.46387253
13495045.15464359
13494402.666752683
13493725.463988056
13493005.655145891
13492245.165025292
13491434.66318774
13490575.917373268
13489658.266357385
13488683.648412453
13487638.67283085
13486526.269674871
13485330.523330221
13484052.253412271
13482677.345493093
13481200.51724169
13479607.733529998
13477894.186277157
13476038.405175067
13474033.48060666
13471862.423258957
13469503.084882764
13466938.484761812
13464153.566238502
13461097.691462794
13457782.46419291
13454131.614605434
13450136.799291464
13445755.483119009
13440901.818621743
13435586.994193142
13429668.092095282
13423137.383211605
13415870.507348171
13407750.576212911
13398755.613934888
13388591.415255664
13377244.678386768
13364454.215192273
13349935.253988652
13333633.410271358
13314849.900228227
13293704.428476695
13268998.58911022
13241871.114446281
13209346.427630106
13170402.331274675
13123085.695965132
13066854.574879933
12999383.537379056
12919703.400833849
12826602.975630229
12714435.612657961
12643815.156973371
12434154.970042048
12196908.358138645
11952620.469847834
11700575.264763521
11411513.856795395
10955281.152928442
10401550.324922975
9818712.192847399
13505747.452646744
13505591.096257623
13505432.361242451
13505250.91065323
13504980.532500705
13504804.907166233
13504644.230133293
13504382.034222988
13504274.789446885
13503749.443331255
13503753.887742646
13503379.594768755
13503214.929679679
13502882.226250444
13502627.649170525
13502295.702001518
13501989.332491657
13501647.293804836
13501312.451360559
13500976.040963965
13500618.98170306
13500251.611932298
13499865.451929292
13499464.529344367
13499043.757953594
13498604.968744483
13498143.800444108
13497661.543515893
13497153.408332629
13496620.822431728
13496057.996654782
13495466.850106718
13494840.173094463
13494180.553196432
13493479.159880582
13492739.048885098
13491950.017590929
13491114.891281718
13490222.395228084
13489275.131323511
13488259.611568322
13487179.312322238
13486017.52177524
13484777.951534141
13483441.344936451
13482011.290481854
13480463.873284275
13478804.071023291
13477002.495450396
13475062.968268204
13472954.651179338
13470671.151495632
13468187.249357432
13465487.681158677
13462530.636628697
13459319.647262603
13455787.33763908
13451916.335936937
13447679.761698922
13442981.722155504
13437834.901551865
13432122.082417937
13425775.381663566
13418779.083158445
13410899.918525845
13402208.903978979
13392356.347555662
13381413.252789864
13368984.73293579
13354986.053826174
13339151.471206931
13320996.597954119
13300510.905614825
13276529.151685357
13250296.160510439
13218717.619572256
13180893.121383427
13134581.675853668
13079661.154379381
13013283.046884937
12934810.849638632
12842844.286849836
12731183.098332787
12666168.574604729
12453095.867350869
12210019.096673792
11960761.568334779
11704340.475860983
11410575.609277023
10936089.990220612
10358409.502718788
9741094.2159168292
13505957.11021062
13505815.55889597
13505656.156724799
13505483.397943156
13505214.116296496
13505044.322089426
13504887.580637334
13504626.733197307
13504524.409994351
13503993.640892362
13504009.692330396
13503632.757922744
13503475.738576306
13503142.756538615
13502893.523772182
13502563.257417185
13502261.411307752
13501922.966072366
13501593.036941055
13501262.181788176
13500910.923414806
13500550.220600251
13500170.911183584
13499777.859564342
13499365.15706493
13498935.569128642
13498483.892004918
13498012.329100277
13497515.287519455
13496995.132461524
13496445.24717948
13495868.488358472
13495256.947215637
13494613.867308738
13493930.398994239
13493208.86175935
13492441.560318811
13491627.287630565
13490760.270135477
13489837.875400877
13488851.355566524
13487800.150790066
13486673.015806444
13485467.378384298
13484170.146456823
13482781.739934238
13481279.901702093
13479669.589466387
13477921.170040935
13476040.620478064
13473996.352828214
13471782.931674022
13469373.845247617
13466759.873819742
13463893.53780698
13460781.129318805
13457365.577020479
13453610.137448953
13449510.681487318
13444964.559931502
13439975.964787384
13434452.073886434
13428305.99461765
13421534.488730051
13413911.452183321
13405499.586212892
13395966.064722262
13385362.538781811
13373367.084889332
13359788.117776638
13344456.123517752
13326895.58392675
13307058.76139611
13283801.785540229
13258405.525366019
13227841.116558898
13191057.760353796
13145921.10625173
13092275.047689673
13027189.289794635
12950095.755831033
12859455.811566144
12748634.43495189
12688981.148998734
12473550.484617563
12225131.752117015
11970538.285859631
11709369.522474783
11410402.060075251
10916742.558646291
10313507.927358514
9663730.6755789667
13506162.514597012
13506036.516798614
13505875.355792381
13505711.899937535
13505442.709993962
13505278.641674934
13505124.507607432
13504864.829523085
13504765.979270393
13504230.348026624
13504256.454082575
13503876.651472468
13503726.354813103
13503392.797017457
13503148.212859115
13502819.41507199
13502521.608663701
13502186.381113445
13501860.827600798
13501535.253630044
13501189.23966625
13500834.896337725
13500461.877084451
13500076.335910525
13499671.122264668
13499250.305380635
13498807.465647001
13498346.109908959
13497859.424488464
13497351.11463175
13496813.342396539
13496250.283296678
13495652.890012231
13495025.645556074
13494358.684810042
13493655.532905091
13492907.364738829
13492114.529228207
13491269.863977388
13490372.213318065
13489411.957588144
13488389.854826499
13487292.859210245
13486121.830442434
13484860.009566439
13483511.886140196
13482052.031597558
13480489.329262223
13478790.073024068
13476967.504289966
13474978.449905006
13472837.965141715
13470493.125792751
13467963.700593863
13465182.101757457
13462163.847179689
13458852.475135423
13455214.902144181
13451239.156902591
13446838.110815391
13441997.791010991
13436655.000918813
13430695.700591492
13424140.921998257
13416759.77572497
13408602.853093231
13399396.30855057
13389089.262565659
13377513.489186818
13364350.305390526
13349491.584821543
13332497.452076863
13313288.078710031
13290732.747396877
13266176.964387309
13236551.503144732
13200817.523841823
13156932.1603975
13104525.917428598
13040946.260989016
12965276.203209972
12876220.583805401
12766433.213844197
12711968.214055156
12495208.893801993
12242144.149388734
11981774.224744581
11715762.309318947
11410706.693767568
10898440.39902333
10266705.744816588
9580019.7926265597
13506364.342947906
13506254.62452594
13506090.614879718
13505937.282951413
13505666.506001988
13505508.15902398
13505355.095185459
13505096.241780955
13504999.537002256
13504458.79397323
13504493.87538063
13504110.632168144
13503966.290857317
13503631.669159805
13503391.079115516
13503063.469005197
13502769.116799142
13502436.886083253
13502115.256827878
13501794.697264465
13501453.344654405
13501105.091543933
13500737.724819295
13500359.36261896
13499960.943559652
13499548.491665887
13499113.732243175
13498662.071907701
13498184.931546329
13497687.808050174
13497161.277071556
13496611.08798662
13496026.932798956
13495414.398376368
13494763.119133517
13494076.798856217
13493346.980845856
13492573.800811922
13491750.32618746
13490875.664809097
13489940.230155138
13488944.935476609
13487876.604263142
13486737.783122176
13485509.035176886
13484198.725494033
13482777.975972733
13481260.159963291
13479607.073904729
13477837.321301209
13475903.63613103
13473825.50643673
13471547.583311563
13469092.552471422
13466390.668115292
13463463.679310123
13460247.099791856
13456721.201423923
13452859.416309739
13448599.282805977
13443892.389801715
13438723.795012774
13432938.650147192
13426586.563470904
13419430.689318558
13411524.180087052
13402605.658589218
13392612.284228949
13381395.887052393
13368638.386413261
13354251.383500688
13337763.927775729
13319146.83434858
13297320.063757438
13273493.328632331
13244846.781878298
13210055.129076621
13167501.349303434
13116313.552321777
13054338.487100651
12980153.937762303
12892914.762201272
12784354.421686495
12734776.576244559
12517963.354829535
12260840.001531415
11994548.709459921
11723241.052720014
11411456.051027225
10880492.901137924
10221536.654318741
9489015.3087052274
13506559.681495173
13506466.801661763
13506299.052566046
13506156.703768875
13505882.331357306
13505729.714360869
13505576.166741896
13505317.695026472
13505222.024950314
13504675.612190064
13504718.772851469
13504331.551955875
13504192.322688604
13503856.419310631
13503618.982692914
13503292.54952448
13503000.709234284
13502671.481824979
13502353.237460898
13502037.500558872
13501700.206942074
13501357.870961316
13500995.515685663
13500624.116943981
13500231.828322731
13499827.446955251
13499400.053760514
13498957.696957683
13498489.327086382
13498002.900758967
13497486.710682763
13496948.831299692
13496376.822412213
13495778.470054172
13495141.320621766
13494471.549396031
13493758.059077013
13493004.071125913
13492199.883747738
13491347.181005027
13490434.334208123
13489465.009927057
13488422.868371177
13487313.842798142
13486117.179762397
13484840.77931194
13483458.053578574
13481980.705390934
13480371.570302811
13478650.989661634
13476768.651061017
13474750.170598274
13472531.949760504
13470148.619000349
13467520.127211016
13464678.718934128
13461549.968440991
13458129.563166481
13454373.041288314
13450242.942360464
13445666.330589563
13440652.600715743
13435035.182220226
13428871.404409671
13421925.317893494
13414253.860008297
13405601.344117213
13395908.343279535
13385026.053130567
13372647.118378045
13358702.517600937
13342713.099685146
13324638.91256338
13303489.243187608
13280365.124592543
13252665.311905511
13218764.901317433
13177551.806239827
13127526.527325692
13067279.374307018
12994581.808212288
12909350.677353457
12802184.403585207
12757078.819159064
12541609.570416158
12281079.215148659
12008901.458105514
11731803.930944107
11412339.483332943
10862703.407359896
10177893.667981561
9395524.8233741596
13506755.498592116
13506680.057176279
13506507.549449811
13506377.561375592
13506096.402439333
13505949.686102053
13505793.724730808
13505534.93403483
13505439.260338388
13504885.737289824
13504936.590853201
13504544.605160862
13504409.701041292
13504072.378157046
13503837.112925343
13503512.086704472
13503221.753343992
13502895.846150188
13502580.18523025
13502269.27768941
13501935.326599866
13501598.795600584
13501240.721908698
13500876.061967667
13500489.121114571
13500092.489450352
13499671.628452942
13499238.127470493
13498777.602800298
13498301.312385574
13497794.484021114
13497268.12864184
13496707.308111936
13496122.083872793
13495498.055829387
13494843.734224409
13494144.997588422
13493409.607021334
13492622.325164437
13491790.946258796
13490898.663108263
13489953.33635057
13488935.934168052
13487854.805669904
13486686.502188291
13485444.67738538
13484093.49485337
13482657.164828867
13481087.012332303
13479413.031494722
13477578.143224612
13475614.875074975
13473453.551859442
13471135.417423123
13468577.09897092
13465813.032407062
13462767.769940646
13459445.269455263
13455785.610253004
13451777.637581481
13447321.680499781
13442453.467674477
13436993.326282473
13430994.06613894
13424263.947463984
13416796.263937274
13408390.043230245
13398989.022077139
13388408.967995198
13376395.333280269
13362843.057859685
13347341.356853204
13329766.261334963
13309274.284146633
13286764.05404786
13260000.764771027
13226934.434936639
13187017.990204139
13138145.843850274
13079609.997844603
13008500.835317858
12925277.880950045
12819904.841750594
12778505.384799469
12566095.551540364
12302663.570962012
12024861.695913961
11740980.783616874
11413761.124956274
10845245.285796762
10134760.404048111
9297755.1015563849
13506942.724645015
13506884.180359246
13506706.945773009
13506590.271023303
13506299.554305568
13506158.410538409
13505998.65388719
13505738.447891707
13505642.370541994
13505080.465202788
13505138.533602104
13504741.32114963
13504609.810795125
13504271.200438652
13504037.191556314
13503713.521070721
13503423.854757082
13503101.827834582
13502787.950060969
13502482.162209868
13502150.867833197
13501820.346523806
13501465.953426901
13501108.148816431
13500725.95374264
13500337.116949499
13499922.169301365
13499497.492535561
13499044.148789711
13498577.818934599
13498079.688033216
13497564.580435446
13497014.119269181
13496441.720677199
13495829.780546477
13495190.390487699
13494505.591278639
13493787.558108479
13493016.564389626
13492205.258110406
13491331.992120044
13490409.987613063
13489414.987544585
13488360.934012825
13487219.046038462
13486008.729206316
13484688.971071377
13483289.456400668
13481756.753556062
13480126.02594219
13478335.075798072
13476424.736479569
13474314.722098241
13472059.252034167
13469563.624094022
13466875.968920544
13463903.719164077
13460676.535615029
13457104.999104083
13453209.61398381
13448868.293474641
13444134.06369102
13438815.67146741
13432986.413561124
13426427.967173966
13419177.966071846
13410984.56219889
13401860.291322501
13391555.780736482
13379891.363270884
13366694.918100813
13351663.085467722
13334522.012415059
13314676.749922838
13292737.143178968
13266822.429866742
13234605.585252725
13195833.198817495
13148215.141864037
13091250.061590426
13021844.296116166
12940564.209289521
12837370.785778642
12798878.137408266
12591084.763851592
12325485.932761757
12042257.163107235
11750820.745328452
11415203.444366599
10828753.263065021
10092642.312751662
9194868.4374346342
13507139.246073265
13507097.835762847
13506914.636135243
13506814.108795237
13506508.205816807
13506372.698391641
13506206.596489241
13505943.566281695
13505846.035567021
13505273.477240166
13505338.643417174
13504935.728074772
13504806.507464785
13504467.130928468
13504232.709660403
13503911.191398978
13503621.56435219
13503303.606160475
13502990.721114764
13502690.12400103
13502360.714729125
13502036.13418377
13501684.621594023
13501333.526218927
13500955.216838695
13500573.928513665
13500163.995553743
13499747.77639002
13499300.736011932
13498843.915010378
13498353.47169061
13497849.213113626
13497307.906487914
13496748.068618484
13496146.755545333
13495522.081637053
13494849.667576212
13494148.734032769
13493392.195169309
13492600.954432031
13491744.461666128
13490845.669602277
13489870.571015937
13488843.810290236
13487724.953178154
13486546.710630259
13485253.905255754
13483892.679146655
13482391.08485309
13480805.718506349
13479052.372843508
13477194.078824727
13475131.595441794
13472937.098016188
13470496.165536681
13467884.676538887
13464976.23198103
13461843.135759577
13458348.950163215
13454564.992022466
13450325.293885639
13445717.780479584
13440534.101392662
13434859.7253838
13428464.156268386
13421412.865869625
13413428.038762314
13404548.888571775
13394504.970178438
13383166.390057214
13370312.526746314
13355692.311870726
13338983.13445754
13319707.731639562
13298346.559031324
13273127.69057674
13241822.790348439
13204033.125159081
13157693.070946915
13102174.438022995
13034551.172453398
12955167.962804435
12854392.403958675
12818081.988476785
12616456.296432745
12349443.130541239
12061149.149276521
11761202.48330109
11416619.533631139
10813335.328585282
10052674.387132479
9083909.1608286742
13507322.53215953
13507293.785669526
13507107.447653845
13507023.719417997
13506700.581462512
13506568.466335539
13506396.123105563
13506127.517155306
13506030.090001853
13505445.31957058
13505517.423689999
13505108.932480672
13504980.707224945
13504641.247167762
13504405.643795464
13504087.559767086
13503797.021969384
13503484.166206848
13503171.671676222
13502877.271638822
13502549.280381059
13502231.651060073
13501882.717065211
13501539.268472616
13501164.657557083
13500791.785199152
13500386.80344115
13499979.806673769
13499538.974385526
13499092.478875084
13498609.494661786
13498117.009866644
13497584.389835469
13497038.054909792
13496446.910382379
13495837.492953114
13495177.349972999
13494493.538791437
13493751.667250816
13492979.763778027
13492140.691723661
13491264.141603505
13490309.043947952
13489308.446386116
13488212.830061452
13487064.950705344
13485799.464478407
13484473.480905646
13483004.136015803
13481460.581288973
13479743.933816098
13477936.033664403
13475915.886378575
13473783.052947367
13471391.439913327
13468853.55133646
13466004.034828611
13462960.203210535
13459537.194801081
13455860.252263162
13451710.247227922
13447231.071106467
13442158.68631052
13436642.466992084
13430389.552996978
13423525.03264497
13415733.563719319
13407085.788597135
13397279.503723906
13386248.812412165
13373700.705514904
13359475.111805733
13343182.722552374
13324401.293239113
13303596.738591615
13279040.310932981
13248579.44909993
13211749.291201491
13166611.404849233
13112525.441515498
13046589.458977725
12969083.624721006
12870963.34448166
12836065.794655059
12641813.458329182
12374476.11865605
12081205.571471583
11772163.80155451
11417631.727687204
10798820.290067464
10017256.603509868
8964023.9499079343
13507534.02761185
13507519.771578386
13507326.055525545
13507266.498655716
13506916.30304702
13506786.517024394
13506603.738067714
13506327.001009088
13506226.890490653
13505627.673317241
13505705.773919368
13505292.603504712
13505163.161527373
13504825.690162547
13504587.081780396
13504273.351806449
13503980.692599069
13503673.276222942
13503360.22347709
13503071.987681402
13502744.756754711
13502433.736666128
13502086.846195828
13501750.732187821
13501379.234201849
13501014.603026737
13500613.911139464
13500216.282473581
13499780.927618671
13499345.07205301
13498868.900734467
13498388.680471638
13497864.309740728
13497332.103044817
13496750.67876575
13496157.635648588
13495508.79389384
13494844.103649274
13494115.083427267
13493365.63965537
13492541.072713315
13491690.679592136
13490752.105868777
13489782.144594287
13488704.833351733
13487593.434507042
13486348.112490512
13485064.906692855
13483618.705921147
13482125.168513326
13480435.506009532
13478685.77949586
13476697.119766073
13474633.110868284
13472278.450587006
13469821.979935333
13467016.561741352
13464069.378525991
13460700.622983715
13457137.675519435
13453056.91883507
13448712.308077693
13443728.759350635
13438373.899902994
13432235.98816058
13425566.846768567
13417924.660629092
13409519.069879536
13399906.218444234
13389177.094799249
13376895.152272779
13363040.600788483
13347108.316563789
13328824.590852324
13308474.67294373
13284541.899827903
13254823.536628665
13218954.508327298
13174889.673770633
13122281.864991011
13057961.584520958
12982356.396507109
12886981.373126119
12852728.263163701
12667480.46544404
12400485.19707177
12102372.816120896
11783550.711384229
11418012.862627655
10784911.390231661
9986637.1207358334
8839157.4279092699
13507720.738849791
13507704.28401115
13507513.827024335
13507477.920673734
13507104.72033588
13506969.51655722
13506780.526648207
13506489.582914412
13506394.187712995
13505777.716528114
13505863.639604233
13505446.979554929
13505316.43178796
13504982.968927355
13504741.612145981
13504434.519195508
13504140.349498758
13503840.851979809
13503527.867275154
13503248.965827763
13502923.088388871
13502622.372479994
13502278.042078285
13501953.318291346
13501585.523720102
13501233.300706863
13500837.699337933
13500453.448832467
13500024.620686602
13499603.329242203
13499135.185780991
13498670.867296562
13498156.160712991
13497641.389069049
13497071.328263411
13496497.380672431
13495862.061580898
13495218.060451111
13494505.441986294
13493777.978931881
13492973.125410315
13492146.467390174
13491230.902882937
13490287.299201872
13489236.107607499
13488154.465823611
13486938.905642616
13485689.67398604
13484276.929244353
13482822.746075151
13481170.724249965
13479467.278075917
13477521.135393973
13475511.761438716
13473205.413769212
13470814.321457542
13468064.732744984
13465195.709413115
13461892.778869025
13458423.134608103
13454422.306712296
13450189.544475332
13445304.194043921
13440085.182725552
13434069.619418057
13427566.002330717
13420079.993844118
13411879.979230842
13402465.169488465
13391995.709245965
13379973.263244983
13366444.771408815
13350864.167778367
13332999.47563366
13313088.772118369
13289709.606686689
13260636.383021634
13225618.214006254
13182523.677402865
13131219.646722589
13068356.614862917
12994906.097016336
12902223.556409165
12867378.976196809
12692713.548154302
12428666.245343173
12125351.421521567
11794849.429122413
11417772.15109846
10770691.464358572
9960839.259277381
8709557.9059425127
13507977.065420194
13507978.824655659
13507769.472694445
13507778.429477956
13507365.281380944
13507220.729499953
13507015.952816647
13506705.984520447
13506603.238545211
13505971.403709816
13506060.214579519
13505644.770650424
13505507.817862069
13505181.820371745
13504934.702810314
13504635.825787028
13504338.713483397
13504047.743519533
13503734.351845471
13503464.721974304
13503141.163542284
13502849.80051993
13502510.205430025
13502195.890008921
13501834.555311309
13501494.014740655
13501106.593135444
13500735.844139058
13500316.587645695
13499910.643418841
13499453.532626357
13499006.892996164
13498504.362545459
13498009.949659538
13497452.904760519
13496902.356070884
13496280.731660502
13495663.935916396
13494964.434741689
13494269.843870774
13493476.648741875
13492688.619548777
13491783.341220824
13490885.833703883
13489841.73525993
13488816.45697356
13487603.559488352
13486420.292566357
13485009.192778703
13483630.114959126
13481978.381032975
13480361.615772204
13478412.82402101
13476506.388296904
13474195.29143597
13471922.244239921
13469168.13158408
13466436.176045187
13463129.938532719
13459819.446884461
13455819.249871023
13451772.266339341
13446893.979593929
13441892.010810858
13435898.428892925
13429647.282956019
13422204.902168509
13414304.14416399
13404963.976773147
13394853.6465769
13382950.312993187
13369864.5259172
13354458.369899806
13337152.396175591
13317476.966199253
13294793.494300665
13266144.984380174
13232131.087646106
13189689.758762149
13139860.659973258
13077982.871825624
13006850.778659152
12916185.338913441
12880711.756756144
12715084.805348737
12456953.325207178
12150432.746667778
11808826.455744527
11417035.94425883
10755963.994826596
9937327.6570620742
8576220.8918302637
13508186.715568697
13508147.446102574
13507954.79019789
13508005.054114301
13507576.463963775
13507408.537499513
13507198.294150332
13506861.472834684
13506778.647569014
13506122.351589665
13506226.143643226
13505815.249455946
13505679.547520325
13505366.98730211
13505121.611448854
13504838.062067743
13504545.009407882
13504270.588345116
13503962.505394781
13503712.422271021
13503395.453388928
13503126.076350978
13502793.518523008
13502503.265556719
13502149.79903936
13501834.661975307
13501456.408872094
13501111.822039085
13500703.264985669
13500323.894311178
13499878.932412021
13499459.397256721
13498970.785970921
13498503.465234514
13497962.221485954
13497438.714105768
13496835.407416569
13496244.730837906
13495567.551628454
13494896.823235363
13494130.795434102
13493365.410569759
13492490.190366816
13491616.749964375
13490604.453209249
13489605.041541534
13488427.415509611
13487272.166566398
13485897.888092123
13484552.12419796
13482938.967453592
13481362.585554138
13479454.107067121
13477595.292842112
13475327.66069196
13473113.277504245
13470405.780262969
13467746.018106688
13464491.398767954
13461268.983740851
13457328.387360593
13453388.835907899
13448582.655387504
13443711.285753697
13437807.293329129
13431716.2458623
13424389.206922099
13416685.081314983
13407495.861318331
13397631.303793482
13385930.425783705
13373152.598436475
13358021.6607648
13341115.828734649
13321778.50139533
13299614.371257368
13271502.812992701
13238290.582621209
13196642.0378887
13148082.646273416
13087331.556748901
13018317.873640656
12929499.216885034
12894055.812336983
12736302.643384311
12481978.138711249
12172994.913556786
11822133.61221355
11413801.668391658
10745441.519332534
9919931.1653125007
8429104.4970073551
13508567.890135916
13508636.188388016
13508345.741619822
13508494.626764409
13508032.42037301
13507834.747268451
13507598.369411038
13507211.41858907
13507099.664520711
13506434.195095079
13506537.475799538
13506145.613091163
13506001.900086951
13505710.917411212
13505464.270259881
13505200.430688279
13504911.144808443
13504655.844071407
13504354.793595184
13504124.099293953
13503819.474240707
13503566.754210671
13503251.54849394
13502977.658120945
13502643.842961451
13502345.031801024
13501988.062652815
13501661.245071562
13501273.998186132
13500914.370788991
13500490.3000232
13500093.042558089
13499623.530767474
13499182.939683048
13498657.60843474
13498165.369734943
13497574.234620381
13497020.8972746
13496352.36272043
13495723.797624113
13494963.325921711
13494245.02643241
13493374.338269006
13492551.917925293
13491542.421490923
13490599.084126264
13489423.583091065
13488330.289636493
13486957.658505974
13485680.180632742
13484067.780752437
13482568.022399914
13480660.232220128
13478888.369139111
13476622.570924012
13474505.405754793
13471802.475907033
13469252.145227656
13466007.662913729
13462908.333259689
13458987.319172909
13455186.408545164
13450413.290973883
13445699.443448428
13439848.126199121
13433937.946425248
13426690.216304528
13419198.294550428
13410123.905127607
13400513.221024686
13388976.559059599
13376511.969062474
13361613.167003322
13345103.136842944
13326053.191018507
13304383.31240622
13276742.75175388
13244288.498471562
13203356.339271151
13155996.490674566
13096326.155683855
13029324.432264313
12942253.842216985
12907009.463345153
12757684.974419992
12508271.326017344
12194864.055195451
11831852.841530453
11406379.259362943
10737245.837476265
9910053.586806301
8276395.470189211
13508929.839537498
13508861.601258624
13508607.055076558
13508862.893157139
13508430.842077145
13508185.228716198
13507963.462103145
13507545.891589899
13507508.721217398
13506820.775201026
13506972.682967044
13506608.223229812
13506489.596645078
13506234.54478858
13506012.004403859
13505783.849535931
13505516.938734591
13505297.420400156
13505013.445560832
13504822.424943242
13504530.989169424
13504321.973055067
13504013.478265028
13503785.964484874
13503455.242836261
13503203.050580323
13502847.281675439
13502566.195184648
13502178.503365321
13501863.277585458
13501437.057630459
13501084.158004137
13500611.247055808
13500213.250840995
13499684.049979446
13499233.64261682
13498638.77284025
13498124.913808836
13497453.5951501
13496863.968953839
13496100.998674778
13495421.146484859
13494546.604814172
13493765.624163039
13492752.512555284
13491851.251164125
13490672.257592965
13489623.331766386
13488248.127878051
13487019.674120853
13485404.304207964
13483959.604238311
13482048.954241993
13480338.528444527
13478072.136615615
13476025.358557476
13473324.562885348
13470855.158248356
13467617.417933723
13464611.162005037
13460704.513812201
13457010.908270523
13452266.082179632
13447673.513708692
13441873.325088976
13436100.102952939
13428936.390060553
13421599.472564412
13412656.351565456
13403226.291616645
13391883.938160935
13379631.246176925
13365005.015713295
13348777.043917216
13330059.989139132
13308760.461388459
13281638.113062542
13249820.271741096
13209616.107005745
13163341.671754241
13104714.347759014
13039637.97982187
12954253.919019487
12919047.879397403
12778903.519384541
12535073.192272414
12218075.626590684
11844266.463979235
11399375.299039399
10724684.404160408
9891859.4162880946
8110054.4670403143
13509947.745571885
13510874.846699309
13509893.806317659
13510352.888237553
13510029.60492005
13509674.138492268
13509358.82349916
13508778.722691968
13508543.79865858
13507878.513821753
13508018.181545449
13507717.429455413
13507570.27107838
13507372.899070183
13507124.692014089
13506948.925870493
13506657.063287742
13506488.544613073
13506181.186323438
13506036.732107047
13505722.235615812
13505559.027865924
13505227.925804753
13505048.253910674
13504691.119864749
13504489.863361955
13504102.687738379
13503878.668353284
13503454.186421664
13503201.824726062
13502732.153938537
13502448.230341099
13501926.243685793
13501605.044054015
13501018.21108686
13500653.160097171
13499992.164134188
13499574.639605897
13498826.999714907
13498344.992319044
13497495.958288565
13496935.53435418
13495967.40121942
13495315.294961447
13494201.697238309
13493441.902967118
13492154.927580474
13491260.959718715
13489768.90349203
13488711.052109942
13486972.822693521
13485713.024006031
13483676.30160909
13482165.535977438
13479769.94309698
13477938.722045001
13475109.059150435
13472870.66533952
13469509.818104038
13466747.999611072
13462731.53390553
13459293.38297119
13454457.147698214
13450137.178522285
13444263.649613583
13438788.20170917
13431574.048182933
13424571.036838267
13415600.617909355
13406552.679017011
13395215.697741807
13383432.954451524
13368872.501986647
13353192.054318232
13334571.219236445
13313882.916931154
13287021.113356285
13256026.954267176
13216323.648858925
13171239.70833334
13113462.922084911
13050375.233593414
12966530.589154098
12931046.027603827
12800182.855286662
12562828.883960325
12243049.178989276
11857529.64195466
11392607.715432581
10707833.508628786
9855658.0544032212
7943877.5458760895
13512268.055190662
13512399.554012906
13511352.198020078
13512243.366726056
13511947.493282171
13511348.073358791
13510964.55553701
13510378.54826067
13510446.773841375
13509805.192670953
13510059.664451921
13509736.333262941
13509651.803335156
13509443.373922359
13509262.23166132
13509063.124719275
13508838.652701735
13508636.233648391
13508394.447277354
13508208.307191579
13507957.529145421
13507744.908366654
13507474.482318314
13507238.715945104
13506943.051878074
13506679.239650369
13506353.954861997
13506059.138535788
13505698.652169865
13505368.791307611
13504966.556454832
13504597.734237172
13504146.48212887
13503732.37726943
13503222.269622186
13502755.282919344
13502177.944343723
13501647.867653519
13500992.012638111
13500386.888061622
13499638.637166413
13498945.525656253
13498084.61881985
13497291.077065041
13496293.980387606
13495380.83910637
13494223.127280757
13493162.751611887
13491815.781577654
13490575.60508031
13488998.69337278
13487542.184797863
13485685.280568227
13483959.235790608
13481768.808124712
13479700.142745076
13477104.067897623
13474604.16220043
13471509.027761819
13468459.711390872
13464744.738345049
13460992.156353606
13456499.894767379
13451830.563716464
13446358.669220727
13440489.882994346
13433747.691344168
13426301.928597497
13417892.022851074
13408362.358512502
13397687.919260163
13385358.832618341
13371565.025407363
13355327.914163481
13337528.888515886
13316345.344279721
13290497.491292452
13259254.177575435
13220650.559363544
13175731.322612908
13119170.93284264
13057121.35307898
12974797.989093684
12939258.609808529
12817125.012067918
12585617.435877098
12264892.145603271
11868649.201230813
11385957.640823908
10694559.935442694
9826873.3776048515
7802809.705041403
13519517.525345171
13530532.965596635
13520103.555697642
13520278.457845639
13521416.361170053
13520356.147860335
13518842.888805719
13516434.779304048
13515004.406235578
13514182.085118338
13514581.193435695
13514254.796662759
13514053.072202537
13513783.058136597
13513484.508435117
13513221.205229735
13512889.103813166
13512631.665888485
13512288.919530211
13512043.54379103
13511689.69423859
13511422.579379121
13511052.418080488
13510766.931973917
13510373.906553987
13510065.683508432
13509645.92641077
13509313.33007242
13508861.595231121
13508500.611174721
13508010.37527396
13507617.596831337
13507082.053687925
13506651.724429833
13506060.341799304
13505584.397021884
13504927.919167161
13504396.481796645
13503663.014563534
13503063.496826459
13502238.080417829
13501556.912370237
13500620.3024217
13499845.013653673
13498773.222433817
13497885.947554752
13496654.523840105
13495629.058665089
13494209.262603322
13493015.972642543
13491368.427112496
13489971.558317089
13488047.126853261
13486396.969313845
13484140.845560016
13482168.202910805
13479507.918162063
13477127.517789047
13473969.221367594
13471067.361215046
13467289.482109549
13463717.502161471
13459161.55605456
13454715.718330825
13449175.171428032
13443586.097966392
13436769.01922296
13429673.571766535
13421182.806013575
13412078.11193913
13401328.654385822
13389533.678979216
13375693.729042949
13360135.910453361
13342223.676067201
13321753.760523383
13295898.295970611
13265699.145474572
13227440.960042415
13184068.003214363
13128606.963411056
13069218.331942378
12989693.85749203
12953544.734351581
12850619.159211647
12643483.654960394
12332479.25761467
11919597.665096268
11400563.672005448
10704989.30317083
9862443.6630053148
7466610.9544733027
9839085.7522753719
9243429.7488579657
8573422.0035839304
7909483.9186085323
7282815.2902709991
6665451.0212593274
6082353.3869736912
5545704.6413596123
5036599.2650281666
4550647.5401678504
4106216.736627873
3718500.3584865476
3371590.0817066794
3054382.4778056396
2778974.909199289
2547682.7988037602
2348879.6907751551
2174050.2956519411
2025639.5671224322
1901638.3749192841
1800497.9584705618
1712729.2053389128
1638726.5495459773
1573837.6397690913
1514529.6067861246
1456663.414530044
1402988.9269459976
1350984.9964364269
1298694.417217823
1242508.9374064768
1187105.8946080832
1133268.9507429176
1077050.1036362033
1020484.3374086143
966139.03069457901
912528.90179693035
859524.08144390117
808519.64234247571
760524.98221959791
728629.66454271844
9732848.5812002122
9165479.8142846264
8537331.5507349968
7916054.6683527529
7334461.3099075202
6765768.7340781484
6229944.2619710071
5733372.8636516957
5260544.2585795503
4811682.3507451983
4391605.2192302058
4012968.4578112247
3681367.8431047476
3382107.8137233835
3104941.0954375537
2858167.8590319166
2648396.5478138868
2468839.9755253424
2312872.1621325547
2167490.4166346374
2040655.3783505901
1933964.3140216188
1841647.1880676355
1761479.3583949255
1688229.3774110379
1614293.2281823242
1549076.0275802431
1488370.9979945861
1430854.4519994305
1372388.3806762206
1313446.1899093601
1258324.0802653267
1202911.1578714272
1146961.8426375019
1092346.8124722596
1039032.7804951775
986989.96930101025
935681.94506835204
886987.53771197819
838960.55415478547
9696031.3440504279
9123082.9411632344
8491088.5049364362
7867206.9440093562
7288081.4865646362
6728073.1105793547
6193352.0295179868
5693182.8369575143
5229258.5477230437
4794731.5336341802
4378174.6114908718
4000590.8122462397
3675804.9171828446
3387265.4015349015
3118795.7791929375
2874428.1347510456
2665727.7789380881
2488081.013013972
2334029.556458449
2189360.7158547416
2060601.173081208
1952769.8813078846
1859964.7651008028
1778216.4993802132
1695415.98871241
1621946.3822536357
1556673.1952947199
1496139.1468265238
1433628.3002613136
1371812.2496655446
1315073.3894659248
1260232.4241489
1202246.5218784581
1147513.5669708734
1094329.8306191433
1040574.1720072466
988960.14845563995
938828.05169512588
891540.67235524242
848959.09332579793
9637620.0360982548
9053479.0096159521
8417657.428254934
7804434.8665329656
7229204.0778469695
6665130.4526279932
6145579.7339912942
5664053.8403764265
5201192.1649018619
4766840.8570621517
4363696.4056969462
4004417.0347606931
3690826.1691737282
3403534.9585358873
3137489.994480581
2906176.4485755311
2710708.1600998458
2540136.8327056277
2380596.7135099489
2236197.456666111
2112543.7304683169
2006311.8918784466
1914358.2377726282
1827662.3837510657
1740999.0865382776
1664204.1533521966
1594497.4158143476
1530476.2734573786
1466215.7794001868
1400459.2959860279
1340650.9784481463
1283462.9344070491
1225340.3088131817
1168550.8727051567
1114023.7994689767
1060139.9550710379
1007877.6816093326
957168.08167114784
909981.35747178737
866736.724705528
9577599.8352345638
8981340.6593705267
8331988.3517934997
7712329.1165871834
7150878.2855013004
6592038.2902149959
6058596.3072179016
5584990.0430591581
5143184.592758853
4715220.0006334148
4311932.7290561786
3963055.0992536391
3664372.4483213844
3391256.7808748605
3134895.7506782496
2909880.4795369883
2719887.5295591252
2556187.4388170736
2405990.4650943154
2263265.3891417691
2139713.9576629442
2032926.1999707893
1939301.0601364439
1850771.7028961917
1761209.5231987573
1681355.4446970166
1608833.1961094786
1541645.819720916
1472442.3186718125
1405030.1157398201
1343910.3063041326
1284256.8025680317
1224403.2660793012
1167357.8610754437
1112077.4373271395
1057601.1463285994
1005458.2958486662
954980.71682165214
908539.33177605015
866359.81304506515
9506382.6388802063
8887456.9536234494
8236672.4983772598
7619676.3785473732
7045302.4097482003
6489384.0888359305
5977169.4967659833
5502575.7357936259
5058915.8077409538
4645780.0147701763
4259646.7309375508
3922740.2462531235
3634711.8333670781
3370022.3637797008
3125269.3666233663
2913549.0145180542
2734146.4780919529
2576645.9463083963
2426005.6777879414
2288298.7828896428
2168015.9149371204
2062251.4287527101
1968288.6551433578
1874664.9429669427
1782846.5078144555
1700663.1327942684
1625393.9925223098
1555231.5168729452
1481407.8532355684
1412387.5414433777
1349261.0781570023
1288278.1396161027
1225985.4729551421
1168890.6570432568
1113296.2198871805
1057443.7260250207
1005531.2842303126
955524.1315645756
909174.58217680512
867156.43871759879
9432358.8100523837
8791069.8359402716
8116001.2872560397
7508650.7686276631
6949748.1358484197
6379383.4975627298
5859316.396046103
5410739.1329991249
4981978.1246985672
4567750.5052269744
4191799.5575154331
3873100.9804785578
3599499.6278602816
3348862.4473196222
3115396.9934401261
2913330.6199637526
2740898.3859204282
2590007.1172481449
2447643.3560713781
2311341.3661932587
2191573.5821186127
2084995.9380358974
1988568.8093540913
1893347.6300866399
1798403.0527900388
1713356.3684047291
1635179.8719655909
1561682.4609353198
1484668.7985602496
1414041.1421271709
1349346.3820755221
1285988.1346728022
1223176.0186382015
1164597.3513049691
1108875.0424860911
1052863.3494397926
1000395.3521072157
950525.80647064222
904946.75125273224
863565.67448508053
9343259.4958358295
8686490.7721807454
8003320.7957003154
7378006.8602643451
6822851.4784789477
6272136.3693339545
5754060.4316641632
5298359.4643646954
4882672.8639692776
4495334.8910917016
4130282.6427154178
3821594.9234797601
3562635.7364113638
3328221.0377785033
3108101.767993995
2915279.2734223069
2750002.2170622637
2603419.9774941537
2467336.1706708772
2332617.4835077096
2212926.764614624
2105169.5115344482
2005758.0607979279
1908897.2946411008
1810809.4008941164
1723045.7314570118
1642541.2890203311
1565754.010356837
1485968.1169088606
1415177.8730454315
1348243.4840458443
1282559.4089338044
1219806.9096983522
1160236.2468212431
1104029.0852130323
1047831.7046733183
995367.1975056415
945718.8293621873
900560.10164919845
859610.0557167175
9250290.9234283641
8560992.7902346868
7879962.8222534154
7259898.8254107768
6687144.678285569
6142253.0784655306
5644603.0755727598
5192694.3804466128
4786910.5647744434
4416200.5799519978
4068587.8102269983
3773666.4661739054
3528719.8456796021
3309891.4513553493
3102592.4093089546
2918883.9255044092
2760383.8519034716
2618245.3066084059
2484886.1405620645
2350502.4929309716
2230166.5136010638
2121734.9775272897
2021007.0317603808
1918591.2202034947
1818732.680060619
1730195.0869052596
1648487.7274153391
1565269.1108150885
1485096.891775528
1413746.0894151405
1345520.7780942181
1277290.3375712193
1215161.6419413874
1155231.5326374813
1097556.610465348
1041573.1509851841
989688.20819437481
939644.86122814461
894897.10150821484
854692.65687429719
9156373.9581002314
8437976.6507881545
7730446.2313981382
7132359.4123892318
6565816.3985114461
6005703.1537815602
5520294.5246545644
5092130.3349151211
4695770.6965356348
4335418.7757612457
4007787.7443455667
3733528.3977882322
3505785.4543271782
3295452.3651697915
3097772.6402751198
2924159.7683541481
2773377.6395775392
2636009.353879761
2496802.517590336
2364405.5159636131
2245481.5049995538
2137275.5331013189
2032142.0181810288
1923911.9198178714
1824163.0771663943
1734161.8625616047
1650487.8802258412
1564314.4468616075
1483485.762124571
1410597.0117542257
1341707.3656826131
1272264.116928888
1209450.6754334897
1149564.7420177946
1091589.3940051447
1035012.6758560063
983426.15143208392
933635.88279204699
889167.53225169657
849520.83306893497
9046834.5808645207
8316445.7061396996
7590843.8076443244
6977835.3449254343
6439366.237554186
5881923.7743671853
5391888.3949100263
4988461.1647743639
4611240.2489211727
4261375.7489696462
3952668.0138023058
3700171.6326791551
3485379.5681427596
3283891.6635643952
3097310.8428460355
2932788.8551056846
2786223.0325662489
2649001.423567147
2509501.9344286867
2377370.87000007
2256592.0436916319
2146112.8600446084
2038342.9783380935
1929065.689172586
1827202.2636145921
1734855.6192609002
1649930.2433975132
1563446.0517941909
1480290.5545146547
1405347.8200281241
1336446.5948194072
1268279.9517352371
1203142.2394370853
1143056.6455419613
1085679.3131705383
1028745.9129216755
976763.4714465749
927456.04842362634
883504.65955612389
844236.83921290189
8928672.5602454077
8176580.0977172311
7454119.5693341391
6836661.069860437
6293665.3163762027
5755826.8423298663
5274680.2633259753
4884001.6907901848
4528384.3951646918
4196981.6786299692
3906814.2813003338
3671281.2152692978
3469951.2828337243
3279790.3090343173
3101314.2581292689
2941104.5559194246
2796319.6554448674
2659633.3223778335
2520713.1432046634
2387195.067069984
2263749.5541942813
2150278.1431835019
2043458.4181055208
1932546.0312471103
1828081.6226619682
1732971.1263015585
1645643.1954385766
1562304.3214060029
1477022.7379923388
1400767.3653619133
1330646.3778716796
1262260.3108300467
1197561.0652353321
1136598.2426867581
1079019.7852961752
1022470.2153465834
970588.18280902784
921221.44912917633
877736.54678522761
839032.3221548812
8812180.7488614079
8032225.288411743
7300519.3664352857
6697033.1035926472
6159583.5224079201
5623749.8026808556
5161664.0732889427
4790565.6100422805
4450089.0808294313
4138319.7556140446
3869060.4176298827
3648398.8111004536
3458174.3544015461
3279696.521724036
3107585.5708459136
2949258.7356839934
2803554.8768630349
2666685.8349759849
2530774.6403809907
2394766.3486986766
2268616.847919865
2151934.6229887805
2042647.0924303697
1934564.0339982603
1827598.5027995366
1731123.2234574663
1642133.9471569597
1558208.4803000807
1472327.7671453108
1395775.0039117862
1325403.2278402806
1256188.4189688191
1191478.9426570281
1130333.8380299958
1072820.5101979729
1016247.9933240305
964489.84992698673
915311.79402668192
872269.02902518457
834090.47827833984
8685856.082391765
7894716.5908880476
7147069.4287561616
6545963.4849429093
6027054.4399417806
5502729.7940953253
5052922.3045752523
4698388.899846795
4379549.7685409598
4092539.5021336614
3840000.8149838452
3631515.3487633555
3449930.6112663671
3282389.3739733701
3114437.2701521311
2957161.615317008
2810300.1101585766
2670531.1452188785
2536357.0018347288
2398633.4509271863
2271015.5984882517
2152972.0088487077
2041658.778922817
1933176.7429563641
1825022.3766099457
1727733.2455309131
1638211.9570148333
1553699.9414580804
1467236.5970220871
1390485.1311927887
1319663.45742249
1250129.5658683742
1185542.4326555764
1124368.6076972471
1066610.2985855124
1010086.7746271294
958815.16833774187
909650.54393250064
866827.17882632278
829439.3123998954
8550556.699466465
7746886.7055544602
7005469.0795259187
6395604.8560276479
5884148.870766595
5387194.3118571648
4955252.6913124202
4613556.7002456672
4316267.1430276595
4052316.8521182449
3818069.1176177827
3621089.5169133795
3447435.6129944269
3283736.5983119309
3119218.21099668
2962359.8371846122
2814661.9429688687
2674033.128420942
2538662.762232909
2399662.9010778074
2270700.5016840808
2151684.6233154889
2040049.350903135
1930197.4198638892
1821340.5614330808
1723563.1078017901
1633843.6853684452
1548581.6064531251
1461763.0644231052
1385222.4962133376
1313912.5614790444
1243984.8423887305
1179992.4275791708
1118594.607945902
1060632.8282447204
1004418.1627260667
953353.52149819117
904236.42593378539
861810.45007427328
825320.48819215328
8413130.8531992603
7593027.9908262696
6855975.8722962923
6258637.5688508591
5751587.9082330614
5266488.1356323874
4868402.8944595354
4540295.7115144217
4261340.2484169677
4019848.490692162
3802568.0394245889
3614971.4311607601
3447880.094257609
3284830.4292148361
3122307.7880805507
2965456.6083395798
2817283.1414784533
2677162.9349187659
2537820.0880931094
2398199.3903697385
2268564.2343834182
2149365.843542513
2038315.601384901
1925119.6727745598
1816807.1304997609
1719002.3760809449
1629288.1895298213
1543017.4173207702
1456304.4049517263
1379704.0186679559
1308443.4452714613
1238033.6787532468
1174294.2609787048
1113217.4517930101
1054914.635866829
998838.01232023572
948226.81190320291
899130.02352580661
856905.49266939762
821758.92485454364
8271948.1212451123
7436597.2679073177
6703866.2113910904
6123779.5716707576
5626797.1110822381
5157399.5857848842
4781354.5358024528
4478742.8372046137
4215914.8971962966
3993289.1617519432
3793385.3847422679
3611830.2015679739
3447830.9858763255
3286108.5290189497
3123697.7645365023
2967125.5371901365
2818650.1891167155
2676384.0236158352
2534599.7066293266
2395523.7550569205
2265865.2883501938
2146475.4505387438
2034300.0278809736
1919887.7167048268
1812199.4258827311
1714233.46884474
1624163.3763248639
1537488.9011236427
1451016.6573336679
1374508.2509520678
1302782.0873199473
1232589.7439190364
1168934.9021931118
1107972.4946061373
1049705.7645415661
993659.63816943823
943391.67458408826
894393.46674207784
852396.41212938412
819024.90556143026
8134328.1646514982
7277431.4426104128
6551556.1934536379
5991233.2162901275
5510441.8296970874
5057494.6669841567
4702640.0899390671
4424788.4819295984
4181393.9261003835
3972446.8694401458
3786317.8585303677
3613374.6518194536
3445305.7753239912
3285613.9338652538
3125902.6967089567
2967125.6313272123
2815764.0063149314
2673122.3132035509
2532222.825487087
2392656.1750239609
2261546.9923643009
2141039.2732920935
2028444.1383959104
1915798.5813595655
1807384.6123164864
1709102.3426892632
1618324.7736741633
1531636.2284628625
1445535.251827236
1369535.459408473
1296819.7070350046
1227020.7668313452
1163658.1677824275
1102757.9700634209
1044566.0289849407
988680.3758183904
938671.28239930316
889768.06387387274
848015.88204006839
817395.11056689068
7990602.4766592328
7126373.5715376707
6400803.5296759922
5862098.7079528309
5401603.1043390818
4964031.0034127822
4633112.2378298277
4377776.7217367068
4154341.2765441528
3959317.2022167174
3780016.4413815485
3613787.0309887109
3445777.293608448
3281874.6806707392
3123254.9960233686
2968139.8803577488
2812397.6032686145
2667743.6575241047
2528093.6093221237
2388674.5644894638
2257276.6716311942
2136566.806302587
2022529.1272181096
1910015.555023897
1801878.88574039
1704055.4248350558
1613475.5067679358
1525413.4240323082
1440143.2961231817
1364553.7541675412
1291265.3010627024
1221937.8319350337
1158765.7152087563
1097848.5627264385
1039892.6006075817
984223.07441386348
934422.21272682841
885401.68889922404
844045.48270712269
817229.9990532248
7840415.1084914189
6974624.5677344734
6258713.6601180201
5738467.194382485
5299211.1215775544
4879308.7946401592
4570458.2215399938
4338365.3250214588
4133577.1826001918
3950032.7363284621
3777155.21677848
3611703.7651509033
3443492.0375415301
3279705.0015495517
3119293.0066412068
2964682.8494589184
2808505.9265316292
2662070.2386590103
2521970.2390884077
2383714.8989395644
2251625.3558800118
2131027.6331964629
2017045.2682753108
1903493.8643706418
1795887.2107078121
1698539.0380108429
1608543.151605641
1518158.7241540975
1434941.6056924865
1359377.6660344279
1285244.0894870078
1216760.8921676928
1153579.4125155094
1092962.4921456885
1035095.095547409
979550.47523534438
929909.1554830356
880987.85253295698
839913.14692371094
820297.78686201258
7684601.5575690316
6819429.7498181071
6126548.1507617254
5620694.0260772109
5202133.941274208
4804000.223840666
4517645.3073759815
4306071.9324757326
4118738.379037715
3943222.8168464927
3774180.7437745258
3609038.9749104427
3439850.7218928491
3275543.9942264957
3114896.4335058443
2959725.930585538
2803081.1596733709
2656719.0327745196
2516438.401240408
2377394.3858425212
2245893.7032789611
2125868.6610319456
2011476.8010106487
1896511.2658481766
1790071.6004594758
1693986.6630661194
1602764.1731885008
1512099.335162513
1430373.6364186464
1354172.6198341423
1280177.9307193803
1212089.0598774031
1149312.8158009695
1088352.6772470232
1030986.8474278585
975768.76387971081
926166.77331570722
876884.1223620096
836565.39940860413
825677.5892152359
7532773.4477863098
6660203.6383025181
5999383.7021830855
5518958.5053644031
5108787.877420024
4728719.5367114656
4471343.4733158061
4282696.7599576516
4108355.3821806926
3938327.592915698
3770588.7347467113
3604162.3530434403
3433898.1124509219
3269195.587372629
3108574.7350041084
2953378.9744031574
2794944.8658604138
2649473.2080960209
2509997.9813197954
2368521.2711482397
2238544.0562675511
2120121.4573422745
2003307.5404038092
1888164.7333594311
1784537.5202505449
1687411.037592256
1594980.8638669215
1505696.2827870375
1424479.0289547909
1347194.1618142046
1274828.16045768
1206067.2542642227
1143636.777807931
1082764.0881756463
1026465.187624576
969891.13254180225
921768.53782373213
871189.46170553146
832987.74473722442
832265.30034357263
7378019.9853843022
6494353.1450390816
5871890.5917336671
5422928.2990006264
5028113.6009029625
4671912.679360332
4431967.3558473811
4262195.884608401
4099260.2022067634
3932804.3495188886
3765612.5090812901
3598383.8331379276
3427127.1991211232
3262639.4222396147
3102953.7341332352
2942138.1808960279
2789276.328124613
2643184.0933782966
2499185.8851548685
2362252.3808379578
2234778.8215340767
2112267.224738278
1995009.9834086392
1883375.6948238094
1779666.6162172486
1681450.3059347924
1588576.3795382085
1500573.4889757689
1420227.8423386985
1342671.0319413177
1269565.3481902375
1202020.887390611
1140072.7574178495
1078568.5909567052
1022626.4097492651
966760.16765213315
918437.25895635714
867438.94499913673
829050.29534110439
844051.07322566083
7232870.6986672599
6358208.3969244398
5766525.6782265101
5332104.2584030023
4940377.0012895083
4591902.4002012834
4395846.0069830976
4248850.3727135714
4092138.8117108354
3926556.9529388165
3758559.6818066724
3589138.6684136479
3417661.7844497939
3252985.6201018766
3091618.2555304007
2932420.3455834482
2777988.4803812732
2631037.6741109323
2489788.7819626899
2351777.3413546663
2222709.4774035951
2101760.765172
1986200.9167534132
1873245.247476198
1768708.4775182093
1671414.2884179936
1580529.0350487418
1491959.571797644
1410621.3664296782
1333412.6238136105
1261985.6489147565
1194151.7294190796
1131891.6475883364
1071225.167483299
1015444.3391217694
959366.54875825462
911459.20461008104
858791.72305183997
826516.2971062758
861555.99665783707
7058709.8433961496
6160272.8154106988
5634255.5559386211
5232648.9014302986
4846165.1061330531
4541180.9492423022
4370765.1055650385
4232570.4402428474
4079518.443769251
3914892.2495667227
3745961.7874499927
3575853.1053529512
3404456.6476823045
3240090.4000841863
3079204.9990427699
2919671.9384935284
2766529.4179241303
2619596.5511283334
2478016.6647823495
2340790.4935971363
2212869.1438851231
2091345.9638940953
1975752.165311825
1863417.790287524
1760115.0439264143
1662543.7925604386
1571625.4116244004
1483463.7979411066
1403113.8848452815
1325783.1928740155
1254861.1883489147
1187082.9717981068
1125238.9757755401
1064566.238685606
1009312.238450303
953593.99729281373
905682.96341627673
851542.37054302217
825682.51904444897
884989.54126972915
6897759.0410417896
6021195.4934352934
5550009.2160585858
5156612.0750378706
4771238.4523724848
4491754.1703349994
4343164.8313067826
4212830.1643879404
4062219.6605551895
3897863.8839289621
3728454.266228389
3557690.3057977343
3386535.6674469737
3222983.417031785
3062794.7345104674
2903999.2211239571
2751785.7918246435
2604961.910412482
2463644.637329034
2327311.4461710854
2200103.628113084
2078523.991696066
1963457.3506275667
1851737.3708586493
1748761.5170390327
1651253.7454863773
1560994.812834566
1473240.1914664581
1392943.8729982185
1315707.7817938251
1245238.335149762
1177749.6108548329
1116039.8838425335
1055512.9078362344
1000215.0861770886
944696.72013748647
896698.95861950063
841759.60567118775
825798.23633544054
913034.39676775911
6763464.2644543583
5892837.2713793376
5472613.4095452083
5084844.5143907303
4695152.8142141365
4449089.7808298832
4326223.5241981987
4201742.0792147471
4051998.9246370029
3887148.6060109027
3716560.8596872138
3545099.8930721115
3374235.1428757953
3211305.1719520767
3051317.6720087556
2891882.2619623835
2738678.4725366686
2591249.4576665685
2449660.1538954
2312764.7129294151
2184553.5642659734
2062846.1353090559
1947350.2848314624
1834528.7452430432
1730736.6931652231
1633500.8469487748
1542668.017669599
1453844.0189131587
1373059.1515272018
1295661.8657102499
1224707.0867743713
1156455.6512999004
1094119.7987010556
1033179.61215657
977494.93554247229
921703.54421131406
872737.53727394715
815181.78855435946
815742.5957449954
940623.13861641253
6472604.5909166681
5639559.7476975173
5366473.1873196485
4956814.2756126076
4565885.327014938
4391074.4654572178
4314675.5162971523
4190058.6654439569
4028378.9855721025
3851975.0242735464
3670519.8417980112
3485650.799787832
3303919.5725005027
3133047.1428249283
2965327.9411035958
2798922.2101287004
2640434.4903091192
2488362.342188302
2343035.1095238337
2202963.9137163339
2072627.8598720555
1948750.352145643
1831460.317207085
1716746.5786378887
1612682.1799011216
1514475.5899208882
1422998.951429242
1333221.1144587735
1252724.36841252
1174870.0439904637
1104145.1287513266
1035499.5985403237
973650.41175722284
912661.84734490013
857808.9563479498
801835.35224877461
753547.64950617298
695703.0608935497
717758.62996265641
938478.80617096589
)
;

boundaryField
{
    inlet
    {
        type            calculated;
        value           uniform 13500000;
    }
    outlet
    {
        type            calculated;
        value           uniform 13500000;
    }
    fluid_to_graphite
    {
        type            calculated;
        value           uniform 13500000;
    }
    wedgeBack
    {
        type            wedge;
    }
    wedgeFront
    {
        type            wedge;
    }
    defaultFaces
    {
        type            empty;
    }
}


                                                                               
