                                                                               
                             
                                                                   
                                                            
                                          
                             
                                                                               
FoamFile
{
    format      ascii;
    class       volScalarField;
    location    "1.0049999999999706/fluid";
    object      T;
}
                                                                               

dimensions      [0 0 0 1 0 0 0];

internalField   nonuniform List<scalar> 
4592
(
3199.8922023925038
3199.8858991677494
3199.8886812243518
3199.8904850734239
3199.8930366650425
3199.8934820826553
3199.894367711398
3199.8957669644842
3199.8990619438523
3199.9024673227464
3199.9048459654045
3199.9051138236637
3199.9037446491102
3199.9018681773969
3199.9012743920275
3199.9026144411637
3199.9057805669818
3199.9100219336133
3199.9139345118278
3199.9164951026664
3199.9171156811158
3199.9155397691466
3199.9118667273415
3199.907226495799
3199.9023584873507
3199.8975944349713
3199.8936883128381
3199.8912542005405
3199.8897312603854
3199.8895805554275
3199.8901258181372
3199.8911748531259
3199.8912167700205
3199.8845346896592
3199.8868697737566
3199.8880977329945
3199.8903414748838
3199.8906805757188
3199.8911428669539
3199.8916941726225
3199.8940792189801
3199.8968553779746
3199.8991140210205
3199.8994984772021
3199.8980635715297
3199.8954677106663
3199.8936102780385
3199.8933418785909
3199.8949596961297
3199.8978966914251
3199.9011749645802
3199.9035764355326
3199.9044974629128
3199.9034773533444
3199.9001928231464
3199.8956874656778
3199.8905707415579
3199.8847054163357
3199.8789965144483
3199.8745834089632
3199.8708553002439
3199.8682096745074
3199.8667524054231
3199.8654250534778
3199.8920681055565
3199.885608500424
3199.8881225142036
3199.8895328773006
3199.8919240193441
3199.8923751998582
3199.893072850401
3199.8939785391626
3199.896702435527
3199.8997580676896
3199.9021024424123
3199.9024601265687
3199.9010347058311
3199.8986558605734
3199.8972995768181
3199.8977449715899
3199.9000598921848
3199.9035816178289
3199.9070718310059
3199.9094244530274
3199.9100989296203
3199.9087052868085
3199.9050315964396
3199.9004776666729
3199.8955593334908
3199.8899178693059
3199.8847319283705
3199.8812318550963
3199.8781657325171
3199.8764828816529
3199.8758655937145
3199.8751545856539
3199.8921039549341
3199.8855873122807
3199.8881334125622
3199.8895303670984
3199.8919711341964
3199.8924877111372
3199.8932648815385
3199.8942679082234
3199.8971067190528
3199.9003299563474
3199.9028017569844
3199.9032452148331
3199.9019363372686
3199.8997797676429
3199.8987129909797
3199.8995425273747
3199.9022423811339
3199.9060959735393
3199.9097750851925
3199.9122531040211
3199.9129532959
3199.9115867665696
3199.9079856522217
3199.903589459992
3199.8989326842207
3199.8935817341689
3199.8889307643935
3199.8861465498153
3199.8835578975827
3199.8827165510238
3199.882764344658
3199.8827583422444
3199.8930006493947
3199.8866404132041
3199.8894172847017
3199.8909928448397
3199.8936230488293
3199.8942741515334
3199.8953175458341
3199.896747294973
3199.9001072402821
3199.9036904478303
3199.9062531253321
3199.9066447006544
3199.905397989482
3199.9038235442135
3199.9036614033516
3199.9055053339957
3199.9091791138771
3199.9136849457136
3199.9175851002533
3199.9200432042931
3199.9204672289343
3199.9187719063966
3199.9151195401573
3199.910824137191
3199.9064895869874
3199.9018817151064
3199.8985379536598
3199.8972043725603
3199.8960275509544
3199.8969896006647
3199.8985041632463
3199.9001054613832
3199.8933599483362
3199.8870064706011
3199.8899457479929
3199.8915831164381
3199.8943895827733
3199.8951749472772
3199.8964175812262
3199.898150814468
3199.9019181288681
3199.9058041744356
3199.9085209038385
3199.9090198221925
3199.9079799521101
3199.9069686235507
3199.9076195424736
3199.910217431519
3199.9146280292225
3199.9196406465094
3199.9238140216503
3199.9263758148863
3199.9268289290239
3199.9250916492629
3199.9215970650171
3199.9176109430173
3199.9137544605055
3199.9099951610792
3199.9080154997546
3199.9080187082868
3199.9085343696543
3199.910760570353
3199.9139119399388
3199.9167251186782
3199.894006365208
3199.8877169952498
3199.8908351848481
3199.8925798473301
3199.89562097519
3199.8965543785184
3199.8980193126108
3199.9002048543966
3199.9044513301942
3199.9086483909464
3199.9114659011475
3199.9120530228961
3199.9113112642758
3199.9110175483934
3199.9125975484581
3199.9161372487074
3199.9213627941144
3199.9268943763391
3199.9313327913264
3199.9339196294263
3199.934313700513
3199.9324228569781
3199.9290644418497
3199.9254742378353
3199.9223234827623
3199.9198443746127
3199.9198220312796
3199.9213519333266
3199.9238878461874
3199.9276939589267
3199.9325035105967
3199.9363942600166
3199.8943056749104
3199.8879132166244
3199.891202539452
3199.8930045717907
3199.8962912623947
3199.8973398446183
3199.8989886395857
3199.9015502495895
3199.9061591260152
3199.9106525284446
3199.9136512172904
3199.9144381951564
3199.9140871593381
3199.9144251152975
3199.9167221016232
3199.9210510832454
3199.9269488702885
3199.9329752288136
3199.9377657768468
3199.9405348221558
3199.9409572888376
3199.9391098358492
3199.9360180272829
3199.9329401371483
3199.9306602386114
3199.9297215207666
3199.9313688813018
3199.9344545177896
3199.9386902617784
3199.9439667333718
3199.9498876859634
3199.9546245540746
3199.8945796655535
3199.8880090575835
3199.891533923279
3199.8933252421384
3199.8969098320099
3199.8979946950608
3199.899939453775
3199.9027830614127
3199.9077012381472
3199.9124550686911
3199.9156828988966
3199.9167389116596
3199.916819527391
3199.9177411968667
3199.9206814339873
3199.9257303214081
3199.9323173780035
3199.9388850841547
3199.9440538873882
3199.9470304809956
3199.9474427635805
3199.9456248936785
3199.9428594911005
3199.9404429288143
3199.9393040321584
3199.9402301849022
3199.9432309597978
3199.9481440096533
3199.9537922877666
3199.9607129802648
3199.967234407537
3199.9721848263657
3199.8945363907264
3199.8877301383322
3199.8914061977871
3199.8931568249391
3199.8969991258409
3199.8980933861094
3199.9003754019664
3199.9033331930509
3199.9085367911557
3199.9135290179643
3199.9170376326347
3199.9184269863295
3199.9189351048208
3199.9203134405334
3199.9237853063305
3199.9294127345274
3199.9366258490063
3199.9437499621095
3199.9493099797323
3199.9525132011991
3199.95303585081
3199.9514161173206
3199.9491426171135
3199.9475111327479
3199.9476984195317
3199.9499965401228
3199.9544537975189
3199.9605725848542
3199.96761785029
3199.9756728565421
3199.9825832278452
3199.9876389747392
3199.8942968657011
3199.8871794897595
3199.8909973871073
3199.8926537477864
3199.8966935568769
3199.8978615979063
3199.9003981180463
3199.9034690406884
3199.9088422929321
3199.9140318232862
3199.9179050531793
3199.9196588839518
3199.9205950649994
3199.9223563666837
3199.9262331098003
3199.9323397270837
3199.9400896295638
3199.9477212250631
3199.9536953099855
3199.9571837311064
3199.9579098071031
3199.9565883766613
3199.9548959545955
3199.9541913881535
3199.9555623728565
3199.9591237504701
3199.9650333408094
3199.9718472285854
3199.9804833125663
3199.9893772139221
3199.9964966757707
3200.0016450175217
3199.8937768173496
3199.8862181218656
3199.8901936003863
3199.8916581928529
3199.8959026406851
3199.8971353904076
3199.8998803504169
3199.9030006307862
3199.9084925312304
3199.9139108171848
3199.9180978473055
3199.9202764169231
3199.9215571219747
3199.9235767308605
3199.9276971927716
3199.9341944326843
3199.9424727453516
3199.9505936847913
3199.9570337961941
3199.9608944371635
3199.961903603165
3199.9609871514144
3199.959940843311
3199.9600794327812
3199.9623787524724
3199.9670451558509
3199.9739813284418
3199.9816614186821
3199.9916355669147
3200.0012727160988
3200.0085793740195
3200.0138590709275
3199.8929639968023
3199.8848440932024
3199.8889798075652
3199.8902105227262
3199.8945895991369
3199.8959308144094
3199.8988137527258
3199.9018904922464
3199.9074357285649
3199.9131256187088
3199.9177307897048
3199.9203125475337
3199.9218235589128
3199.9240133185981
3199.928274484907
3199.9349819976155
3199.9436535737113
3199.9523789023096
3199.9593530239908
3199.9637212110188
3199.9651254574974
3199.9646618271922
3199.9642986819431
3199.9650101609282
3199.9680521153264
3199.9735603456725
3199.9810839413367
3199.9904383998
3200.0010948021086
3200.0113678295297
3200.0189685992464
3200.0244555265549
3199.8918729846491
3199.8830672560343
3199.8873412060893
3199.8883120566461
3199.8928232066205
3199.8942892147279
3199.8972798715467
3199.9002390623555
3199.905686942182
3199.9116168695127
3199.9166146392922
3199.9197124974885
3199.9214780242687
3199.9236762122664
3199.9279270088891
3199.9347653567816
3199.9437438300506
3199.9529497059698
3199.9604773476221
3199.9655783847979
3199.9675303580593
3199.9675936197109
3199.9678238251186
3199.9689701197858
3199.9724913757987
3199.9785140219333
3199.986454215702
3199.997402500635
3200.0085903677059
3200.0196170027775
3200.0277813665562
3200.0336134299705
3199.8904243513725
3199.8807478508984
3199.8851973694118
3199.8858758398246
3199.8904478628751
3199.8920570213058
3199.895173717252
3199.8979737774621
3199.9031949374971
3199.9093158275264
3199.9147245144291
3199.9183366562957
3199.9204074097515
3199.9225914188905
3199.926669775251
3199.9333338680926
3199.9423822010658
3199.9521775552239
3199.9604126437566
3199.9663503972683
3199.9690952799751
3199.9697378766573
3199.9703888228169
3199.9719021372662
3199.9757588945508
3199.982079653942
3199.9904444660783
3200.0024564579885
3200.0142750574141
3200.0261348678728
3200.0353472004222
3200.0416547355362
3199.8887318623429
3199.8780099476244
3199.8826946921622
3199.8830893265454
3199.8876523086142
3199.8893627916145
3199.8926862201033
3199.8953361037511
3199.9002018709807
3199.9062795778959
3199.9120929775645
3199.9163053750099
3199.9187769120381
3199.9209445150018
3199.9247257029783
3199.9310521140587
3199.9399246439043
3199.9500852911206
3199.959139292223
3199.9660562281574
3199.9698623247104
3199.9711360339033
3199.9720432357708
3199.9738282636936
3199.9777778896805
3199.9840589594473
3199.9923430653489
3200.0054820606929
3200.0182851043951
3200.0309740988891
3200.0416467607192
3200.0485302210755
3199.8866041040578
3199.8746180465964
3199.8795787894719
3199.8797311212988
3199.8841917801096
3199.8859357275869
3199.8895202608578
3199.8920695673187
3199.896526511222
3199.9023914074787
3199.9085233805977
3199.9133142866426
3199.9162819724329
3199.9185175279167
3199.9219024403865
3199.9277263654299
3199.9362044194772
3199.9465735658227
3199.9564355780835
3199.9643555800712
3199.9695481244407
3199.9715758374982
3199.9726895703366
3199.9746794212142
3199.978536878838
3199.9845713138407
3199.9926921243873
3200.0062643851152
3200.0199243622474
3200.033994183857
3200.0470624836776
3200.0543387978705
3199.8842538133722
3199.870845944658
3199.8761472372926
3199.8761566215189
3199.8804776501206
3199.8821737583507
3199.8860221407081
3199.8884870280071
3199.8925107319342
3199.8980459278046
3199.9044163265135
3199.9097806392215
3199.9133159145763
3199.9156724385207
3199.9186271475724
3199.9237890060103
3199.931688425841
3199.9419801175727
3199.9525083667636
3199.9615359527093
3199.9681972404692
3199.9713169749734
3199.9727272351856
3199.9748977583563
3199.9785549453622
3199.9842137226892
3199.991932466929
3200.0052741806194
3200.0202578705598
3200.0347305630476
3200.0494063017763
3200.0589117874988
3199.8813696762104
3199.8663194239321
3199.8719691994297
3199.8719351548889
3199.8760506298736
3199.8776061796516
3199.8817285086088
3199.8841531549738
3199.8877846497653
3199.8928261260012
3199.8992417444078
3199.9051653591523
3199.9093403661996
3199.9119270093424
3199.9145092430631
3199.9189278256845
3199.9260759169838
3199.935848852695
3199.9468187528578
3199.9569193033917
3199.9649584249028
3199.9697446521486
3199.9716083680905
3199.9737967252272
3199.9772490613036
3199.9826670462926
3199.9899466461688
3200.0014486137798
3200.0175113353462
3200.0341848467706
3200.0492254336536
3200.0615250502965
3199.8782955724923
3199.8614495723277
3199.8675692840256
3199.8676667009099
3199.8714838249466
3199.8727654508411
3199.8772445571813
3199.879817951482
3199.88301028141
3199.8873458208259
3199.893463908094
3199.899938415535
3199.904972149533
3199.9081434025188
3199.9105083584941
3199.9140941947539
3199.9202054535144
3199.929088064328
3199.9400246661553
3199.9509984272172
3199.9603718263616
3199.9671882876105
3199.9703234202625
3199.9723827067492
3199.9754732647457
3199.9805064914021
3199.9873793964134
3199.9964051478505
3200.0129398140812
3200.0302290745408
3200.0468752484244
3200.0616080159793
3199.8745762644539
3199.8556953145676
3199.862316000615
3199.8626188076246
3199.8661107177263
3199.8669908553352
3199.8717273840916
3199.8745105594749
3199.8774421090729
3199.8811216976028
3199.8864921736958
3199.8930450376847
3199.8988492842541
3199.902856572468
3199.9053649695566
3199.9081780152856
3199.9129828412538
3199.9206222203179
3199.9307689231814
3199.9423873564151
3199.9528962816598
3199.9615596648846
3199.9669467402887
3199.9695843881759
3199.9721754990601
3199.9764985023976
3199.982709905385
3199.9905641976093
3200.0031276072013
3200.0219366341034
3200.037843455917
3200.0557459888983
3199.8705765614563
3199.8494624399686
3199.856756072435
3199.8573634939844
3199.860588656833
3199.8608016753042
3199.8655898973129
3199.8688530901604
3199.8717579505978
3199.8748360439931
3199.8790540533887
3199.8851244551311
3199.8916525954542
3199.8969515399235
3199.9004052087225
3199.9028130119932
3199.9060848301328
3199.9117924971511
3199.9203788859445
3199.9314274338763
3199.9430333751347
3199.9532692666839
3199.9612638207973
3199.9659377582816
3199.9685955171885
3199.9721214847286
3199.9771885038012
3199.983820702234
3199.9922502815775
3200.0091329378424
3200.0213847088671
3200.0421293197096
3199.8652717375062
3199.8416965493066
3199.8495096631336
3199.8503409714144
3199.8533536415962
3199.8529611874469
3199.8573290028171
3199.8608137770325
3199.8637958325321
3199.8662989340123
3199.8695154159223
3199.87429835791
3199.8803219806105
3199.8862163764538
3199.8905906967502
3199.8934906240565
3199.8959585421021
3199.899708348541
3199.9057136198412
3199.9142245557746
3199.9247420139736
3199.935460566523
3199.9450990147943
3199.9530892057305
3199.9585428279443
3199.9621859712634
3199.9653979881818
3199.9698949574017
3199.9768131752971
3199.9836747031932
3199.9972640612064
3200.0009957445941
3199.8571288973585
3199.8301689616724
3199.8384879677892
3199.839372499398
3199.841568676572
3199.8406019751369
3199.8438470702808
3199.8466077035296
3199.8491944210828
3199.8518606239672
3199.8539788327089
3199.8580274506321
3199.8620930432226
3199.8670433557727
3199.8710679052369
3199.8750756786189
3199.8777262234694
3199.8811528678784
3199.883885203878
3199.8882874524911
3199.8936666150903
3199.9009025361961
3199.9089319436389
3199.9171392884114
3199.9233756252029
3199.9288656105141
3199.9305552634378
3199.9331915578591
3199.934417182817
3199.9345300679011
3199.9293070469334
3199.8805787926626
3199.8353051872905
3199.8018631513628
3199.8093054809869
3199.8092050292339
3199.8084506689602
3199.80647331298
3199.8056968054366
3199.805817401219
3199.8032364486558
3199.8039464140452
3199.801055385054
3199.8017359956434
3199.7981771028167
3199.7980226126997
3199.7934105421623
3199.7926932476307
3199.7864876289877
3199.7843125272775
3199.7750268619438
3199.7713896995315
3199.7592125313654
3199.754346751929
3199.7396660004401
3199.7343135894967
3199.7195452580058
3199.7150305183527
3199.7023624711087
3199.6960600568168
3199.6816089289778
3199.6473807835396
3199.547165493686
3199.056116223474
3199.7331204839884
3199.6729617005017
3199.6646158650519
3199.6477694172827
3199.6217687748963
3199.5932242954477
3199.5498864514529
3199.5143556524572
3199.4473819251289
3199.4078355423208
3199.320908501948
3199.2733768680728
3199.1693834038811
3199.1128003178164
3198.9909979731137
3198.9272068597984
3198.7927965367949
3198.7224933361845
3198.5759108662869
3198.4990461117654
3198.3387428744963
3198.2557156873363
3198.0839306547646
3197.9983051890881
3197.824356608171
3197.7374928627974
3197.5621502384315
3197.4336142038346
3197.1697937240274
3196.6538559684577
3195.4838098859659
3191.4303523805129
3198.9753777194155
3198.6681231088182
3198.0093503567746
3197.5429593327262
3196.6896325742987
3196.1376656663201
3194.9999049444282
3194.2922689930492
3192.8615384514319
3192.1002419851879
3190.6061809048801
3189.8145992793607
3188.2433482023616
3187.3925528952677
3185.6955369009033
3184.8024949533487
3183.0432763032582
3182.1583557475938
3180.4218355675698
3179.5548191520452
3177.8357888922851
3176.9664358104751
3175.1297254008846
3174.2397439961296
3172.2523324145
3171.1218318571946
3168.7096798444004
3166.6024210980286
3163.0583194383303
3157.5922462689459
3149.782766083852
3128.6927575039804
3187.1150234120637
3164.3299143709287
3143.3917562758838
3122.2533173247393
3102.601159776611
3082.8705832134087
3064.8096227501978
3047.0821012612555
3031.2239460636433
3015.7904133398729
3002.1811280816041
2988.6305052997382
2976.7042097305257
2964.2445346260033
2953.3359651958181
2941.3443461810261
2931.0500428860969
2919.3057466545433
2909.549940220757
2898.1386839857278
2889.1186895819324
2878.1650994405773
2870.0360191762707
2859.6985924180908
2852.508166267809
2842.8660486994418
2836.5234452335067
2827.1836041503225
2821.0975474790384
2810.8417181857149
2803.2149820036002
2781.6530062341808
3199.8925324380775
3199.8942737736752
3199.8957069388921
3199.896823055175
3199.8971434676569
3199.8963793933508
3199.8938880363021
3199.8898206359377
3199.8840991184647
3199.8763653161277
3199.8676328551296
3199.8572402348968
3199.8458649184618
3199.8332675724755
3199.8194352380387
3199.8052206517073
3199.7896777733044
3199.7736401308762
3199.7578911644227
3199.7412323723993
3199.7257407859224
3199.7082712089009
3199.6950441526205
3199.6760337219134
3199.6641965750355
3199.6427153808067
3199.6318377236794
3199.6080183673635
3199.5955703514196
3199.5692969749844
3199.5528611435961
3199.5287316816289
3199.4989655527679
3199.4813827384496
3199.4418504577102
3199.4168347645264
3199.3823666138737
3199.3393654714705
3199.3047379996779
3199.2584621331248
3199.2111519242189
3199.1503952126209
3199.1041963174903
3199.0305332345638
3198.9817523877805
3198.8763336309703
3198.8175594315976
3198.7065679131592
3198.6366514624096
3198.5109035394171
3198.4082528095623
3198.2591627511511
3198.1285259287101
3197.9687426880259
3197.8158369197199
3197.6098644407721
3197.4442564819956
3197.1724641264891
3196.9063065614714
3196.7315387776484
3196.3550731264254
3196.0261897747328
3195.6557633687644
3195.2447967773978
3194.7802423769081
3194.3054148252222
3193.6900533159464
3192.9613855105267
3192.2732174888051
3191.4316754345268
3190.4776765332208
3189.5163732661799
3188.2418356192388
3186.9084882627913
3185.28617013756
3183.4636256058379
3181.33951411935
3178.8041689335168
3175.9380133697341
3172.453819367051
3168.4766300495503
3163.8528876910273
3158.4587965839669
3152.2766514645805
3144.4461787927667
3135.0785952950409
3124.3121335537076
3111.8979802228359
3097.377729196161
3079.4153427716828
3057.8553987218688
3032.7660002891571
3199.8651313350274
3199.8652572457981
3199.8650709501508
3199.865220167183
3199.8651717790849
3199.8644119163091
3199.8625252388752
3199.8591185591304
3199.8544315852587
3199.8477388736901
3199.8400629237558
3199.8303466541406
3199.8192585757124
3199.8067564564699
3199.7931387377371
3199.7782396421326
3199.7622935173749
3199.7449402976226
3199.7272331938948
3199.707107317719
3199.6888131510873
3199.6658520843721
3199.6481880621154
3199.6228697050401
3199.6061144487639
3199.5781857580914
3199.5623450985549
3199.5314552924824
3199.5148351776543
3199.4817608134899
3199.4627867259201
3199.4253644944911
3199.403954998947
3199.3616354350866
3199.3371220540525
3199.2887985744183
3199.2604327988884
3199.2043811919507
3199.1711467302043
3199.1055397505761
3199.0666368431239
3198.9910179225676
3198.9435310088083
3198.8529549039331
3198.8001169564445
3198.6954934214909
3198.6266747494988
3198.5026145374682
3198.4281090795034
3198.2810374233231
3198.1728099623729
3198.0220292915487
3197.886220358504
3197.6930744638566
3197.5375442294221
3197.2987551017991
3197.1297853605952
3196.8339281008612
3196.5894070816157
3196.2789651460994
3195.9691566625056
3195.5885088540276
3195.1898763601143
3194.7312707955707
3194.2354644058414
3193.6519052091921
3193.0656086973622
3192.3068039871555
3191.5384162542823
3190.6520395110574
3189.6274507842354
3188.4855019748338
3187.2010779712273
3185.6722592100627
3183.9491437327006
3181.9984209416812
3179.7248955633036
3177.0224375345147
3174.0117330806693
3170.4206012596251
3166.3008258770783
3161.3752051893825
3155.8185811481703
3149.3398985573776
3141.1881277534021
3131.6398944072962
3120.7231713398141
3108.2534390552673
3093.5075054803629
3075.275116823696
3053.6483521811651
3028.8686899361205
3199.8755881846332
3199.8764331343782
3199.8766587304617
3199.8771547961251
3199.8771686113478
3199.8761948325759
3199.8736400831331
3199.869291605085
3199.863504693833
3199.8558312885189
3199.8474901668542
3199.8369392172999
3199.8251935607227
3199.8119364750064
3199.7978293607425
3199.7823469742216
3199.7658711483436
3199.748146367082
3199.7304641886703
3199.710193824013
3199.6926278984315
3199.6698946993979
3199.6532320523584
3199.6287024054773
3199.613240526638
3199.5858934661669
3199.5712807741429
3199.5412657817546
3199.5253589812032
3199.4927607148607
3199.474558287196
3199.4373771780765
3199.4166806444209
3199.3744266702247
3199.3505160252407
3199.3018309733316
3199.2740795429527
3199.2175928478591
3199.1851257173284
3199.1192550778578
3199.081287332484
3199.0049660101668
3198.9561682275398
3198.8741088697579
3198.8055359876703
3198.719748553307
3198.633384367763
3198.515489246653
3198.4438154204804
3198.2979139535992
3198.1777984233013
3198.027999587694
3197.9028861470288
3197.6965813256757
3197.5481851551795
3197.3221315760175
3197.107532607773
3196.8206015544006
3196.6048755846668
3196.2917531789003
3195.9974416972432
3195.5464702233744
3195.1638249636967
3194.6966326089682
3194.2416778073057
3193.6441658473123
3193.0489050983115
3192.2807486802844
3191.5210543505759
3190.5944921301552
3189.5529171593985
3188.3910881329571
3187.1202042876944
3185.5774156702823
3183.887074968261
3181.8379168942938
3179.5493292521337
3176.8471952026844
3173.7012150526971
3170.058077069235
3165.8883002088651
3160.9302355222403
3155.3384855340532
3148.8977621407766
3140.4696153906852
3130.7156132761261
3119.8328616606409
3107.3138339862448
3092.4510560762042
3073.8050260957602
3051.7855587209883
3026.675323461272
3199.8838074448145
3199.885342243299
3199.8859123622337
3199.8865923789954
3199.8865693697967
3199.8852704570299
3199.8820723632225
3199.8767749706635
3199.8702351518273
3199.8617918331397
3199.8530659442622
3199.8420946615829
3199.8300188722051
3199.8163206991303
3199.801660625395
3199.7856553879105
3199.7687612374784
3199.7509190723331
3199.7331299410334
3199.713578486982
3199.6960002794817
3199.6745704072191
3199.6584116154381
3199.6348810569939
3199.6201384225151
3199.5939858613947
3199.5797135672619
3199.5504790991104
3199.5348405609188
3199.5031460070823
3199.4852569474369
3199.4489156330037
3199.4283681973639
3199.3867447900411
3199.363025752416
3199.3152188671875
3199.2877803309534
3199.2323725204737
3199.200186333559
3199.1352069227655
3199.097280418403
3199.0207328718593
3198.9758899201529
3198.8853452660524
3198.832196734038
3198.7248111933654
3198.6616463441351
3198.5340288135762
3198.4585509468952
3198.3063433486277
3198.2162867862198
3198.0348625777929
3197.9267476092814
3197.7090368506688
3197.5695228284135
3197.3436198507825
3197.1333580989358
3196.8477172051648
3196.6416043269928
3196.2961154064901
3196.0011491460441
3195.5729636008195
3195.23512290488
3194.7515948238242
3194.2542444954302
3193.6689415834953
3193.0635122987678
3192.3084662827905
3191.5936642202801
3190.6228316997181
3189.6456616830396
3188.4479577917718
3187.1551693126908
3185.6328495231069
3183.9216468065342
3181.8736713007133
3179.5787402864962
3176.8707253656371
3173.6785960726415
3169.9697436421807
3165.771282840627
3160.8258748754042
3155.2397819086541
3148.661729696677
3140.0111412184824
3130.0763433330671
3119.0963402836078
3106.4624375967728
3091.4806880875267
3072.3406935792518
3049.7270357876801
3024.4739472168171
3199.9024060497286
3199.9048857186995
3199.9060177623323
3199.9066587258708
3199.9060401379566
3199.9035909454265
3199.8991131039934
3199.8920424927223
3199.8842528244122
3199.8744674570662
3199.8648186323458
3199.8530787273749
3199.8405053551273
3199.826023043539
3199.8106008855216
3199.7940556217304
3199.7770992142655
3199.7599943444757
3199.7430975214634
3199.7257284125417
3199.7095051899005
3199.6908365689856
3199.6765530545122
3199.6554089456454
3199.6424118598475
3199.6185488020692
3199.605670243272
3199.5787224746027
3199.5641739315311
3199.5347133437185
3199.5182493599909
3199.484485356978
3199.4653088993518
3199.4261179952687
3199.4036842598784
3199.3580472748495
3199.3318314562689
3199.2784878070884
3199.2474436371267
3199.1841855574785
3199.1471719976739
3199.0718343466078
3199.0277040255933
3198.9380089957717
3198.8854333131712
3198.7787343994642
3198.7161193650218
3198.589208310063
3198.5145736518007
3198.3634756009706
3198.2743674686694
3198.0941406794282
3197.9874863674681
3197.7719124218215
3197.6437240297405
3197.3859778390129
3197.2235575908689
3196.9390470749322
3196.7006304357897
3196.3792308256407
3196.0873983065912
3195.6905936839289
3195.3235447343718
3194.8616491584849
3194.3593709894617
3193.7988819656348
3193.2152063769013
3192.4432306666313
3191.7608463173424
3190.7518275620769
3189.8357663089105
3188.6288805841646
3187.3412243801381
3185.8827506682896
3184.1700418703335
3182.067357258768
3179.8427642680276
3177.1122378371165
3173.9567213636424
3170.1784218202674
3165.8965235701871
3160.9510922177924
3155.4058802853056
3148.7981491030228
3139.879290986285
3129.8165602603071
3118.633533839019
3105.9617802901535
3090.7822001148597
3071.1257255169166
3047.704986780182
3021.3213541270811
3199.9201958778553
3199.9230180771397
3199.9241402390139
3199.9243656536878
3199.9226509716605
3199.9191846955837
3199.9135906907054
3199.9053589603704
3199.896555179791
3199.8858637703183
3199.8756557813754
3199.8632826262328
3199.8503172601686
3199.8355001414161
3199.8200470341549
3199.8037928960789
3199.7877561527384
3199.7720297716655
3199.7569494173472
3199.7417893914212
3199.7274988435347
3199.7113279284263
3199.6988151899645
3199.6798526519083
3199.6687066294835
3199.6470748484676
3199.6355732308612
3199.6114583632493
3199.5982026841079
3199.5714866700323
3199.5564738638063
3199.5255389024164
3199.5075805692727
3199.470779654509
3199.449394886487
3199.4056379017402
3199.380154648135
3199.3280607761035
3199.297515700679
3199.2351317252565
3199.1984745635605
3199.1236636681942
3199.079816954672
3198.9906789712618
3198.9385368932408
3198.8327968581616
3198.7709478824245
3198.645788914122
3198.5723976033901
3198.423937942347
3198.3365416356155
3198.1596881301853
3198.0553786402879
3197.8449857754686
3197.7186916382684
3197.4705102939524
3197.314830305465
3197.0123193502832
3196.7794234470816
3196.5456281503339
3196.1488620540454
3195.8196472771888
3195.4309093427323
3195.0085459875695
3194.5101877087136
3193.9573813299985
3193.3909352192964
3192.6233774323464
3191.9491108968268
3190.962869069228
3190.0377172555704
3188.9231556329078
3187.6484881360816
3186.162578870998
3184.4852004109725
3182.3693259534507
3180.260252745014
3177.4164281138846
3174.2748704549253
3170.5528806530797
3166.1627290605729
3161.2721646568225
3155.739070715063
3149.1308112750917
3139.9595854767563
3129.7255071158152
3118.4034241935701
3105.6539261890293
3090.1031255671487
3069.6994303479828
3045.8755464383239
3019.3776228012957
3199.9406401409992
3199.9435060265778
3199.944160954808
3199.9434997612379
3199.939946961395
3199.935484723504
3199.9287692736102
3199.9193353977485
3199.9091141243052
3199.897648532492
3199.8867882331792
3199.8741767393935
3199.8607967219777
3199.8463321391237
3199.8316929721313
3199.816508891879
3199.8025522544258
3199.7892820906177
3199.7766004301152
3199.7639742920264
3199.7523623118159
3199.7385959954022
3199.728491585865
3199.7120961233904
3199.7034850800587
3199.6853148897935
3199.6754999195405
3199.6550218630518
3199.643444250265
3199.6195741885804
3199.605822501182
3199.5769935974095
3199.5597217786058
3199.5255050636301
3199.497917906112
3199.4667261127097
3199.4285954912766
3199.3828869228846
3199.35278647111
3199.2930148503519
3199.2425173294691
3199.1843870672997
3199.1389121424963
3199.0432375078467
3198.989731587661
3198.8938115248397
3198.8354133156095
3198.7115290445454
3198.632661460907
3198.4945368119406
3198.3892015067599
3198.269639684559
3198.1128836472312
3197.9326314665495
3197.7846204376169
3197.6002562946119
3197.3592786825438
3197.1331469555048
3196.9459425137575
3196.6238821122483
3196.205549892929
3195.9730342330931
3195.5943490154464
3195.210293362773
3194.6262903134379
3194.0824542651858
3193.6039598180946
3192.8497871602631
3192.2272697758794
3191.1836216017832
3190.2854996692486
3189.2196973728032
3187.9087618360923
3186.4968641418927
3184.8161144691908
3182.8569728996058
3180.6493838740921
3177.8582241299964
3174.6839470581608
3171.0703397393222
3166.6333593846498
3161.7889125486981
3156.1921781158007
3149.6426199701327
3140.1142228374433
3129.7411937036454
3118.2478796961213
3105.3493289597241
3089.3636138740067
3068.4685161575253
3043.4038484498478
3016.2022370699174
3199.9590590386397
3199.9615806158363
3199.9615624064886
3199.9599074084972
3199.9548815339272
3199.9496821879234
3199.94194882294
3199.9314494544747
3199.9199334333202
3199.9082228002412
3199.8973092791775
3199.884956667308
3199.8719448963889
3199.8584377661141
3199.8451569422905
3199.8326985476042
3199.8210667337321
3199.8103444377812
3199.8004027538145
3199.7905612586051
3199.7807111045199
3199.7712967787129
3199.7610847180649
3199.7519496217401
3199.741317407068
3199.7304905879141
3199.7171353155795
3199.707248215936
3199.6855492925829
3199.671568883291
3199.6550411807016
3199.6268117707809
3199.6051894511934
3199.5754165481835
3199.5424721258028
3199.5213555693385
3199.4776872720863
3199.4326197962382
3199.3930543900133
3199.3536458126664
3199.2932059324453
3199.246670922681
3199.1744785461715
3199.1032302202857
3199.0581751030281
3198.9571261196184
3198.8859700210114
3198.7666840959691
3198.6992798877677
3198.5737204158036
3198.4525460165692
3198.3458019435088
3198.1518000980182
3198.0417150830294
3197.8592693649371
3197.6937617927501
3197.4563772631536
3197.2446644496335
3197.0217323462039
3196.6716700556526
3196.356431150964
3196.1540080648811
3195.7525662350527
3195.2575664725832
3194.7965179015464
3194.379498211079
3193.7443666407139
3193.0628296666464
3192.3984617429342
3191.3470536361247
3190.7015314302776
3189.5436095914615
3188.3228270107911
3186.8304530527548
3185.1427185200432
3183.2906369932798
3181.0388667693592
3178.3817158721017
3175.2588969372273
3171.6660954775048
3167.2252975950109
3162.3266922304497
3156.6501886325668
3150.1396885301347
3140.2983103058154
3129.9308611414135
3118.1129071889955
3105.163319312057
3088.6602842566904
3067.5564337325654
3041.52396593916
3011.6644772902196
3199.9765434110514
3199.9786720172747
3199.9779121224992
3199.9752531333879
3199.9687842732214
3199.9626663022905
3199.9536290622227
3199.9421269727945
3199.9298892680536
3199.9183937081807
3199.9081515243442
3199.8965637821493
3199.8844888657959
3199.8726156805064
3199.8617542409579
3199.8522113129088
3199.8436666276898
3199.836007224771
3199.829136217566
3199.8225450339987
3199.8155364366335
3199.8093637354164
3199.8016929065793
3199.794228481639
3199.786688849948
3199.7756714475913
3199.7631857966121
3199.7540762645781
3199.7325547353707
3199.7201438448401
3199.6953259664647
3199.6801506835814
3199.6468297276865
3199.627566939721
3199.5889161721575
3199.5667749629356
3199.5241417708921
3199.4878634091792
3199.4422413751595
3199.3977576198808
3199.3455107553814
3199.2963261691534
3199.220951740796
3199.1610624914169
3199.1090655073335
3198.9990737800681
3198.9337115434405
3198.8329961594804
3198.7616752163235
3198.6143490758514
3198.5195997791575
3198.3933841150611
3198.2243905045211
3198.1262008151648
3197.9197001466409
3197.7746505359901
3197.5311251938415
3197.3140939427753
3197.13290792209
3196.7827975383384
3196.5830235659187
3196.1877580681426
3195.9029378925156
3195.4232928748788
3194.9151034592246
3194.5560999229851
3193.9220074537452
3193.2966841400298
3192.6693598747538
3191.662633736546
3191.0262828817768
3189.7699279633362
3188.5737418984822
3187.1863158208416
3185.7309762054483
3183.7447280199403
3181.6237593064279
3178.832454021715
3175.7995730106159
3172.1840572456927
3167.8355221984198
3162.9033880687052
3157.3421590863336
3150.8129516682316
3140.8007399061917
3130.2269066632448
3118.0707686084047
3104.9910150053111
3088.1806672251273
3066.0318799184356
3039.2847636211441
3010.2267861063574
3199.9918705235018
3199.9935837017829
3199.9920315644049
3199.9883854332738
3199.980598002935
3199.9738565328198
3199.9638194306217
3199.951477969606
3199.9390819576652
3199.9285551022426
3199.9196317205033
3199.9094367880766
3199.8990671714682
3199.8893808991374
3199.881197449763
3199.8747893638806
3199.869792375302
3199.8655110825234
3199.8617845047579
3199.8580246260894
3199.8531999640973
3199.8495972326687
3199.8415531656378
3199.8372007397056
3199.8267042124598
3199.8199579011166
3199.8052310353737
3199.7963180073862
3199.7769626707786
3199.7650225274679
3199.7394243423059
3199.7240908357876
3199.6919863923313
3199.6731843744351
3199.6340003702035
3199.6109877718091
3199.5632182349082
3199.535432468123
3199.4779794702986
3199.4448567131149
3199.3781150311152
3199.3386087032
3199.2586478926546
3199.2080844769926
3199.1373332390631
3199.0525077477569
3198.9642605832305
3198.9045878613388
3198.7789768153589
3198.6736058058755
3198.593843947443
3198.4279196832958
3198.3109090545504
3198.1927763987519
3197.972739142564
3197.8506684410295
3197.6262016521418
3197.4311378120251
3197.2109214386851
3196.8887038234789
3196.7002505448572
3196.3190313761756
3196.0179403902639
3195.5578792814958
3195.1076551032638
3194.7868050964989
3194.0917481551101
3193.518891543767
3192.8528570574026
3192.0134238872274
3191.2944185897445
3189.9609960298822
3188.9768153435803
3187.5656573477136
3186.343426935247
3184.1672737013346
3182.0847956790899
3179.2683655842429
3176.3628436601703
3172.764220168217
3168.6260110586536
3163.6759613421546
3158.2052405906629
3151.5821674342696
3141.4189755872803
3130.355979107645
3118.0728621814724
3104.8312353002939
3087.7354967403194
3064.2130318284476
3035.923780873552
3007.1817916069858
3200.0057481936424
3200.006998106719
3200.0045479018722
3199.9997550450871
3199.9906590311357
3199.9833195253505
3199.9725599163785
3199.9600262839549
3199.9485176085032
3199.9397513609929
3199.932459391297
3199.9239859621066
3199.9157094298334
3199.9086351304777
3199.9036336934155
3199.9006430365976
3199.8990327350439
3199.897831569559
3199.8964538857999
3199.8949290036394
3199.8910238670182
3199.8884143564105
3199.8814493651903
3199.8772287764018
3199.8673426879154
3199.8609876016926
3199.8469322255855
3199.838259124147
3199.8190672985415
3199.8068452444309
3199.780364714537
3199.7644253693761
3199.7308549127051
3199.7111033470096
3199.6697247455754
3199.6455353546867
3199.5954580466309
3199.5667939404052
3199.508256499365
3199.4752307359113
3199.4080487055662
3199.3700600611373
3199.2932213949903
3199.2492282168973
3199.1597037757188
3199.1086866860519
3199.0048878523494
3198.944497998491
3198.8229212156439
3198.746534697912
3198.6259871961975
3198.487319601029
3198.3958346970003
3198.231775204315
3198.040947649557
3197.9319249705527
3197.7202391023161
3197.4938980483871
3197.3023940231378
3196.9962123267537
3196.8064907287953
3196.4711832469329
3196.0440845969524
3195.790405015302
3195.2644096514223
3194.9289767850669
3194.2477757236356
3193.8144489744136
3192.9497519386555
3192.3198361201348
3191.4982361889511
3190.3452906982116
3189.4179657170275
3187.9330104220239
3186.7213540488929
3184.5539735243901
3182.6763672638449
3179.6524021182786
3177.1017917890222
3173.4196612649048
3169.3958436824159
3164.4887336272718
3158.9974775124379
3152.2416548689248
3141.9787072548711
3130.5239223363928
3118.3452532087108
3104.5527424020811
3087.1203145014279
3062.9273340924619
3033.8744336181194
3000.7878641738525
3200.0178797701178
3200.0186977966296
3200.0152603447968
3200.0091483379415
3199.9989669814154
3199.9912932333823
3199.9804824636526
3199.9688115959088
3199.9590572121151
3199.9524576534877
3199.9466808448069
3199.9397065882504
3199.9334067513569
3199.9291584455509
3199.9277645777952
3199.9283570933517
3199.9296338859685
3199.9307409713065
3199.9311105182946
3199.9305393420782
3199.9274662440557
3199.9253905636001
3199.9193181470337
3199.9152227954228
3199.9059279108405
3199.8999044659172
3199.8857937899411
3199.8762956925784
3199.855091449082
3199.8418449266819
3199.8132884116339
3199.7961348693029
3199.759792185077
3199.7387387690178
3199.6970245053958
3199.6651939581016
3199.6308590548538
3199.5796948505081
3199.5451841472645
3199.5013706605682
3199.4388397432904
3199.3935000929291
3199.3465775205577
3199.2711415325844
3199.1927982718516
3199.148494248549
3199.0544314856752
3198.979707500604
3198.8585824267761
3198.7859337557543
3198.681607848584
3198.541787700748
3198.4363879000812
3198.2870224559883
3198.101163747644
3197.9878387995896
3197.8250360573365
3197.5392900917391
3197.3867033583606
3197.1039633025484
3196.894965481792
3196.5731920070571
3196.1745461098467
3195.9344082286498
3195.4263741883947
3195.0823926007624
3194.418465409899
3193.986227360655
3193.3007368622834
3192.518668757868
3191.6701027471422
3190.7227731986045
3189.8147872261229
3188.231322201003
3187.0219582939017
3185.1165236896359
3183.2994275517904
3180.1664879592954
3177.7352429765792
3173.9653475391156
3170.1584554556998
3165.2946662585477
3159.9344193553375
3152.9654191789959
3142.6852165147229
3130.9569222383811
3118.6315515776741
3104.2588777911956
3086.6300377415055
3061.6057451942979
3031.9904682060551
2997.5266091745279
3200.028470998021
3200.0289402355088
3200.0244702097898
3200.0171138108394
3200.006489289563
3199.9990165693471
3199.9885438611359
3199.978036965605
3199.9702273787125
3199.9657086131642
3199.9610498899406
3199.9555193307356
3199.9513197790989
3199.9513453280124
3199.9530285112328
3199.9569621191927
3199.9606732440329
3199.9635981233869
3199.9651471556772
3199.9653387183967
3199.9628205653325
3199.9606695703505
3199.954854415766
3199.9506896180301
3199.9408694368249
3199.9340965996198
3199.9178913082915
3199.9070320891933
3199.8832277170491
3199.8688753634056
3199.8380568422554
3199.8200152808749
3199.7822342430723
3199.7610317288136
3199.7190992210071
3199.6886303081928
3199.6537243946109
3199.6050847730198
3199.5715233753667
3199.5255091978638
3199.4672281714211
3199.4229934703289
3199.369199297013
3199.3018494705548
3199.2220225883598
3199.1770074260176
3199.0828255390757
3199.0114960407814
3198.8928811287974
3198.8282841536125
3198.7012745215766
3198.6186143037235
3198.4487377278242
3198.3542625161263
3198.1748496373225
3198.0354429869822
3197.8865700406686
3197.63244057269
3197.4860930526797
3197.1955315883661
3196.9628040871949
3196.6915264982335
3196.3209802332467
3196.0826579213394
3195.5753920610814
3195.1955381399721
3194.6485556635525
3194.0587539272005
3193.637103641312
3192.7663416164369
3191.8707629562746
3191.0355485289992
3190.182570235706
3188.5290147683099
3187.4755141836717
3185.5414849009417
3183.8326716540541
3180.7645606943156
3178.3158043648264
3174.6125472983481
3170.8813893097208
3166.0666171476773
3160.8131264401241
3153.8085266757848
3143.3422398383163
3131.5326681612796
3118.8302679952731
3104.2819317507228
3086.240753156178
3060.4136329126118
3028.528428738708
2994.8313284536607
3200.0376483782638
3200.0378045749467
3200.032378162663
3200.0245671546832
3200.014179156989
3200.0068783115271
3199.9965393911239
3199.9872070786669
3199.9812405660323
3199.978343554099
3199.9744743774058
3199.9704801872517
3199.9708594490189
3199.9729621803804
3199.9784167149974
3199.9861051035673
3199.991371717033
3199.9950200758403
3199.9970234534899
3199.9974984823557
3199.9950441039273
3199.992468247272
3199.9857998334405
3199.9810996998167
3199.9699072145168
3199.9619621749644
3199.943427645333
3199.9317355144658
3199.9063866067868
3199.8911951906962
3199.8585521544715
3199.8398620640619
3199.8011701571713
3199.7786539175031
3199.7395823087713
3199.7040381650736
3199.6754040663886
3199.6222995399839
3199.5921987412753
3199.5443160372424
3199.4913697669081
3199.441021659773
3199.3878231896506
3199.3336750827311
3199.2444929832636
3199.1968882163974
3199.1127749187776
3199.0489039006343
3198.9275160083157
3198.862601223871
3198.7367851285453
3198.6624290144118
3198.507409195046
3198.4132230656151
3198.2269492269211
3198.1046526707742
3197.939312394245
3197.7100123645341
3197.573805426216
3197.3117596295911
3197.0247693422643
3196.8304631158762
3196.4252602946131
3196.1841044678117
3195.7078325625307
3195.3745557110014
3194.8597074290424
3194.2104086969575
3193.8028063262414
3192.9996364614717
3192.1769283198901
3191.2332648424617
3190.4959775841985
3188.9215282114601
3187.8552301705627
3185.9592655393553
3184.1950783672528
3181.4480344385097
3178.9315085086509
3175.2879363087723
3171.5114018156933
3166.8997666082569
3161.662805830877
3154.8568468054968
3144.0165043113252
3132.1585190470346
3118.9762819590737
3104.4281035425111
3085.8402075660133
3059.2562937697858
3025.151149002711
2988.7153175660405
3200.0456158440738
3200.0454488667942
3200.0399634594282
3200.0320319814546
3200.0213442587096
3200.0142417004768
3200.0043675429902
3199.9963179207011
3199.9913641440899
3199.9895321533022
3199.9865819839297
3199.9872175410633
3199.9893760333334
3199.9945484123782
3200.0055974253614
3200.0147503910034
3200.0204469025657
3200.0241818790264
3200.0261099304375
3200.0263889192634
3200.0230959031487
3200.0200002501037
3200.0128299565999
3200.007364161022
3199.9941039567375
3199.9851988139194
3199.9653914998335
3199.9526470208671
3199.9247597739432
3199.9081019582304
3199.8729628255355
3199.8536270939057
3199.8141351271825
3199.7918886328384
3199.7519016131946
3199.7210448743458
3199.6881196738254
3199.6399455895294
3199.6126921256473
3199.5578421337536
3199.512702132683
3199.4674007873577
3199.4050091149325
3199.3496926725379
3199.2804076680918
3199.216661925072
3199.1506397749145
3199.0664378871352
3198.957977108998
3198.9012430874095
3198.7910771937218
3198.7056062490306
3198.5425842966406
3198.4546193491178
3198.285187401375
3198.179180040001
3198.0083937430372
3197.7873606989097
3197.6472281407068
3197.3960661023207
3197.0973528600789
3196.9255820487047
3196.5669953454603
3196.3046210167804
3195.8207722964016
3195.5092773013084
3195.0297159242532
3194.4116112056086
3193.97589650292
3193.1345632496923
3192.438717588801
3191.4859218230954
3190.7746459507903
3189.2953730652889
3188.189685572383
3186.4096387413038
3184.4968230797822
3182.204372224372
3179.399346203933
3176.0751256811272
3172.0600706636592
3167.7520114783501
3162.3284666406898
3156.0039850852572
3144.7259883042075
3132.8838946158185
3119.2345557569661
3104.6628721958687
3085.0951709861215
3058.1229537718764
3023.1825138562535
2982.2794410769334
3200.0526508609232
3200.0526958607234
3200.0476668317806
3200.0388940466687
3200.0280299805486
3200.0211907794287
3200.0117697437527
3200.0045173863132
3200.0004339306711
3199.9995146927804
3199.9997532303337
3200.0016775054837
3200.006259426114
3200.0169019680657
3200.0307909000226
3200.0408328300196
3200.0467471554161
3200.0504199316515
3200.0520527766075
3200.0519256009347
3200.0474486835851
3200.0438285741793
3200.0360101217502
3200.0292453498869
3200.0141156426375
3200.004202470348
3199.9821754035188
3199.9675910512146
3199.9370273954937
3199.9186901534817
3199.8836350614056
3199.86203338722
3199.8271243020276
3199.8000894489778
3199.7684051802262
3199.7354678654124
3199.6984133477677
3199.6661304302138
3199.622642350404
3199.574246197817
3199.5337497555306
3199.4808582835544
3199.4282671137507
3199.3574332326066
3199.3049196484267
3199.255912662702
3199.1589045880669
3199.0928157656786
3199.0014686291834
3198.9349109185246
3198.8395432057669
3198.7415861117483
3198.5854281410952
3198.4958944300138
3198.3672591720328
3198.2193070184726
3198.0829434625798
3197.8441443305023
3197.7049574752277
3197.4663920212492
3197.1858822971144
3197.0133477879199
3196.6681357781831
3196.3301745227927
3196.046315808097
3195.5758640784352
3195.0905013193255
3194.6193311166935
3194.1593060244372
3193.264039268392
3192.5855380308572
3191.7752414750157
3191.0352853146023
3189.677331993279
3188.3590588035272
3186.9239142482702
3184.7089738677491
3182.8622869743717
3179.7210773640736
3176.8504316025769
3172.6713523178305
3168.5803185241625
3163.174131461572
3157.042561699016
3145.6266616205135
3133.6172428108403
3119.5834384017789
3104.6070311392782
3084.5097859405314
3056.7159206583365
3021.6041374601364
2977.196588695364
3200.0588627423967
3200.0593608724603
3200.0549968022397
3200.0460212557446
3200.0351585236363
3200.0277781633631
3200.0179992002868
3200.0109518186805
3200.007867474304
3200.0090826320015
3200.010791010804
3200.0143712105178
3200.0226660033591
3200.0381991976228
3200.0540168011812
3200.0643741905346
3200.0701306003134
3200.0735824219209
3200.0746861515777
3200.073950553427
3200.0688499914036
3200.0646058438797
3200.0548209454414
3200.0471880665227
3200.0304877500425
3200.0189048788693
3199.993768511923
3199.9768485753225
3199.9451819107317
3199.9251112110792
3199.892888431265
3199.8688252827451
3199.8413023814455
3199.8076205973707
3199.7845834384448
3199.7461547422813
3199.7104891720769
3199.677234774977
3199.6326598265678
3199.5857711127919
3199.54309866412
3199.4906808361043
3199.4439543751773
3199.3683146306407
3199.3237204153397
3199.2646146672837
3199.1787892942752
3199.110326534123
3199.0326355151824
3198.9359221642535
3198.8692892168997
3198.7640445032348
3198.6141626238414
3198.5056192122765
3198.4194585065438
3198.2241817297058
3198.1083060809319
3197.8809018374818
3197.7451583627862
3197.4735211834964
3197.2664489719459
3197.0315971983
3196.709238528822
3196.3828779712589
3196.1055475053658
3195.6406047233813
3195.1268782702241
3194.7598617958556
3194.2588340576372
3193.3565548184888
3192.6902524882007
3191.995272969672
3191.0382001628873
3189.9451541183844
3188.5370710450843
3187.3519088423823
3184.9205340743047
3183.2020996101569
3180.1859846181301
3177.4725623809522
3173.3107619612529
3169.2137657228859
3164.0628878308921
3157.7954483683411
3146.5201809107007
3134.2733354214174
3120.0339083738536
3104.487218842231
3084.059383698273
3055.2595604405983
3019.8147089726936
2974.6279624563704
3200.0641981821677
3200.0655123721408
3200.0623365353249
3200.0530660116797
3200.0417852606806
3200.0335604657571
3200.0234020803196
3200.0160309852081
3200.0141905009464
3200.0161175214384
3200.0189025747304
3200.0242290888232
3200.0374311663536
3200.0561402983753
3200.0729861242417
3200.0832882167415
3200.088877511434
3200.0920810224534
3200.0927889728569
3200.0918955764314
3200.0873207351601
3200.0813260353607
3200.0706535619329
3200.0613178657768
3200.0441454725101
3200.0277659209223
3200.0024635832879
3199.9802991639535
3199.9523886166144
3199.9284210218116
3199.9020474143449
3199.8733971572624
3199.8521464391056
3199.8129348394
3199.7920259854163
3199.7502148399881
3199.7168652648024
3199.6755436322296
3199.6376593339946
3199.5907479351931
3199.5417788916943
3199.4897013602913
3199.4514883961174
3199.370061545967
3199.3233105698173
3199.2509159147912
3199.1851481155404
3199.1113675917427
3199.0195322478839
3198.9250197863462
3198.8653012705031
3198.7278158142494
3198.637416587645
3198.4746753452287
3198.3855640264555
3198.2017024022107
3198.0888575082231
3197.8492985215948
3197.7099277334273
3197.426911799038
3197.2640356529096
3196.9245619011572
3196.7221523343283
3196.3011178589009
3196.0431074768785
3195.5681547553272
3195.1429456308297
3194.657204355784
3194.156564615615
3193.3217021265878
3192.809519953893
3191.9304088184481
3190.8881297257562
3189.9592095503622
3188.6926903292551
3187.2684111294116
3185.2341292183955
3183.2059656646175
3180.5264921172547
3177.5981362304101
3173.8054463453163
3169.5362689291787
3164.6701525348549
3158.3322793882226
3147.5351677102794
3134.8276304442493
3120.7113274131443
3104.4142071517385
3083.9697604782414
3053.74658739295
3016.9789620570973
2972.6113852823696
3200.0682385281375
3200.0707366705196
3200.0691682089705
3200.0605843178027
3200.0480783921698
3200.0389368827105
3200.0284285769253
3200.0205193586053
3200.0190261029798
3200.0210167850464
3200.0241125221119
3200.0306945439497
3200.0477477306717
3200.0686694578758
3200.0860410348023
3200.0963032322311
3200.1018716343533
3200.1049805662674
3200.1062963918303
3200.1050341430405
3200.1021510921496
3200.0938483780869
3200.0868942994593
3200.0703955572853
3200.0581347751686
3200.0306888266045
3200.0133544347937
3199.9794669224407
3199.9621564640743
3199.9268353357252
3199.9093390220505
3199.8731919842162
3199.8534100690567
3199.8113866624781
3199.7878786994675
3199.7384313694038
3199.7117815443635
3199.6559622953546
3199.6257864550498
3199.5628638356466
3199.527308341007
3199.4518537363974
3199.4110524690273
3199.3230437396664
3199.2732144036495
3199.1676101318899
3199.1121307210019
3199.0000582053362
3198.9254220473249
3198.788490316203
3198.7174549689594
3198.5618970871396
3198.4724729878171
3198.2785690611736
3198.1753371736504
3197.9538651962202
3197.8311054291194
3197.5629011026508
3197.4147167111837
3197.0953356210725
3196.9184990508606
3196.5349486755513
3196.3192874112419
3195.8544595012581
3195.5930730539867
3195.0326409015343
3194.7121553346842
3194.0227613762777
3193.6186563097431
3192.7586706946463
3192.2415274775844
3191.2524146710698
3190.3412621306884
3189.2444065649506
3188.159394886774
3186.5098408636254
3184.8930133676099
3182.5713974902642
3180.2399848334667
3177.1506864201729
3173.6771337978589
3169.2691470872301
3164.7559085732751
3158.2071295743694
3148.0061376333538
3134.8172337657879
3120.780216159048
3103.8007014280779
3083.6793545897876
3052.1362683061711
3013.4251357433159
2966.1442197986416
3200.0695021571678
3200.072883974959
3200.0727923384879
3200.0672879117983
3200.0537391664088
3200.0434737222308
3200.0325923329333
3200.0238053959883
3200.0201042199974
3200.02161186077
3200.024049669767
3200.0299365468345
3200.046773473638
3200.0700535543747
3200.0881546950691
3200.0989988646643
3200.1049165560253
3200.108314608925
3200.1100345659938
3200.1094188933093
3200.1071534454663
3200.0991251724608
3200.0922180711482
3200.0757002832643
3200.0629320303992
3200.0317248442129
3200.0142569601803
3199.9775990523426
3199.959196501587
3199.9202092642854
3199.8995485372557
3199.8540997278114
3199.8282304388545
3199.7702207916982
3199.738713628205
3199.6703731576827
3199.6353298263703
3199.5583999491191
3199.51730429387
3199.4241639665188
3199.3728312573726
3199.2553262470428
3199.1921138184803
3199.0486353748811
3198.9749313767734
3198.8077597139818
3198.7238265044584
3198.5317709173187
3198.437159906513
3198.2184726084138
3198.1105902325135
3197.8584857378169
3197.7345803038488
3197.4427408263086
3197.2991470888301
3196.9588811790195
3196.7921593821134
3196.3971009957045
3196.2044253072454
3195.7480090744875
3195.5256511580401
3195.000001310691
3194.7426067068195
3194.1350509940794
3193.8337222250798
3193.1261598432216
3192.7688660149834
3191.9362928591431
3191.5063555321553
3190.5144280768532
3189.9852041384147
3188.8262615986287
3188.0225455571535
3186.745407408896
3185.7021772167295
3183.9121792438218
3182.5720459670915
3180.1001925897094
3177.9938980249162
3174.8968997301067
3171.6669442705847
3167.3431421621249
3163.0258042414007
3156.4948725196459
3147.2951485260915
3133.7701582849631
3120.3371772148248
3102.4004404986504
3082.8461250228174
3050.1703125305144
3010.5588024843287
2955.1070881508231
3200.0658224576368
3200.0710936092437
3200.0720214150679
3200.0691543113921
3200.0575706554414
3200.0451603331471
3200.0338363271817
3200.0246637071605
3200.0180050858467
3200.0141877883557
3200.0141797004817
3200.0168296261249
3200.0263462564121
3200.0495753720879
3200.0692089509062
3200.0807277686336
3200.086963583467
3200.0897103008469
3200.0907691485686
3200.0877844007005
3200.0844112184968
3200.0753819879274
3200.0596302953782
3200.0423125838925
3200.0267580145724
3199.9815859311866
3199.9581406646944
3199.9061854515912
3199.8789415510655
3199.8098739925995
3199.771598114572
3199.6799946621595
3199.6317323078883
3199.5134904073843
3199.4516890484074
3199.3044790385429
3199.2332675365587
3199.0632045935608
3198.9769721736943
3198.7661966540882
3198.6532768899615
3198.3787072778664
3198.2389644342065
3197.9096616611137
3197.7511021735254
3197.3769482540051
3197.1953413785627
3196.7620282587022
3196.5579019895226
3196.0676443798234
3195.8414776468121
3195.2914743691495
3195.0416231283721
3194.4283998391634
3194.1512214854665
3193.4600569319787
3193.1522859629204
3192.3819166581779
3192.0476938301758
3191.2050309310052
3190.8447629584484
3189.9268622323193
3189.5380611869364
3188.5386594088582
3188.1179289750598
3187.0283820007539
3186.5668040153587
3185.3662231744479
3184.8494260749303
3183.5070025382088
3182.9130446448262
3181.3844765932367
3180.6874912195817
3178.9480086114499
3178.0254148753415
3176.0114459049946
3174.8194699087448
3172.3366706832571
3170.4952474434981
3167.3091956585727
3164.4299671886142
3160.2447247365944
3156.1560250528923
3149.5776901854942
3142.6331363460299
3129.1996454437426
3117.9171639476485
3098.4199771723011
3081.2797319925121
3045.4461640565869
3009.1704748511206
2942.9021137834952
3200.0486877143394
3200.0562031058389
3200.0561290691567
3200.0518055625084
3200.0441236317461
3200.0320465194409
3200.0204274184812
3200.0096654172553
3200.0007059959185
3199.9898126365874
3199.9766630528597
3199.967478163549
3199.9658919786971
3199.968094101097
3199.9736341542434
3199.9750523993448
3199.9747503625472
3199.9601010172132
3199.9497930235407
3199.9154651896747
3199.8959178709529
3199.8376677132442
3199.8066709596983
3199.7213776377989
3199.6772233054112
3199.5579266149616
3199.4941557746433
3199.3260150575388
3199.2398464571197
3199.0188561483305
3198.9056024208908
3198.6170813910435
3198.4739211785595
3198.1169690015627
3197.9423837711943
3197.5040285726132
3197.2915332360431
3196.7781631722351
3196.4790171082018
3195.9685937314152
3195.5236481862908
3194.9237505724382
3194.3488443888077
3193.7297069450792
3193.0329516252168
3192.441243323442
3191.5190543154044
3190.8841483190308
3189.8834864591945
3189.1851875516713
3188.0812936372972
3187.3315734790194
3186.1134704612896
3185.4028133870002
3184.0413412757653
3183.2296088826374
3181.7745115518264
3180.9594285931503
3179.4363297100308
3178.6206589406056
3177.0078243614976
3176.1855456181111
3174.459343344633
3173.6471308765435
3171.8988381175786
3171.0585605172118
3169.253691476134
3168.4013571618293
3166.5561947179276
3165.6255354821938
3163.694152093432
3162.7207545803817
3160.6243961120408
3159.5813671426595
3157.3609492402784
3156.322630183327
3153.8996905587574
3152.6928210517381
3149.7487792809629
3147.9519206018917
3144.0534711014934
3141.2868984946144
3136.199852635666
3130.7686357579282
3126.728019499435
3115.3524658877714
3108.5185638911657
3088.272037950866
3074.6280189825943
3033.8724290307437
3005.1340004868007
2931.5690428711591
3199.9738364185896
3199.976686989648
3199.9629767075976
3199.9268480427741
3199.897940513797
3199.8822791442449
3199.8683558848261
3199.8629859557909
3199.8505210104904
3199.826309524407
3199.7730310388001
3199.7303746383395
3199.670757451257
3199.5744232107122
3199.5339340003311
3199.4140013900828
3199.3501267983183
3199.1781433994902
3199.0944577236392
3198.876341967019
3198.7582331603653
3198.4424228333833
3198.2835964486385
3197.8801400399643
3197.6810668747139
3197.173941687885
3196.9198186484987
3196.2800357308679
3195.9632299163559
3195.1819105655659
3194.8001334017408
3193.8625836078977
3193.4040270391988
3192.2887822483112
3191.7458476959141
3190.4345398172713
3189.8054978491909
3188.302189007381
3187.5924711045445
3185.9157288744896
3185.0854493181596
3183.2327608587807
3182.2208967627653
3180.2381505683747
3178.9980025658292
3177.0126196002648
3175.5575599610597
3173.4563945316995
3171.8033573697721
3169.6319270774902
3167.8489824820554
3165.6471063434287
3163.6532334973131
3161.4570950505545
3159.2667780210945
3157.0487915684489
3154.731329836362
3152.59560981201
3150.1656540478625
3148.1143226668828
3145.5488097519706
3143.5992865688477
3140.8837132053623
3139.0494686703469
3136.2857371084219
3134.5748096044817
3131.7652250779925
3130.1912177160875
3127.3845042458838
3125.8930503171614
3123.0418004482099
3121.6424014304575
3118.7044664794207
3117.3925669071282
3114.3916240178442
3113.3474321061935
3110.4046761283671
3109.4562143106928
3106.1094051279238
3104.9233269428764
3100.4138802730631
3098.7618386600279
3092.3046428290822
3088.7343739401308
3088.9436566351546
3081.4562811653591
3081.8428203456456
3062.8066668803481
3055.2270750283938
3007.5936118843092
2991.6260432546719
2904.7523399825923
3199.6094636854968
3199.5649381802605
3199.4241769049008
3199.1552569806563
3198.9253908187347
3198.8012409698208
3198.7365015144801
3198.7447960235882
3198.6409410083074
3198.498973405809
3198.2046206278324
3198.0039009870729
3197.6908525323161
3197.1860799345031
3196.9257015244843
3196.2821452455141
3195.8762661003861
3195.1396311868134
3194.6119813289802
3193.8003941088605
3193.1932903224965
3192.0286409079567
3191.4407508965423
3190.026327487627
3189.3074393262141
3187.6455772184395
3186.8266829639792
3184.9145463169543
3183.8875738902843
3181.7318273539036
3180.5385407523081
3178.163774213047
3176.7631893513981
3174.2021637589514
3172.5370240007546
3169.721654018495
3167.8305560002614
3164.8689470589366
3162.7802784236419
3159.5067472146638
3157.1698411960592
3153.6600192918195
3151.1597525901939
3147.4416505651834
3144.6209398666438
3140.8322640284669
3137.8249381102514
3133.9379437240682
3130.7117982366026
3126.7018266256755
3123.2620667289493
3119.2526418551865
3115.6237653611242
3111.7348021535777
3107.9273400560096
3104.0575489662924
3100.0674214662567
3096.334847166479
3092.2392107749688
3088.7226234759769
3084.5458206428566
3081.279613301303
3076.9912425548778
3073.9511138600578
3069.6509760060098
3066.8352544912891
3062.5392266526028
3059.9926788163557
3055.8114314041663
3053.4923710598637
3049.3939330250955
3047.3205942447926
3043.2888978982946
3041.4686837273284
3037.5478851180392
3036.2695314462776
3032.7013791273816
3031.8189436974903
3028.043379991409
3027.0929116762445
3022.1991533126084
3020.9451272163337
3013.2805241531728
3011.0100435869354
3014.7723967868192
3015.211077903482
3020.4046255136695
3005.764900200269
3009.4284947302381
2952.1640254832882
2961.4996595495659
2845.353710076587
3197.346543837255
3197.0554441308614
3196.1814008651913
3194.6435587589094
3193.3802223095081
3192.695441205698
3192.2161914824587
3192.1448519890305
3191.3801058596523
3190.6883465016472
3189.3227316994848
3188.6294809306019
3186.8752402172913
3185.9934575002885
3183.8149797495912
3182.7599574734109
3180.2133267778536
3179.0276592722189
3176.2164656886825
3174.8915907491769
3171.7850383117784
3170.2392379115186
3166.9078289340341
3165.0971534362743
3161.4301316695205
3159.2404889075865
3155.4138686475776
3152.8956375193306
3148.7062325774391
3145.7391456314567
3141.2735767005056
3138.0893617683723
3133.3616685141396
3129.8480271574908
3124.7818878201374
3121.0222850503019
3115.7258888478555
3111.7699518038617
3106.2768428359973
3102.0250791066815
3096.2002620244252
3091.6384944631181
3085.6553312156989
3081.0286291676002
3074.7666402828613
3069.9271402995664
3063.3309641750534
3058.3817672488385
3051.6297159812402
3046.6826145217801
3039.7001476392693
3034.7516392675748
3027.5210161425452
3022.7237434892327
3015.3596070868316
3010.7439660994687
3003.2684681140672
2998.9039434224474
2991.3616057852578
2987.3017373716352
2979.7618484640043
2976.086593147108
2968.6120705148819
2965.2858090807499
2957.9982642587247
2954.9664498299276
2947.8717475696126
2945.1120337610159
2938.3823008442414
2935.8448382393321
2929.493801442065
2927.1880130473355
2921.251043000761
2919.1859145402027
2913.7143254201519
2912.3205701973648
2907.6282023014865
2906.8403156773043
2902.2533794272422
2901.5839918152878
2895.974356340088
2895.1923236923162
2887.1032726051831
2884.0819791531139
2893.4873558640325
2901.3171265817091
2907.5816397112317
2901.7770760439466
2917.01512908825
2857.4783820256125
2901.6955087803503
2739.3728998704069
3183.0998306326301
3181.3510334451566
3177.5224904061029
3171.4077496940808
3166.9710746234127
3164.691987346534
3163.3947318643341
3162.5483639951135
3159.7832541638122
3157.6251143496124
3153.7626553846289
3151.5667088710993
3146.9788531784302
3144.5058709745176
3139.3052861243918
3136.4301184497372
3130.6769301733725
3127.6068497488627
3121.6978033333567
3118.1632416715283
3111.7438768655479
3107.9834405658298
3101.3982089571077
3097.4438928602926
3090.2997900181472
3085.8827552197599
3078.3648778944535
3073.7652883789988
3065.8092469388707
3060.827637094993
3052.3934468223392
3047.2472149104656
3038.4763892544147
3033.0675842459336
3023.751873948645
3018.1974909663595
3008.606034731175
3003.0827293565662
2993.1772672304401
2987.5604660105987
2977.253442199682
2971.5701816672417
2961.0352731294497
2955.3808383703977
2944.5745599525535
2938.9149261108737
2927.7248667415065
2922.0369589100515
2910.5544373799507
2905.0166228650169
2893.3142525578196
2887.8858962247232
2875.9640694679833
2870.6755087775819
2858.5887807811132
2853.5099487861717
2841.4125463323599
2836.6251883941854
2824.6515647627834
2820.1451861038595
2808.4211448161886
2804.1825942622349
2792.8018046376014
2788.884531562745
2777.931638015049
2774.3831259668409
2763.9143721802293
2760.7575491242069
2750.800915540176
2748.0585480614686
2738.633910281249
2736.3251487287648
2727.6392782136868
2725.4857661434653
2717.6293555203188
2716.1656637523743
2709.6608555629577
2708.7605514194429
2702.9082699012215
2702.231129579684
2695.4265980455079
2695.0634862321376
2686.1143824158294
2681.6590337044927
2697.2490811900016
2713.7539097464169
2724.3706219538531
2727.7346990084893
2742.1461564855572
2694.8729260882719
2798.6424579358932
2567.6285152811784
3105.2665940975853
3103.489073230412
3095.0574010991254
3080.417202484638
3071.4823703897878
3066.9729725904294
3065.4130885751929
3061.1051569689112
3057.41540068206
3048.4459643566488
3041.1473638546777
3033.1473587984806
3025.205108524322
3016.6864098569026
3008.4551590116425
2999.6991058508429
2991.3163482947971
2982.6678249687093
2974.4308016640589
2965.7485687254375
2957.2700650689085
2948.1860209552774
2939.3610853113314
2929.9709554181663
2920.7772613794205
2910.9040800577627
2901.1813385881255
2890.7776272367646
2880.5668081094755
2869.7512005224503
2859.1902381706618
2848.0932980217531
2837.2371698649949
2825.8497584571351
2814.7299946719631
2803.2250920364431
2792.0673012592442
2780.5488352003194
2769.3576052322883
2757.8114661798204
2746.5853213214132
2734.9926109251378
2723.6639960706598
2712.0664908938443
2700.7333260859782
2689.1559686097771
2677.8002796212022
2666.1411899405853
2654.6814168334895
2642.8395115164194
2631.2786478828943
2619.3821862602458
2607.8492092939496
2595.9296694561772
2584.5758234432255
2572.6065946873046
2561.4776245708053
2549.4684979003109
2538.6944071414136
2526.6951746972941
2516.4945979859176
2504.6047845454368
2495.1400973296118
2483.3402646399927
2474.8142679003845
2463.0629550832132
2455.5855304650963
2443.9169669772973
2437.5996008867619
2425.9181356733156
2420.7614744038442
2409.1989123645922
2405.1229594260376
2393.9615078894012
2390.7394970108708
2380.3882615764751
2378.3050000227163
2369.7486245713189
2367.1645752932732
2360.9743435094165
2355.5448422406566
2352.3748446430523
2342.5592370454201
2332.5753840057282
2356.9037136779712
2377.2152771950732
2393.5635498439069
2403.3394996285906
2418.3929840560736
2379.7874564029398
2531.0726815958838
2249.3921827654572
2766.6929615924814
2759.8207701732063
2748.2467359964594
2732.5379477906763
2720.8435219124153
2711.5315043083774
2706.869986328637
2695.8309758399091
2683.3125709483738
2669.8700070624891
2658.208514950431
2645.7203527414572
2632.1492663573072
2618.1149755893766
2603.4204425757898
2588.8320298813687
2574.0850554486883
2559.9718267159587
2545.9889922664397
2532.5009679172076
2518.8265600838017
2505.4498608275617
2491.8285734580236
2478.4445246904525
2464.7248562572599
2451.1543912645548
2437.1440564326972
2423.211532173606
2408.7464035337321
2394.3138234526841
2379.2795358460753
2364.2877223859759
2348.6827299848414
2333.1987839433737
2317.1293640797162
2301.3007123514967
2284.9576265485507
2269.0039349482381
2252.6194676951932
2236.7603038467792
2220.5310131284332
2204.9241353390817
2188.9444519875078
2173.6548592949803
2157.9237646210686
2142.9084427265711
2127.3543199254877
2112.5029446826825
2097.0185435057651
2082.2207436976269
2066.7033815814348
2051.8727006284066
2036.2467893002895
2021.3521034167902
2005.6486417729602
1990.7109684493271
1975.014827163375
1960.1382995450379
1944.5869056139102
1929.9086254224312
1914.6597356101106
1900.3254732731714
1885.5076202006771
1871.6415845966451
1857.3828150764741
1844.0764913853629
1830.4311712431038
1817.7658817321383
1804.7315125194095
1792.7647384318061
1780.2714517259501
1769.1217679762221
1757.0163976843091
1746.8901274315474
1734.7464746278636
1725.8015299008057
1713.234789106524
1706.218504703618
1692.9839009000259
1688.5522566957484
1674.1019390621718
1672.4587309911792
1656.842760598106
1646.4645124054293
1653.8553110048197
1662.1740667759771
1668.3954858052907
1669.6345960930892
1675.742062253177
1651.3494118841591
1743.9090132635517
1575.432424816313
3003.8386162227021
2970.3842750469507
2931.3843010211972
2886.5103381479362
2840.0024162413924
2789.5541227481008
2740.259180828501
2695.540561346656
2644.7064227692586
2584.4622136950584
2535.8165890813389
2501.7895757217225
2451.0204658099387
2385.2919778033079
2345.2902571275872
2327.1897010282423
2291.3938966178944
2235.731685898636
2200.1267136962842
2188.769832535243
2174.6054361489105
2138.0782854131407
2115.0930399096906
2108.6120735612312
2098.0640407536562
2070.9546186892735
2053.4006212101981
2047.0250466266118
2037.518615120096
2009.3318318438369
1988.9474002367879
1979.5785443527079
1958.8766814913906
1933.1585458056468
1915.4498012251597
1896.9723703617512
1871.0660401999496
1847.497295102213
1827.9874860994737
1812.7203228854783
3000.5559840936226
2968.0853390400594
2930.8590525532036
2888.7723871602898
2846.2364171187419
2799.5823908572165
2753.3532851680693
2711.693350009818
2670.1413373433602
2621.9713671582113
2568.1620046492449
2522.7293292173895
2493.6261688860614
2459.5089119561658
2404.4003726307492
2351.3431481707689
2324.1722575778354
2312.12610186131
2291.796179814532
2242.8965859472578
2200.7368611262559
2183.0700518672065
2177.6307196332405
2170.437270856783
2146.2315821623774
2109.0777751056844
2093.991999215054
2088.4929718809062
2080.6439548349858
2056.9495414640537
2032.2463572641473
2022.2643175666933
2008.1841552002181
1986.690712525776
1967.0597450525165
1951.2337542041437
1932.489929724627
1910.8438583289967
1891.3980865780081
1871.3569012668163
2997.9177019795261
2965.7873961423743
2928.3669092160076
2883.1114264176686
2840.63349379284
2801.0335216393642
2751.9060905344259
2699.3932694008504
2664.1240449460679
2630.1419993061099
2571.3805556890024
2513.3354209789754
2485.3378927117756
2463.8245452210226
2415.708523461089
2357.184268482089
2324.2839888948665
2312.3406072239909
2295.3988424011818
2249.053480468262
2207.5510422636476
2192.3932907919898
2186.4446694595031
2172.3727001537895
2134.8481635010439
2113.6873275738571
2106.962138053334
2098.5589544568156
2072.4722730893441
2048.4552085898135
2039.7008917174858
2029.0865080833435
2001.1309413252263
1984.5405875863225
1970.8247505367929
1950.6934498308872
1930.3996844670787
1911.6022885347127
1893.3975543349625
1875.2625320929326
2995.1815583820976
2960.9436408585011
2923.1629728176895
2882.6930931536845
2837.2853537085371
2788.9281387121455
2748.8365873970774
2707.668178991983
2661.2836893558697
2614.4754075925207
2566.4401779537961
2526.4959931786434
2497.2681314975875
2456.1987083159315
2401.328111803331
2363.6405762407367
2348.6615351169298
2330.7124563677244
2287.3806378450531
2242.9055442273843
2220.9804000167264
2213.801870986747
2205.0652884007491
2176.3116924871438
2137.8765316012923
2121.2839920103875
2115.617327112112
2107.9471095369531
2082.6240279755689
2052.4480681086529
2041.7161535901453
2032.5528817204504
2011.0817457628168
1989.4679845552764
1973.4618867583524
1957.1760815544162
1935.9898813098034
1916.2056168910794
1899.3937550493104
1881.0734176201554
2992.1366418289313
2959.5034694045348
2916.8814023948503
2870.6285582905043
2835.8475741060915
2791.8210046647232
2733.0944031954473
2692.6886627288382
2666.4798990330064
2618.2539112264917
2553.9467095882428
2513.4659841187663
2494.9202349067064
2461.5610197352598
2404.9283188672584
2361.5281006649157
2344.360344616015
2331.5689487072523
2298.0904624279742
2251.2529727134051
2225.6904253842117
2217.1291285382104
2208.7147653796974
2182.2776215391705
2143.6996868604829
2126.1057931902428
2119.8796267532721
2110.3697488098837
2080.5141324845763
2054.5924348720246
2045.9376813955896
2031.6537063457645
2008.527192633579
1990.1116285685789
1972.9207348844052
1955.3167188833002
1934.4542661797054
1914.9082400761558
1898.3833308936778
1880.6721193963349
2987.3071124877742
2951.4480460381583
2915.0591198191019
2869.8908511885834
2819.5838065398466
2778.0671724212852
2739.4147995389449
2689.8991092104816
2647.0443899430434
2605.9779691487283
2555.9399454063905
2516.7138400832032
2491.4493140034692
2451.4005713857523
2399.6617631754366
2367.3612246825619
2354.8041642428425
2336.7589800086048
2293.5848828891208
2253.4733465910926
2234.5322326916194
2227.4365971134362
2216.574338811477
2182.4933667265186
2147.195200786161
2132.9169782196818
2126.6620420509198
2114.1074286094126
2079.3952503793903
2057.2237728915707
2049.1491861659238
2034.0918966325087
2005.6883863588278
1991.4748211015913
1975.4250853926551
1953.0046201916596
1933.715464732365
1916.6992834929049
1898.4244623902803
1879.8520169144444
2985.9854159192619
2947.3928056183627
2898.8668937528482
2863.220983524951
2827.9592508103697
2767.1254392083511
2712.9433947199059
2687.6063173067978
2656.0760788026942
2595.721500005794
2538.2951453479454
2509.8055666036053
2492.1440083602834
2453.8485363574405
2399.2841810951973
2364.7944335465077
2352.0941907663564
2339.3022063205326
2303.7218777549997
2260.0437127856931
2238.2276921849993
2230.3924137063464
2220.4162410787362
2189.3097172543512
2152.1991340519812
2136.6497298754916
2129.8082615590233
2115.7380994799328
2079.6440544988354
2059.2062075432304
2050.6865678057866
2032.4988467913033
2006.0061212397436
1988.8155200252543
1974.7832541064754
1952.8191603517198
1930.2150813619839
1913.8056705930644
1897.4363874328017
1878.6938346522168
2978.6550742406062
2947.2408300439292
2897.5945866259713
2841.6083096448956
2810.8008367026778
2776.4088732592636
2712.5058726289512
2658.9011350653477
2635.6412012129467
2602.8906265630203
2540.1773211833997
2498.005144457617
2481.4814012156407
2454.4915146515114
2404.0157374149962
2365.2609717719452
2350.0977293617452
2339.7221537127002
2312.2897597607989
2266.7252082995692
2241.47479038848
2232.577720056247
2223.420739624446
2195.6100089251431
2156.3604016751933
2139.1423838509986
2131.6683575935012
2115.4024859781912
2080.1305955838334
2064.8088323533325
2050.4344351720888
2028.7594041757616
2007.0096885051576
1987.5342340297036
1972.4609964955346
1951.3893878553145
1928.4592579846033
1912.1472131829844
1895.7826510806754
1877.0048533109475
2971.4299212636552
2933.085531217127
2897.9532980655367
2843.6382791562219
2786.415240816953
2758.6373277581533
2717.4573481773159
2652.8415766491576
2619.619581208774
2593.8735685972438
2537.5800118369434
2491.9905728168133
2474.5794805071901
2453.8403819730888
2407.0566799262424
2367.5630254723583
2351.4562365766033
2341.5020636949612
2316.1699120891085
2271.5523407293413
2246.8465210378718
2237.9006244902248
2226.5282583283974
2192.9126932728777
2159.7022616355011
2147.3458721503407
2136.2771293968726
2106.3257845438575
2080.2112343264926
2069.8504707981019
2050.386017080787
2021.497127198254
2007.0647327736656
1988.2961184829489
1967.0030233179248
1948.5781923418342
1928.6272149465249
1908.8177021819549
1891.9675927939602
1874.836784421319
2972.1952828276412
2923.1890102283596
2876.0729873071932
2846.0075407559148
2791.2319257198005
2734.0923572619181
2699.5858996107486
2656.4087846152938
2615.687446644421
2577.690769754081
2529.2119130332435
2494.6770769476116
2477.8054890789736
2446.6394475295465
2401.5184206982535
2372.5140478503872
2361.4282483534021
2346.1361482347511
2307.2351252756362
2273.65573952872
2259.4316883717484
2249.1353530557176
2222.8738833414586
2184.7868304597646
2164.462598443798
2155.2825918957974
2137.8575700438719
2101.4939076462815
2078.5397714703895
2069.0557546837954
2051.0215120956873
2018.7527872599683
2003.5436646099283
1987.6847851026821
1965.7855759440033
1944.7833327525364
1926.1448831620028
1907.1367270118092
1889.3811726881638
1872.5813334891723
2966.5727425893906
2924.8063876244992
2863.6622152057907
2821.5187135741107
2793.9921654959667
2732.9778101701627
2676.4645858191307
2648.0582379008242
2616.0232085400412
2566.2937013399292
2519.8237353266845
2496.786064104554
2477.1531568173959
2438.663693995491
2399.6412772378239
2380.4015298349209
2369.5578596483151
2345.8769497576782
2305.3378129067478
2276.9764935310459
2264.6758979624328
2253.1105299072528
2223.6959972607606
2185.9116876984176
2164.4450746038583
2155.1178517412495
2140.9011702451558
2104.8775258121841
2074.1420615518891
2062.0180958019937
2052.2032401650922
2024.0567487163098
1998.0221781208165
1983.169559364627
1966.5893817244737
1943.7375779878885
1921.625555414613
1904.7891338897043
1888.0283186609759
1870.3407471431601
2956.2994284656797
2913.8907681887308
2863.9046278566752
2812.3799819780338
2772.7391296918513
2726.0418146921597
2668.0550009779195
2636.7263647415703
2611.0062649152565
2560.2675910993203
2513.8877162335334
2494.724679337925
2477.4861548329773
2440.2531172278345
2401.7539196635089
2381.9893073174412
2371.3957144884798
2349.5271936654631
2309.8787285774188
2277.8662978392704
2262.3660845074232
2253.076708673017
2233.4630187381795
2191.1436971674007
2160.2032552908227
2147.3230030485238
2138.5547175117417
2115.5012152319273
2075.2503753439255
2057.2281559235371
2047.8056358535744
2024.5050020076076
2000.0155442024129
1979.9017476035913
1962.9393125376446
1942.6943645495592
1919.8196668607809
1901.7085133344981
1885.7743686361002
1868.3445207358254
2954.0253757425858
2899.1365167582317
2848.3414068333345
2812.2207046604672
2768.8159333685576
2707.9275844674148
2656.201380437285
2632.4633387127446
2605.4717356014285
2553.3875666379631
2508.7822844502361
2490.7679954978939
2477.4956191294727
2446.372611737208
2405.2056086430657
2378.9160818053278
2367.4044605718859
2354.8728500835541
2322.7890182449592
2281.4632849492882
2257.3524850641543
2247.4701434064996
2235.6363065260425
2201.976470537968
2161.6325774504153
2143.6475674534468
2135.2794966045244
2117.1910972420828
2076.5161687239074
2056.8414741132797
2046.4434425259656
2022.6300293568447
1999.1468885623121
1977.9896439800689
1961.1693720836315
1941.0482290197347
1917.9112423628028
1899.7151324473584
1884.3039598822875
1866.7821915220909
2951.0855057124777
2897.6856586951471
2829.5382447984894
2792.4812062048759
2767.3454556292559
2707.4584105811941
2643.6667107856933
2616.8250066381765
2599.4461501356577
2555.6062935260461
2506.9032508317487
2485.1609099859197
2474.8364047221899
2453.8716168797719
2410.7264368783558
2378.5998298077407
2364.3736976486771
2354.391191617528
2330.8114904984905
2285.8427326399883
2257.2809622624177
2246.1326307833856
2235.364419297639
2204.8597754575785
2162.5708448219293
2142.9450936486078
2134.466672991256
2116.982403032508
2076.2994095664926
2056.8478748497469
2044.9427052689487
2020.9972502345277
1998.5913347027683
1976.9719999840338
1958.7310722914265
1939.1595568510102
1917.6314628214127
1898.1147340947323
1881.8832728376954
1865.2868199042807
2941.0310466888768
2895.2408240857972
2828.2376630222216
2766.9017279807254
2740.9729709578137
2712.5513383717112
2646.0186918873337
2598.7013356182138
2583.1014172260634
2555.1685389977893
2510.2962506910717
2484.7672317263437
2473.6962886210722
2453.8909170644274
2413.3827014991043
2380.857120179166
2365.9485271551307
2355.7432087954694
2331.7901196342023
2287.0580133511971
2258.5610936879543
2247.2977906927044
2235.942249354297
2203.8163126426448
2162.8908441071721
2144.4583430429757
2135.5517012748519
2115.0986578715901
2075.23216982647
2058.3172853095953
2044.4062144006559
2018.3973376050587
1999.083146557201
1976.2603499955221
1956.3259529931988
1938.343538179864
1916.8495521348666
1896.1722506131935
1880.2748509916753
1864.3559828639659
2928.3274030274029
2885.1638825490363
2829.0486298478277
2759.5836732446264
2715.1371764451633
2695.9465167040007
2654.8893674909705
2593.5569491100141
2567.1741945153681
2551.41196593208
2514.7466180505912
2486.8661460376188
2473.8488698238066
2450.4832922579767
2413.6953180931187
2385.0876010613333
2371.8784908774378
2358.773645252285
2326.2257750514668
2285.5515447962593
2262.3080018610794
2252.2096442770267
2236.9628124940991
2197.3469036498532
2162.1887055833786
2147.4008743106597
2137.6289249354686
2111.6566731528574
2072.8538334682248
2057.6878823058905
2044.5728418668566
2015.673634038521
1997.6051770908628
1976.112072170871
1953.7184220257163
1936.4610131956645
1916.659065903033
1894.8456183653545
1878.0253485566125
1863.402139408689
2915.7989727427826
2867.7441722765002
2824.7483950136725
2760.6447486937486
2700.273596679508
2675.9693090687811
2651.9780752298789
2597.5272821052299
2557.1338479022625
2543.9804766766119
2520.3159931534019
2489.0712016765574
2471.7859131983564
2449.8753189624226
2415.5137339065532
2388.996635960194
2376.1588450113136
2357.7863597678611
2321.8836154227424
2285.8507375004269
2266.2958217672958
2255.9547078014384
2235.7235109076905
2193.7256543450731
2161.5432784281429
2147.9657879706083
2137.949594924044
2110.5197383041373
2071.6464665734766
2056.9907613038722
2042.7610334360234
2014.8429501593337
1996.895970946141
1975.4055309734078
1951.9658377422338
1934.4258904323237
1915.948077010398
1894.0038644781766
1876.1573062545283
1862.4684009123212
2912.0210376411969
2847.4586093414509
2809.6704200839131
2759.6599388291565
2697.1459848546679
2662.5474089759464
2642.4178727989115
2598.566829035708
2554.305540323538
2536.7114961380767
2525.173364815083
2496.4277589065655
2464.2734307375767
2447.5373729554744
2424.5253789422127
2392.8440585835151
2371.1380637355137
2356.1298870611145
2327.792658683717
2289.4512730718907
2262.9431896603628
2251.4549005707136
2237.1573858908114
2199.6213414162207
2161.5548986846584
2144.8160679900539
2135.2456669078956
2110.5934517795263
2072.8002970141524
2058.7051647406524
2039.3507320953352
2013.701563691732
1997.1981932142639
1974.8886362078897
1950.3117752669332
1932.8303337756929
1914.7889846133946
1893.1688375842371
1874.5537266807298
1862.5636992467596
2911.6753926052252
2839.3187883596356
2786.7158298943368
2749.8062362333771
2698.860000837913
2654.3139365732918
2630.9868730223588
2593.4473087208148
2553.6002509637433
2536.1682315823768
2525.9928242766646
2502.3858141357218
2463.5051415618477
2439.688278286656
2427.6302592140923
2403.6821586866317
2367.1569862026854
2349.2072010707302
2331.5984265079614
2294.94844619072
2262.5793118147012
2248.5268116061047
2235.2446411993665
2200.3029992451748
2162.3149905955129
2146.0253479325238
2135.3249428100125
2106.254484280857
2073.3593185485179
2060.6651128371209
2036.6106674418006
2012.8099944997257
1996.6343178564875
1973.5029723571884
1948.7520667888357
1932.0113324281192
1913.5026930276072
1891.5856263333487
1872.9295798738417
1863.4375995185937
2904.6388162290268
2839.0203921912794
2769.4087233473369
2728.197757852432
2693.8721299002395
2652.5869224847565
2620.3400869338011
2583.794035504422
2551.4226694017734
2537.9396025227043
2527.3879284231525
2501.5023122736006
2462.0369829369838
2438.2772356014075
2427.2259495282801
2407.9117410986842
2367.00780972642
2343.7743717889985
2329.8096219223025
2297.5565674966751
2263.05341664151
2248.106228906478
2233.4095692700507
2196.6807124483416
2162.7237207994021
2149.0402754877919
2134.3693072270389
2098.6816870222219
2075.8941640843022
2061.8802439937276
2031.7922896801226
2011.5709460509054
1995.0188885754019
1972.1035582848999
1946.3077949457415
1930.3224065990755
1910.8810831670557
1890.3582589863865
1869.7887729746963
1865.6613049197731
2886.0271534404974
2831.78142210028
2762.7428384369591
2703.1420984667625
2675.8962216571158
2648.3613836580257
2611.3464225609323
2572.0023461423807
2546.8027323942183
2536.6601011956386
2525.6358379148
2497.4845668209355
2458.8244829562627
2436.8442923113817
2426.1690072543706
2405.9062784398693
2364.0265318396332
2341.9221706548337
2327.2874237967881
2293.1429448862782
2262.6708065564148
2249.4152832223917
2227.700416588817
2188.7599331761094
2163.8156365375139
2151.6973057038535
2126.5652728963323
2092.8519180417911
2077.5116962550401
2057.6930052184466
2026.6612987550041
2008.297368990583
1993.4754141139726
1966.9288741881978
1942.3087969581518
1926.8734991150627
1907.1799396048862
1885.3722086073089
1865.8398962599067
1868.2270246202784
2864.695916754034
2802.7243845915132
2747.3443764714466
2687.0885823709373
2649.5056790093495
2624.2027370783753
2593.1510439103522
2559.0404830732364
2537.349517387278
2528.1715580054588
2516.938574452407
2488.4817193195386
2451.4655116788913
2431.4730260689689
2420.4536791229784
2397.3829567822786
2356.404585201009
2337.2036038870961
2319.9550653957535
2283.5957982227428
2259.6341758207832
2244.9923271765056
2213.2964079179833
2180.8942648006519
2166.1577611328476
2141.7708002418121
2111.1455519370888
2089.1411508763845
2074.7314531417878
2044.5787808521061
2018.1698522004451
1998.4946294416873
1986.0896569308602
1957.2028652990343
1936.1387563199576
1912.2023745485301
1900.4138917023045
1873.3774287261181
1859.5052311904246
1868.3605330970095
2839.5917570538868
2755.7234061288655
2700.5122535600945
2651.8871249804133
2614.517699147947
2581.8692390657352
2554.2761704474265
2529.7096535345663
2513.3053058185283
2504.7283072036676
2493.3614913534334
2465.6293632789843
2431.5222800281213
2415.3036679154216
2401.714712109982
2370.3627671345876
2345.5377973382406
2321.8393843564959
2291.014212575496
2269.6227007062548
2250.4072863791125
2218.3649835088536
2188.0184386771357
2170.241812070672
2150.2054053353163
2117.2050366509238
2088.7143270953243
2072.5807998942073
2056.4050528775933
2023.7433835343909
1995.5778498647173
1978.8320845892749
1964.9218465896731
1934.0546660249302
1915.8031937448095
1893.6552739736655
1877.0561544270936
1852.1144492118915
1833.5131406707465
1865.0580812017047
2782.6001734307947
2688.6245189228871
2625.9877280194919
2581.9565118577207
2550.9349856905596
2511.4917607059929
2486.4123452347999
2472.3939479918936
2461.8202439864472
2454.2622112743265
2442.5787136832755
2414.7823679597986
2386.8703008863195
2373.7416485901131
2353.9823482122601
2326.4787598884518
2301.3550229259004
2277.3822659110583
2252.2794625224087
2226.828471476696
2200.9215011895917
2175.6851901887194
2154.1830339822304
2126.3807003094885
2095.279733330256
2073.7115377605928
2059.3323814962159
2029.2099257104126
1997.7581368828833
1976.6904123487586
1964.2066291270585
1938.1190929907245
1911.5661810503696
1887.1868366637777
1874.1259902321594
1850.1912588121493
1830.6523780852151
1806.8033536203425
1776.1240383211905
1849.2918350317539
2676.57006982246
2566.0948910951588
2514.6782448845088
2473.6354060806334
2437.1733273639675
2400.7592441315787
2385.0131694518532
2376.8751479895332
2367.2663501547813
2359.7469185191026
2349.6198811468175
2325.5507093765709
2301.1107650280601
2285.6987163522622
2266.526655921311
2241.1823490370316
2219.1277895772264
2191.9087547471249
2168.2023776018818
2144.3674634549143
2121.0931847204965
2092.1494543753083
2071.3491633702697
2042.4361105183882
2018.2612167122311
1992.9688957735241
1974.2705807811326
1942.6135798209984
1923.5067164017894
1896.5119725648767
1879.0534306962961
1850.5412706058548
1834.9663033591339
1806.2031065285912
1792.3809589307141
1762.8957540894075
1751.4025769065865
1719.3406415505351
1670.2587067633078
1806.2299078851211
2513.1458446243164
2382.9515087718096
2342.3820080902306
2307.7140602654626
2266.5208840428763
2227.9768671274846
2222.3162096389215
2220.2369632460973
2214.4942087419981
2206.8197226261623
2196.8611853824218
2175.9497185151049
2153.7263830829206
2139.2234511941988
2119.14309425794
2096.2991262411851
2072.7133150144564
2047.115383772644
2025.3186574115155
2001.196449069397
1975.2258558964297
1950.4750112098357
1929.19556247882
1897.5271240828995
1874.4207267879965
1852.0605348686206
1831.0609829656535
1797.6377595997349
1779.974681059173
1754.101259042292
1736.3353742807267
1706.4496182494211
1690.6038834212789
1662.480566768397
1648.9856678744281
1619.2612378216463
1609.4819409647828
1566.0349544564331
1490.9141487224204
1708.8565807839443
2208.730898505753
2069.3475406639618
2026.9758013378637
2029.9808536253333
1951.9469883781662
1926.5726107928149
1929.7782514843441
1929.6372684355276
1925.0004493635251
1917.4091375117616
1907.1315791859402
1888.7697423218981
1867.7791924852331
1853.7093580792937
1834.1176241356266
1810.9854735231331
1791.4241802385247
1766.9674024992682
1745.8982873268933
1721.1500532676455
1701.1015087663136
1675.4425952451511
1655.2452555535135
1625.2856462764337
1608.8752651490504
1583.2833894201447
1564.918874386796
1535.5148386229077
1521.2623262565453
1495.0903365424233
1480.653855227001
1454.0115799870805
1441.3020827796315
1415.9106493753297
1404.6879578950829
1375.996424462312
1374.1042703361259
1326.2119570805064
1235.3322735864404
1506.7146586252793
1556.2885822059864
1448.2483880345892
1436.8834168972994
1427.8812060584712
1384.9396719954254
1361.8985262458175
1365.0596041395299
1362.9326343552523
1358.2943874131413
1352.0709899600215
1344.5474527759088
1333.8382125112314
1321.3824828552404
1312.6931647371212
1302.0100039041747
1288.9083964834842
1277.674812171535
1264.7065262726906
1253.3622425921653
1239.7920450153076
1229.4146593842013
1216.4881027347656
1206.2399927072113
1191.7660681898872
1183.5503138186084
1172.0564081278485
1163.7225550222554
1151.1322898514898
1144.8237786387947
1134.7937401684335
1128.8433025657803
1119.6856830396541
1115.029008011483
1107.029403969673
1103.2028449161041
1095.0046056914102
1099.6985187920945
1074.7902037917545
1003.1727576526193
1174.9759128094815
)
;

boundaryField
{
    inlet
    {
        type            fixedValue;
        value           uniform 3200;
    }
    outlet
    {
        type            zeroGradient;
    }
    fluid_to_graphite
    {
        type            fixedValue;
        value           uniform 893.83600000000001;
    }
    wedgeBack
    {
        type            wedge;
    }
    wedgeFront
    {
        type            wedge;
    }
    defaultFaces
    {
        type            empty;
    }
}


                                                                               
