                                                                               
                             
                                                                   
                                                            
                                          
                             
                                                                               
FoamFile
{
    format          ascii;
    class           volScalarField;
    location        1 / fluid;
    object          k;
}
                                                                               

dimensions      [ 0 2 -2 0 0 0 0 ];

internalField   nonuniform List<scalar> 
4592
(
1.5175951719284058
1.5124919414520264
1.5083698034286499
1.5050013065338135
1.5024642944335938
1.5007685422897339
1.500022292137146
1.5000854730606079
1.5006183385848999
1.5015183687210083
1.5028895139694214
1.5047037601470947
1.5069633722305298
1.5095757246017456
1.5125991106033325
1.5159987211227417
1.5197615623474121
1.5239073038101196
1.5284149646759033
1.5332796573638916
1.538489818572998
1.5440083742141724
1.5498229265213013
1.5559159517288208
1.5622707605361938
1.5688517093658447
1.5756518840789795
1.5826584100723267
1.5898450613021851
1.5971980094909668
1.6047168970108032
1.6123783588409424
1.5178226232528687
1.5130425691604614
1.509390115737915
1.5066243410110474
1.5048981904983521
1.5042054653167725
1.5045970678329468
1.5056272745132446
1.5072208642959595
1.509354829788208
1.5120552778244019
1.5152450799942017
1.518932580947876
1.5230672359466553
1.5276823043823242
1.5327425003051758
1.5382248163223267
1.5441125631332397
1.5503871440887451
1.5570311546325684
1.5640214681625366
1.5713396072387695
1.5789564847946167
1.5868484973907471
1.5949915647506714
1.6033338308334351
1.6118526458740234
1.6205335855484009
1.6293594837188721
1.6383053064346313
1.6473455429077148
1.6564511060714722
1.5182045698165894
1.5136770009994507
1.5102845430374146
1.5078113079071045
1.5063244104385376
1.5058196783065796
1.5062828063964844
1.5073627233505249
1.5089951753616333
1.5112028121948242
1.5140006542205811
1.5173327922821045
1.5211849212646484
1.5255333185195923
1.5303579568862915
1.5356563329696655
1.5413792133331299
1.5475032329559326
1.5540238618850708
1.5609104633331299
1.5681397914886475
1.5756865739822388
1.5835164785385132
1.5915912389755249
1.5999045372009277
1.6084388494491577
1.6171587705612183
1.6260377168655396
1.6350549459457397
1.644182562828064
1.6534066200256348
1.6627066135406494
1.5189054012298584
1.5147163867950439
1.5116150379180908
1.5093473196029663
1.5080329179763794
1.507632851600647
1.5081998109817505
1.5093227624893188
1.5110145807266235
1.5132566690444946
1.5160356760025024
1.5193312168121338
1.5231512784957886
1.5274677276611328
1.5322738885879517
1.5375542640686035
1.5432614088058472
1.5493788719177246
1.5558890104293823
1.5627771615982056
1.5700176954269409
1.5775893926620483
1.5854493379592896
1.5935842990875244
1.6019641160964966
1.6105726957321167
1.6193666458129883
1.6283249855041504
1.6374322175979614
1.6466511487960815
1.6559803485870361
1.665400505065918
1.5198714733123779
1.5163346529006958
1.513674259185791
1.5118403434753418
1.5107510089874268
1.5105406045913696
1.5110681056976318
1.5121434926986694
1.5137734413146973
1.5159518718719482
1.5186554193496704
1.5218701362609863
1.5256245136260986
1.5298833847045898
1.5346367359161377
1.539852499961853
1.5455297231674194
1.5516364574432373
1.5581544637680054
1.5650750398635864
1.5723682641983032
1.5800125598907471
1.5879789590835571
1.5962321758270264
1.6047534942626953
1.613494873046875
1.622445821762085
1.63158118724823
1.6408746242523193
1.6502784490585327
1.6598185300827026
1.6694613695144653
1.5201537609100342
1.5167683362960815
1.5142586231231689
1.5125806331634521
1.5116397142410278
1.511443018913269
1.5119625329971313
1.5129737854003906
1.5145789384841919
1.5166916847229004
1.5193425416946411
1.5224884748458862
1.5261666774749756
1.5303382873535156
1.5350264310836792
1.540204644203186
1.5458470582962036
1.5519371032714844
1.5584571361541748
1.5653923749923706
1.5727100372314453
1.5803958177566528
1.5884226560592651
1.5967544317245483
1.6053563356399536
1.6142089366912842
1.6232953071594238
1.6325736045837402
1.6420328617095947
1.6516127586364746
1.6613408327102661
1.6711909770965576
1.5206784009933472
1.517528772354126
1.5152099132537842
1.5136854648590088
1.512871265411377
1.5127618312835693
1.5132838487625122
1.5142906904220581
1.5158714056015015
1.5179398059844971
1.5205063819885254
1.5235992670059204
1.5272195339202881
1.531353235244751
1.5359984636306763
1.5411496162414551
1.5467803478240967
1.5528784990310669
1.5594184398651123
1.5663737058639526
1.5737253427505493
1.5814625024795532
1.5895431041717529
1.5979306697845459
1.6066174507141113
1.6155796051025391
1.6247819662094116
1.6341968774795532
1.6438001394271851
1.6535415649414062
1.6634484529495239
1.6734856367111206
1.5211342573165894
1.5183024406433105
1.5163037776947021
1.5149217844009399
1.5141888856887817
1.5140914916992188
1.5144913196563721
1.5153352022171021
1.5167325735092163
1.5186443328857422
1.5210775136947632
1.5240322351455688
1.52752685546875
1.5315482616424561
1.5360912084579468
1.5411398410797119
1.5466687679290771
1.5526593923568726
1.5591124296188354
1.5659985542297363
1.5733147859573364
1.5810222625732422
1.5890941619873047
1.5974993705749512
1.6062169075012207
1.6152143478393555
1.6244843006134033
1.6339859962463379
1.6436846256256104
1.6535558700561523
1.6636073589324951
1.6738409996032715
1.52104651927948
1.5179897546768188
1.5157718658447266
1.5142470598220825
1.513466477394104
1.513319730758667
1.5137811899185181
1.5146795511245728
1.5160864591598511
1.5179741382598877
1.5203661918640137
1.5232611894607544
1.5266993045806885
1.5306590795516968
1.5351179838180542
1.5400658845901489
1.5454883575439453
1.551384449005127
1.5577472448348999
1.564570426940918
1.5718272924423218
1.5794893503189087
1.5875481367111206
1.5959652662277222
1.6047230958938599
1.6137938499450684
1.6231417655944824
1.6327464580535889
1.6425857543945312
1.6526280641555786
1.6628793478012085
1.6733390092849731
1.5209789276123047
1.5178136825561523
1.5154166221618652
1.5137076377868652
1.512725830078125
1.5124623775482178
1.5129925012588501
1.51396644115448
1.5153937339782715
1.5172630548477173
1.5195966958999634
1.5224065780639648
1.5257275104522705
1.5295398235321045
1.5338338613510132
1.5386229753494263
1.5438809394836426
1.5496164560317993
1.5558470487594604
1.5625361204147339
1.5696734189987183
1.577252984046936
1.5852513313293457
1.5936462879180908
1.602415919303894
1.6115149259567261
1.6209359169006348
1.6306530237197876
1.640650749206543
1.6508996486663818
1.6613775491714478
1.6721137762069702
1.5209684371948242
1.5177687406539917
1.5152895450592041
1.5134772062301636
1.5123614072799683
1.5120036602020264
1.5124610662460327
1.5133253335952759
1.514707088470459
1.5165094137191772
1.5187852382659912
1.5215049982070923
1.5247055292129517
1.5283639430999756
1.5324884653091431
1.537092924118042
1.5421770811080933
1.547751784324646
1.5538086891174316
1.5603619813919067
1.5673909187316895
1.5748800039291382
1.5828273296356201
1.5912085771560669
1.5999938249588013
1.6091506481170654
1.6186801195144653
1.6285467147827148
1.6387490034103394
1.6492377519607544
1.6599876880645752
1.6710234880447388
1.5207346677780151
1.5174275636672974
1.5148333311080933
1.5128589868545532
1.5115340948104858
1.5109094381332397
1.5111279487609863
1.5118272304534912
1.5130445957183838
1.5146698951721191
1.5167551040649414
1.5192805528640747
1.5222747325897217
1.5257219076156616
1.5296322107315063
1.5340543985366821
1.5389751195907593
1.5444022417068481
1.5503362417221069
1.5567959547042847
1.5637574195861816
1.5712299346923828
1.5791988372802734
1.5876342058181763
1.5965231657028198
1.6058377027511597
1.6155601739883423
1.6256755590438843
1.636150598526001
1.6469553709030151
1.6580543518066406
1.669548511505127
1.5203397274017334
1.5168086290359497
1.5141153335571289
1.5120130777359009
1.5105286836624146
1.5096007585525513
1.5094147920608521
1.5098484754562378
1.5107169151306152
1.5119556188583374
1.5136314630508423
1.5157766342163086
1.5184282064437866
1.521578311920166
1.5252698659896851
1.5294913053512573
1.534267783164978
1.539595365524292
1.5454868078231812
1.5519336462020874
1.5589281320571899
1.56645667552948
1.5745205879211426
1.5831130743026733
1.5921943187713623
1.6017614603042603
1.611797571182251
1.6222803592681885
1.633150577545166
1.644423246383667
1.656025767326355
1.6681185960769653
1.5201295614242554
1.5163486003875732
1.5134091377258301
1.5110105276107788
1.5091967582702637
1.5078557729721069
1.5071793794631958
1.5071715116500854
1.5076544284820557
1.5085437297821045
1.5098930597305298
1.5117477178573608
1.5141171216964722
1.5170353651046753
1.5204911231994629
1.5245480537414551
1.5291930437088013
1.5344098806381226
1.5402368307113647
1.5466781854629517
1.5537166595458984
1.5613638162612915
1.5696032047271729
1.5784027576446533
1.58775794506073
1.5976580381393433
1.6080716848373413
1.6189743280410767
1.6303539276123047
1.6422157287597656
1.6544773578643799
1.6672955751419067
1.5199803113937378
1.5159662961959839
1.5126755237579346
1.5098950862884521
1.5076178312301636
1.5057960748672485
1.5046314001083374
1.5041766166687012
1.5043599605560303
1.5050040483474731
1.5061221122741699
1.5077512264251709
1.5099228620529175
1.5126738548278809
1.5159960985183716
1.5199402570724487
1.5244892835617065
1.5296604633331299
1.5354775190353394
1.5419516563415527
1.5490604639053345
1.5568138360977173
1.5651997327804565
1.5742243528366089
1.5838553905487061
1.5940800905227661
1.604896068572998
1.6162995100021362
1.6282068490982056
1.6406440734863281
1.6535487174987793
1.667122483253479
1.5197142362594604
1.5154263973236084
1.5117822885513306
1.5086158514022827
1.5059313774108887
1.5036772489547729
1.5020796060562134
1.5012181997299194
1.5011343955993652
1.5015733242034912
1.5025255680084229
1.504004955291748
1.5060393810272217
1.5086584091186523
1.5118603706359863
1.5157064199447632
1.5201891660690308
1.5253138542175293
1.5311172008514404
1.5376238822937012
1.5448040962219238
1.5526723861694336
1.5612262487411499
1.5704632997512817
1.5803407430648804
1.5908800363540649
1.6020381450653076
1.6138417720794678
1.6262508630752563
1.6393004655838013
1.6528098583221436
1.6670411825180054
1.5194699764251709
1.5149368047714233
1.5110087394714355
1.5075216293334961
1.5044631958007812
1.5018643140792847
1.4999541044235229
1.4987261295318604
1.4983125925064087
1.4985816478729248
1.4994117021560669
1.5007673501968384
1.5026679039001465
1.5051567554473877
1.5082551240921021
1.5120073556900024
1.516421914100647
1.5215010643005371
1.5272672176361084
1.5337424278259277
1.5409226417541504
1.5488234758377075
1.5574296712875366
1.5667771100997925
1.5768246650695801
1.5876027345657349
1.5990660190582275
1.611228346824646
1.6239895820617676
1.6374199390411377
1.6513127088546753
1.6660419702529907
1.5192725658416748
1.5145378112792969
1.5103899240493774
1.506645679473877
1.5033466815948486
1.500497579574585
1.4983059167861938
1.4967893362045288
1.4960874319076538
1.4961346387863159
1.4968103170394897
1.4980337619781494
1.4998010396957397
1.5021473169326782
1.5050712823867798
1.5086642503738403
1.5129163265228271
1.5178353786468506
1.5234415531158447
1.5297765731811523
1.5368399620056152
1.5446523427963257
1.5532040596008301
1.562524676322937
1.5725923776626587
1.5834453105926514
1.5949881076812744
1.607283353805542
1.6202046871185303
1.6338654756546021
1.6480318307876587
1.6631072759628296
1.5191283226013184
1.5142413377761841
1.5099251270294189
1.5060101747512817
1.5025292634963989
1.4994922876358032
1.4970741271972656
1.4952957630157471
1.4943159818649292
1.4941173791885376
1.494540810585022
1.4955300092697144
1.4970769882202148
1.4991809129714966
1.5018362998962402
1.5051296949386597
1.509075403213501
1.5137041807174683
1.5190376043319702
1.5250817537307739
1.5318450927734375
1.5393933057785034
1.5477044582366943
1.5568060874938965
1.5666604042053223
1.5773580074310303
1.5887960195541382
1.6010457277297974
1.6139253377914429
1.6276630163192749
1.6419491767883301
1.6573301553726196
1.5189902782440186
1.5140180587768555
1.5095843076705933
1.5055555105209351
1.5019574165344238
1.4987262487411499
1.496073842048645
1.4940342903137207
1.492712140083313
1.4920952320098877
1.4921373128890991
1.4927563667297363
1.493928074836731
1.495604395866394
1.4978266954421997
1.5006762742996216
1.5041667222976685
1.5083144903182983
1.5131491422653198
1.5187067985534668
1.5249862670898438
1.5320392847061157
1.5398688316345215
1.5485284328460693
1.5579652786254883
1.5682921409606934
1.5794099569320679
1.5914926528930664
1.6043633222579956
1.6182894706726074
1.6329413652420044
1.6490638256072998
1.518915057182312
1.5138773918151855
1.5093735456466675
1.5052710771560669
1.5015792846679688
1.4981555938720703
1.4952331781387329
1.4928137063980103
1.4909933805465698
1.4897955656051636
1.4892686605453491
1.4892731904983521
1.489836573600769
1.49091637134552
1.4925098419189453
1.494691014289856
1.4974715709686279
1.5008957386016846
1.5049861669540405
1.50978684425354
1.5153251886367798
1.5216723680496216
1.528835654258728
1.5369150638580322
1.5458719730377197
1.5559076070785522
1.5668965578079224
1.579148530960083
1.5924855470657349
1.6074641942977905
1.6237468719482422
1.6424251794815063
1.5189039707183838
1.5139316320419312
1.5094715356826782
1.505345344543457
1.5015239715576172
1.497840404510498
1.4945262670516968
1.4915622472763062
1.4890358448028564
1.4869728088378906
1.48549485206604
1.4846118688583374
1.4842687845230103
1.4844441413879395
1.4851219654083252
1.4863618612289429
1.4881889820098877
1.4906734228134155
1.4938418865203857
1.4977685213088989
1.5024927854537964
1.5081483125686646
1.5147733688354492
1.522504448890686
1.5313533544540405
1.5416733026504517
1.5534224510192871
1.5671757459640503
1.5827465057373047
1.6011831760406494
1.6221094131469727
1.6473596096038818
1.5191293954849243
1.5145444869995117
1.5103332996368408
1.506267786026001
1.5022776126861572
1.4981925487518311
1.4942518472671509
1.4904769659042358
1.4869464635848999
1.4836955070495605
1.4808517694473267
1.4785153865814209
1.4768052101135254
1.4757554531097412
1.4753350019454956
1.4755548238754272
1.4764753580093384
1.4781327247619629
1.48060142993927
1.4840070009231567
1.4885042905807495
1.4942506551742554
1.501295804977417
1.5099759101867676
1.520445704460144
1.5332455635070801
1.5484954118728638
1.5671861171722412
1.5893012285232544
1.6164880990982056
1.648212194442749
1.6875633001327515
1.5201334953308105
1.5165793895721436
1.5130128860473633
1.5091582536697388
1.5049740076065063
1.5003502368927002
1.4955557584762573
1.490673303604126
1.4858207702636719
1.4810893535614014
1.4766465425491333
1.4726188182830811
1.4692234992980957
1.466616153717041
1.4649312496185303
1.4642713069915771
1.4647506475448608
1.4666227102279663
1.4701019525527954
1.4752213954925537
1.4820553064346313
1.4908366203308105
1.5018265247344971
1.515565037727356
1.5323654413223267
1.5531768798828125
1.5781364440917969
1.6087304353713989
1.644797682762146
1.6889833211898804
1.7401245832443237
1.8029886484146118
1.5236164331436157
1.5231903791427612
1.5217949151992798
1.5191669464111328
1.5154308080673218
1.5106937885284424
1.5053768157958984
1.4997010231018066
1.4939764738082886
1.4884184598922729
1.4833585023880005
1.4791017770767212
1.4759863615036011
1.4742425680160522
1.4741121530532837
1.4758162498474121
1.4796361923217773
1.4858527183532715
1.4947700500488281
1.5066988468170166
1.5218750238418579
1.540864109992981
1.5640732049942017
1.5922389030456543
1.6251875162124634
1.6636102199554443
1.7074753046035767
1.7586146593093872
1.816304087638855
1.8844494819641113
1.9603197574615479
2.0510523319244385
1.5379109382629395
1.5508421659469604
1.560071587562561
1.5658372640609741
1.5686675310134888
1.5692580938339233
1.5687017440795898
1.56786048412323
1.567589282989502
1.5685825347900391
1.5715795755386353
1.5771679878234863
1.5857025384902954
1.5975381135940552
1.6126834154129028
1.6312859058380127
1.6533865928649902
1.6789209842681885
1.7078334093093872
1.7401679754257202
1.7758722305297852
1.8152042627334595
1.8579468727111816
1.9044190645217896
1.9546494483947754
2.0094072818756104
2.0688681602478027
2.1343348026275635
2.2038908004760742
2.2824642658233643
2.3664727210998535
2.4641978740692139
1.6265915632247925
1.733834981918335
1.8221834897994995
1.894260048866272
1.9517529010772705
1.9980310201644897
2.0372104644775391
2.0728764533996582
2.1080062389373779
2.1445691585540771
2.1841104030609131
2.2274272441864014
2.2743821144104004
2.3240110874176025
2.3750693798065186
2.4262771606445312
2.4764308929443359
2.5247101783752441
2.5709221363067627
2.6143274307250977
2.6542656421661377
2.6900277137756348
2.7209196090698242
2.7467741966247559
2.7672412395477295
2.7825913429260254
2.7980232238769531
2.8167264461517334
2.8387343883514404
2.8675413131713867
2.9047219753265381
2.9540867805480957
3.0762617588043213
4.1208410263061523
4.8012752532958984
5.2139372825622559
5.4321789741516113
5.5197315216064453
5.5219922065734863
5.4706268310546875
5.3854446411132812
5.2795190811157227
5.161156177520752
5.0352702140808105
4.9051170349121094
4.7725162506103516
4.6387262344360352
4.5044622421264648
4.3697309494018555
4.2346062660217285
4.098273754119873
3.9604840278625488
3.8207399845123291
3.6789243221282959
3.5334947109222412
3.3852035999298096
3.231529712677002
3.0754878520965576
3.0085017681121826
3.0087499618530273
3.0084776878356934
3.0088531970977783
3.0087628364562988
3.0088324546813965
1.6201506853103638
1.6278245449066162
1.635778546333313
1.6441522836685181
1.6527963876724243
1.6617356538772583
1.6710638999938965
1.6808178424835205
1.6911848783493042
1.7017577886581421
1.7128207683563232
1.724292516708374
1.7363206148147583
1.7488479614257812
1.7619132995605469
1.7755414247512817
1.7897859811782837
1.8046170473098755
1.820075511932373
1.8362152576446533
1.8530751466751099
1.8707003593444824
1.8891714811325073
1.9085507392883301
1.9289107322692871
1.9503499269485474
1.9729619026184082
1.9968554973602295
2.0221385955810547
2.0482969284057617
2.0753467082977295
2.1033012866973877
2.1321525573730469
2.1619069576263428
2.1926250457763672
2.2242782115936279
2.2568747997283936
2.2904400825500488
2.324993371963501
2.360532283782959
2.3970353603363037
2.4345357418060303
2.4730298519134521
2.5125346183776855
2.5530409812927246
2.5945291519165039
2.6370291709899902
2.68048095703125
2.7249226570129395
2.7703096866607666
2.8166787624359131
2.8640248775482178
2.9122803211212158
2.96148681640625
3.0116238594055176
3.0626299381256104
3.1145036220550537
3.1672430038452148
3.2208013534545898
3.2751412391662598
3.3302774429321289
3.386110782623291
3.4426205158233643
3.4997503757476807
3.5575394630432129
3.6158308982849121
3.6746468544006348
3.7338156700134277
3.7933881282806396
3.8531761169433594
3.9131288528442383
3.9730291366577148
4.0327954292297363
4.0922088623046875
4.151176929473877
4.2092976570129395
4.2664003372192383
4.3219447135925293
4.3754935264587402
4.426328182220459
4.4736571311950684
4.5167479515075684
4.5537924766540527
4.5870814323425293
4.607574462890625
4.6167764663696289
4.6145749092102051
4.6004610061645508
4.5719809532165527
4.5207901000976562
4.446040153503418
4.3629298210144043
1.6657004356384277
1.6750771999359131
1.6850267648696899
1.6953985691070557
1.7059174776077271
1.7167010307312012
1.7279641628265381
1.7398098707199097
1.7523510456085205
1.7650610208511353
1.7783234119415283
1.7920771837234497
1.806475043296814
1.8214594125747681
1.8370770215988159
1.8533108234405518
1.8701808452606201
1.8876776695251465
1.9058420658111572
1.9247169494628906
1.9443643093109131
1.9648385047912598
1.9862449169158936
2.0086030960083008
2.0319890975952148
2.0564954280853271
2.0822043418884277
2.1092212200164795
2.1376469135284424
2.1676111221313477
2.1992652416229248
2.2325365543365479
2.2669711112976074
2.3025448322296143
2.3393218517303467
2.3772890567779541
2.4164683818817139
2.4568674564361572
2.4985008239746094
2.5414078235626221
2.5855708122253418
2.6309864521026611
2.6776876449584961
2.7256724834442139
2.7749536037445068
2.8255233764648438
2.8773849010467529
2.93056321144104
2.9850525856018066
3.040797233581543
3.0978028774261475
3.1560773849487305
3.2156012058258057
3.276315450668335
3.3382742404937744
3.4014151096343994
3.4656600952148438
3.5310115814208984
3.5974140167236328
3.6648147106170654
3.7331585884094238
3.8024241924285889
3.8725624084472656
3.9434235095977783
4.0149307250976562
4.0869712829589844
4.1595025062561035
4.232388973236084
4.3054285049438477
4.378443717956543
4.4513330459594727
4.5238075256347656
4.5956659317016602
4.6666460037231445
4.7362856864929199
4.8040676116943359
4.8695120811462402
4.9322299957275391
4.9916844367980957
5.0472903251647949
5.09844970703125
5.1446762084960938
5.186704158782959
5.2160215377807617
5.2303862571716309
5.2352299690246582
5.2306585311889648
5.2145595550537109
5.1796364784240723
5.1220102310180664
5.0441083908081055
4.9573593139648438
1.6721681356430054
1.6817620992660522
1.6920763254165649
1.7028572559356689
1.7135695219039917
1.7244946956634521
1.7359855175018311
1.7482545375823975
1.7612634897232056
1.7739804983139038
1.7873613834381104
1.8012708425521851
1.8158867359161377
1.8310978412628174
1.8469520807266235
1.8633816242218018
1.8803786039352417
1.8979035615921021
1.9160000085830688
1.9347561597824097
1.9541983604431152
1.9744033813476562
1.9954006671905518
2.0172452926635742
2.0399904251098633
2.0636959075927734
2.0885124206542969
2.1144649982452393
2.1416518688201904
2.1701700687408447
2.2001380920410156
2.2316949367523193
2.2649521827697754
2.3001177310943604
2.3373491764068604
2.3767321109771729
2.4175369739532471
2.4597823619842529
2.5035006999969482
2.54868483543396
2.5953717231750488
2.6435601711273193
2.6932778358459473
2.744556188583374
2.7973558902740479
2.851717472076416
2.9076447486877441
2.9651772975921631
3.0242819786071777
3.0850052833557129
3.1473276615142822
3.2112417221069336
3.2767477035522461
3.3438794612884521
3.4125833511352539
3.4828414916992188
3.554668664932251
3.6280159950256348
3.7028679847717285
3.7791969776153564
3.8569412231445312
3.9360189437866211
4.0163936614990234
4.098024845123291
4.1808300018310547
4.2647151947021484
4.3495364189147949
4.4351406097412109
4.5213966369628906
4.6082029342651367
4.6952862739562988
4.7824153900146484
4.8693718910217285
4.9558758735656738
5.0415897369384766
5.1257495880126953
5.207728385925293
5.2868728637695312
5.3623929023742676
5.4336047172546387
5.4997634887695312
5.5603151321411133
5.617891788482666
5.6586408615112305
5.6799187660217285
5.6911883354187012
5.6932506561279297
5.683349609375
5.6497464179992676
5.5894498825073242
5.5080914497375488
5.4135174751281738
1.6749943494796753
1.6846860647201538
1.6952297687530518
1.7062472105026245
1.7170000076293945
1.7278966903686523
1.7394273281097412
1.7518676519393921
1.7651044130325317
1.7777125835418701
1.7910594940185547
1.8049356937408447
1.8195942640304565
1.8348363637924194
1.8507089614868164
1.8671004772186279
1.8840063810348511
1.9013445377349854
1.9191802740097046
1.9376087188720703
1.9566704034805298
1.9763977527618408
1.9968169927597046
2.0179774761199951
2.0399255752563477
2.0627167224884033
2.0864088535308838
2.1110398769378662
2.136693000793457
2.1635398864746094
2.1915998458862305
2.2209742069244385
2.2517731189727783
2.2841379642486572
2.3182117938995361
2.3541600704193115
2.3921551704406738
2.4323983192443848
2.4753446578979492
2.5209155082702637
2.5681712627410889
2.6171345710754395
2.6678249835968018
2.7202625274658203
2.7744724750518799
2.8304893970489502
2.8882987499237061
2.9479067325592041
3.0093181133270264
3.0725944042205811
3.1376910209655762
3.204639196395874
3.2734665870666504
3.3441472053527832
3.4166700839996338
3.4910507202148438
3.5672633647918701
3.645310640335083
3.7251405715942383
3.8067784309387207
3.8901493549346924
3.975182056427002
4.0618257522583008
4.1500420570373535
4.2397446632385254
4.3308649063110352
4.4232730865478516
4.5168399810791016
4.611382007598877
4.7067723274230957
4.8027396202087402
4.8990974426269531
4.9955530166625977
5.0919027328491211
5.1880621910095215
5.2832331657409668
5.3764543533325195
5.4667830467224121
5.553227424621582
5.6348285675048828
5.7104692459106445
5.7795543670654297
5.8462591171264648
5.8997750282287598
5.9280896186828613
5.9443216323852539
5.9513087272644043
5.9476742744445801
5.9187870025634766
5.8574280738830566
5.7735118865966797
5.6828904151916504
1.6793206930160522
1.6893024444580078
1.7002722024917603
1.7117098569869995
1.7227281332015991
1.7338404655456543
1.7456432580947876
1.7584687471389771
1.7721425294876099
1.7849364280700684
1.7985563278198242
1.8126869201660156
1.8276770114898682
1.8432283401489258
1.85944664478302
1.8761556148529053
1.893343448638916
1.9109042882919312
1.9289016723632812
1.9474670886993408
1.9666233062744141
1.9864106178283691
2.0068492889404297
2.0279607772827148
2.0497772693634033
2.0723505020141602
2.0957279205322266
2.1199522018432617
2.1450753211975098
2.1711702346801758
2.198312520980835
2.2266449928283691
2.2561883926391602
2.2870678901672363
2.3193976879119873
2.3533120155334473
2.3889436721801758
2.426466703414917
2.466045618057251
2.5078959465026855
2.5524923801422119
2.5998492240905762
2.6502132415771484
2.7039074897766113
2.7602143287658691
2.8186783790588379
2.8792891502380371
2.9420931339263916
3.007138729095459
3.0744338035583496
3.1439774036407471
3.2158138751983643
3.2899625301361084
3.3664040565490723
3.4452011585235596
3.5263359546661377
3.6098141670227051
3.6956174373626709
3.7837667465209961
3.8741905689239502
3.9669311046600342
4.061924934387207
4.1591143608093262
4.2584819793701172
4.3598780632019043
4.4632701873779297
4.5685305595397949
4.6755061149597168
4.7840480804443359
4.8940000534057617
5.0050768852233887
5.1169638633728027
5.2293720245361328
5.342073917388916
5.4548301696777344
5.5665678977966309
5.6761002540588379
5.7823452949523926
5.8840503692626953
5.9802079200744629
6.069725513458252
6.1521973609924316
6.2336726188659668
6.2923808097839355
6.3203067779541016
6.3367600440979004
6.345390796661377
6.3432598114013672
6.3108720779418945
6.243067741394043
6.1531200408935547
6.0621752738952637
1.6812673807144165
1.6914533376693726
1.7027739286422729
1.7145751714706421
1.7257788181304932
1.737019419670105
1.7490396499633789
1.7622395753860474
1.7763020992279053
1.7891643047332764
1.802964448928833
1.8172743320465088
1.8325283527374268
1.848360538482666
1.8648734092712402
1.8818479776382446
1.8992507457733154
1.9169689416885376
1.9350688457489014
1.9537039995193481
1.9728916883468628
1.9926626682281494
2.0130419731140137
2.0340440273284912
2.0556950569152832
2.0780158042907715
2.1010551452636719
2.124828577041626
2.1493914127349854
2.174809455871582
2.2011165618896484
2.2283835411071777
2.2566862106323242
2.2861020565032959
2.316807746887207
2.348827600479126
2.3822650909423828
2.417259693145752
2.4539518356323242
2.4925057888031006
2.5331037044525146
2.5759122371673584
2.6211848258972168
2.6694328784942627
2.7206764221191406
2.7752339839935303
2.8334522247314453
2.8957161903381348
2.9619765281677246
3.030879020690918
3.1024711132049561
3.1768486499786377
3.2539637088775635
3.3338544368743896
3.4165723323822021
3.50211501121521
3.5905723571777344
3.6819391250610352
3.7762279510498047
3.8734481334686279
3.9735422134399414
4.0764951705932617
4.1823015213012695
4.2909693717956543
4.4023771286010742
4.5165262222290039
4.633263111114502
4.7524380683898926
4.8740158081054688
4.9976797103881836
5.1232256889343262
5.2503852844238281
5.3788623809814453
5.5083894729614258
5.639134407043457
5.7699737548828125
5.8992757797241211
6.025543212890625
6.1470026969909668
6.2622613906860352
6.3698201179504395
6.4690961837768555
6.5677061080932617
6.6453413963317871
6.6832265853881836
6.7067642211914062
6.7221055030822754
6.7273106575012207
6.6987438201904297
6.6282486915588379
6.5331759452819824
6.4421868324279785
1.6838055849075317
1.6943076848983765
1.7060955762863159
1.7183445692062378
1.7298300266265869
1.7412980794906616
1.753620982170105
1.767231822013855
1.7817550897598267
1.7948528528213501
1.8089568614959717
1.8235654830932617
1.839197039604187
1.8554024696350098
1.8722995519638062
1.889653205871582
1.907417893409729
1.9254534244537354
1.9438550472259521
1.9627503156661987
1.9821778535842896
2.0021541118621826
2.0226907730102539
2.0437979698181152
2.0655014514923096
2.0878534317016602
2.110846996307373
2.1345314979553223
2.1589384078979492
2.1840939521789551
2.2100429534912109
2.2368359565734863
2.2645251750946045
2.2931785583496094
2.3228614330291748
2.3536620140075684
2.3856468200683594
2.4190094470977783
2.4537978172302246
2.4901139736175537
2.5281133651733398
2.5679390430450439
2.6097846031188965
2.6538305282592773
2.7003269195556641
2.7495059967041016
2.801924467086792
2.8576467037200928
2.9169824123382568
2.980353832244873
3.0482082366943359
3.1210615634918213
3.1994106769561768
3.2813587188720703
3.3666934967041016
3.4554264545440674
3.5477294921875
3.6435041427612305
3.742884635925293
3.8459069728851318
3.9525103569030762
4.0628199577331543
4.1767578125
4.294426441192627
4.4156723022460938
4.5404577255249023
4.668724536895752
4.8004312515258789
4.9355039596557617
5.0736074447631836
5.2145900726318359
5.358095645904541
5.5038738250732422
5.6517939567565918
5.8023357391357422
5.9542627334594727
6.1055879592895508
6.254387378692627
6.3982992172241211
6.5354814529418945
6.6638393402099609
6.7828106880187988
6.9014096260070801
7.0004076957702637
7.0500822067260742
7.0822958946228027
7.1057262420654297
7.1199564933776855
7.0972867012023926
7.025270938873291
6.9252848625183105
6.8326311111450195
1.6843926906585693
1.6952002048492432
1.7074189186096191
1.7201082706451416
1.7318816184997559
1.7436153888702393
1.7562938928604126
1.7703908681869507
1.785427451133728
1.7987486124038696
1.8132055997848511
1.8281643390655518
1.8442188501358032
1.8608405590057373
1.8781843185424805
1.8959670066833496
1.9141362905502319
1.9325388669967651
1.9512583017349243
1.9704551696777344
1.9901739358901978
2.0103936195373535
2.0311501026153564
2.0524511337280273
2.0743253231048584
2.0967926979064941
2.1198751926422119
2.1435837745666504
2.1679449081420898
2.1929919719696045
2.2187674045562744
2.2452983856201172
2.2726285457611084
2.3008055686950684
2.3298947811126709
2.3599317073822021
2.3909857273101807
2.4231486320495605
2.4564998149871826
2.491131067276001
2.5272436141967773
2.5648660659790039
2.6041452884674072
2.6452362537384033
2.6883175373077393
2.7335638999938965
2.781207799911499
2.831517219543457
2.8847405910491943
2.9412217140197754
3.0015919208526611
3.0659832954406738
3.134814977645874
3.2086386680603027
3.2879762649536133
3.373544454574585
3.4660830497741699
3.5634994506835938
3.6652424335479736
3.7713518142700195
3.8817932605743408
3.9967718124389648
4.1162519454956055
4.2403168678283691
4.3689436912536621
4.5021848678588867
4.6399617195129395
4.7823390960693359
4.929079532623291
5.0800576210021973
5.2350683212280273
5.3939776420593262
5.5564584732055664
5.7224626541137695
5.8931746482849121
6.0674128532409668
6.2425928115844727
6.4163408279418945
6.5856132507324219
6.7479739189147949
6.9005627632141113
7.0424189567565918
7.1836466789245605
7.3132596015930176
7.3823647499084473
7.4286355972290039
7.4645366668701172
7.4924578666687012
7.481356143951416
7.4110298156738281
7.3075375556945801
7.2134199142456055
1.6841580867767334
1.6952873468399048
1.7079665660858154
1.7211359739303589
1.7332457304000854
1.7452956438064575
1.7583638429641724
1.7729969024658203
1.7885560989379883
1.8021714687347412
1.817054271697998
1.8324159383773804
1.8489536046981812
1.8660632371902466
1.883919358253479
1.9021944999694824
1.9208247661590576
1.939616322517395
1.9586820602416992
1.9782307147979736
1.9982931613922119
2.0188493728637695
2.0399224758148193
2.0615155696868896
2.0836629867553711
2.1063594818115234
2.1296305656433105
2.1534984111785889
2.1779932975769043
2.2031240463256836
2.2289156913757324
2.2554047107696533
2.2826220989227295
2.310621976852417
2.3394384384155273
2.3691055774688721
2.3996841907501221
2.4312219619750977
2.4637916088104248
2.4974660873413086
2.5323317050933838
2.5684661865234375
2.6059913635253906
2.6450250148773193
2.6857864856719971
2.7283470630645752
2.7728605270385742
2.8195271492004395
2.8685703277587891
2.9202051162719727
2.9747631549835205
3.0325250625610352
3.0938374996185303
3.1591501235961914
3.2292642593383789
3.3043742179870605
3.3850016593933105
3.4719202518463135
3.565861701965332
3.6677534580230713
3.778630256652832
3.8953330516815186
4.0174918174743652
4.1452116966247559
4.2785420417785645
4.4175405502319336
4.5621075630187988
4.7125411033630371
4.868657112121582
5.0304455757141113
5.197700023651123
5.3703842163085938
5.5480508804321289
5.7309169769287109
5.9210004806518555
6.1173787117004395
6.3168454170227051
6.5166807174682617
6.7130441665649414
6.9028100967407227
7.0820584297180176
7.2491645812988281
7.4151382446289062
7.5814499855041504
7.6755890846252441
7.7402439117431641
7.7922401428222656
7.8379364013671875
7.8435964584350586
7.7783031463623047
7.6722989082336426
7.5751771926879883
1.6832408905029297
1.6947035789489746
1.70784592628479
1.7215198278427124
1.7339390516281128
1.7462867498397827
1.759735107421875
1.7748838663101196
1.7909648418426514
1.8048592805862427
1.8201032876968384
1.8358166217803955
1.852805495262146
1.8703635931015015
1.8886810541152954
1.9073868989944458
1.9264223575592041
1.9455865621566772
1.9650242328643799
1.9849133491516113
2.0052895545959473
2.0261409282684326
2.0475029945373535
2.0693652629852295
2.0917296409606934
2.1146469116210938
2.1381258964538574
2.1621749401092529
2.1868152618408203
2.212045431137085
2.2379207611083984
2.2644526958465576
2.2916646003723145
2.3195905685424805
2.3482882976531982
2.3777635097503662
2.4080493450164795
2.4392282962799072
2.4713397026062012
2.5044159889221191
2.5385544300079346
2.5737898349761963
2.6102488040924072
2.6479780673980713
2.6871142387390137
2.727745532989502
2.7700092792510986
2.814049243927002
2.8601713180541992
2.9084317684173584
2.9590651988983154
3.0122783184051514
3.0683722496032715
3.1276607513427734
3.1904628276824951
3.2572450637817383
3.3284225463867188
3.404651403427124
3.4864327907562256
3.5751075744628906
3.670910120010376
3.7747905254364014
3.8878705501556396
4.0114774703979492
4.1453776359558105
4.2861814498901367
4.4337811470031738
4.5885367393493652
4.7503561973571777
4.9192819595336914
5.0951519012451172
5.2780866622924805
5.4678788185119629
5.6649589538574219
5.8721227645874023
6.0889034271240234
6.3116869926452637
6.5371217727661133
6.760765552520752
6.9786243438720703
7.1856255531311035
7.37957763671875
7.5718483924865723
7.7826910018920898
7.909538745880127
7.9984750747680664
8.0714216232299805
8.1400680541992188
8.168971061706543
8.1131496429443359
8.0070762634277344
7.9036192893981934
1.6825053691864014
1.694369912147522
1.708091139793396
1.7222690582275391
1.735045313835144
1.7477012872695923
1.7615753412246704
1.7772597074508667
1.7937837839126587
1.8079900741577148
1.823602557182312
1.8396720886230469
1.8570953607559204
1.8750606775283813
1.8938223123550415
1.9129574298858643
1.932387113571167
1.9518965482711792
1.9716519117355347
1.9918379783630371
2.012474536895752
2.0335907936096191
2.0551815032958984
2.0772640705108643
2.0998501777648926
2.1229729652404785
2.1466362476348877
2.1708509922027588
2.1956164836883545
2.2209718227386475
2.2469518184661865
2.2735733985900879
2.3008415699005127
2.3288030624389648
2.3574824333190918
2.3868789672851562
2.4170446395874023
2.4480412006378174
2.4798805713653564
2.5126347541809082
2.5463426113128662
2.5810840129852295
2.6169157028198242
2.6538729667663574
2.6920790672302246
2.7315912246704102
2.772529125213623
2.8149664402008057
2.8590822219848633
2.9049942493438721
2.9528679847717285
3.0028712749481201
3.0552411079406738
3.1103863716125488
3.1683728694915771
3.229581356048584
3.2943141460418701
3.3630099296569824
3.4361503124237061
3.5142905712127686
3.5981268882751465
3.6883089542388916
3.7858436107635498
3.8917224407196045
4.0071263313293457
4.1343793869018555
4.2740588188171387
4.4281477928161621
4.5911550521850586
4.762812614440918
4.943145751953125
5.1322708129882812
5.3303828239440918
5.5377058982849121
5.7582340240478516
5.9917654991149902
6.2349400520324707
6.4837226867675781
6.7332634925842285
6.9783062934875488
7.2132687568664551
7.4344673156738281
7.6536378860473633
7.9134373664855957
8.0789299011230469
8.1971654891967773
8.2955341339111328
8.3917484283447266
8.4502429962158203
8.4082174301147461
8.3055267333984375
8.1961746215820312
1.6815448999404907
1.6939238309860229
1.7082897424697876
1.7231365442276001
1.7363554239273071
1.7494500875473022
1.7638014554977417
1.7800817489624023
1.7971587181091309
1.8116999864578247
1.8277870416641235
1.8442633152008057
1.8621203899383545
1.8805029392242432
1.8996818065643311
1.9192291498184204
1.9390552043914795
1.9589232206344604
1.9789667129516602
1.9994320869445801
2.0203280448913574
2.0416810512542725
2.0634939670562744
2.0857927799224854
2.1085760593414307
2.1318745613098145
2.1556906700134277
2.1800575256347656
2.2049853801727295
2.2304890155792236
2.2565937042236328
2.2833034992218018
2.3106541633605957
2.33866286277771
2.3673651218414307
2.3967664241790771
2.4269161224365234
2.4578537940979004
2.489598274230957
2.5222198963165283
2.5557518005371094
2.5902283191680908
2.6257102489471436
2.6622416973114014
2.6999108791351318
2.738771915435791
2.7789065837860107
2.8204259872436523
2.8634262084960938
2.9080016613006592
2.9542689323425293
3.0023481845855713
3.052436351776123
3.1047224998474121
3.1593685150146484
3.2166423797607422
3.276787281036377
3.3401792049407959
3.4071786403656006
3.478165864944458
3.5539665222167969
3.6347970962524414
3.7214217185974121
3.8145053386688232
3.9151334762573242
4.0242218971252441
4.1432757377624512
4.2736763954162598
4.4175143241882324
4.5767378807067871
4.7543549537658691
4.9444193840026855
5.1454868316650391
5.3577094078063965
5.5866718292236328
5.8323640823364258
6.0919375419616699
6.3604593276977539
6.6330990791320801
6.9032330513000488
7.164820671081543
7.4123778343200684
7.6577601432800293
7.9694247245788574
8.178741455078125
8.3308982849121094
8.4588432312011719
8.5870876312255859
8.6811866760253906
8.6575279235839844
8.5606975555419922
8.4477119445800781
1.6807732582092285
1.6938000917434692
1.7089592218399048
1.7246139049530029
1.7383917570114136
1.7520464658737183
1.7669708728790283
1.7839188575744629
1.8016098737716675
1.8165563344955444
1.8331292867660522
1.8500592708587646
1.8684484958648682
1.8873317241668701
1.907021164894104
1.9270062446594238
1.9472413063049316
1.9674739837646484
1.9878585338592529
2.0086174011230469
2.0298023223876953
2.051455020904541
2.0735409259796143
2.0960752964019775
2.1190874576568604
2.1425967216491699
2.1666126251220703
2.1911690235137939
2.2162694931030273
2.2419443130493164
2.2682008743286133
2.2950479984283447
2.3225133419036865
2.3506391048431396
2.3794529438018799
2.4089593887329102
2.4391891956329346
2.4701859951019287
2.5019853115081787
2.5345981121063232
2.5681061744689941
2.6025104522705078
2.6378967761993408
2.6742799282073975
2.7117419242858887
2.7503468990325928
2.7901334762573242
2.8312044143676758
2.8736228942871094
2.917473316192627
2.9628369808197021
3.0098447799682617
3.0586380958557129
3.1093282699584961
3.1621534824371338
3.2171890735626221
3.2747213840484619
3.3349094390869141
3.3980789184570312
3.4644882678985596
3.5345652103424072
3.6086966991424561
3.6874351501464844
3.7713127136230469
3.8611991405487061
3.9577591419219971
4.062227725982666
4.1756668090820312
4.3002228736877441
4.4367361068725586
4.5875730514526367
4.7548828125
4.9420161247253418
5.1526508331298828
5.3843603134155273
5.6365518569946289
5.9066400527954102
6.189488410949707
6.4802517890930176
6.7714438438415527
7.0561928749084473
7.3276000022888184
7.5975236892700195
7.961122989654541
8.2169895172119141
8.4062929153442383
8.5666189193725586
8.7305202484130859
8.8650627136230469
8.8644628524780273
8.7754383087158203
8.6581716537475586
1.6807482242584229
1.6945034265518188
1.7105861902236938
1.7271577119827271
1.7416157722473145
1.7558529376983643
1.7714395523071289
1.7892205715179443
1.8075627088546753
1.8230124711990356
1.8401442766189575
1.8576388359069824
1.8766742944717407
1.8961209058761597
1.9163533449172974
1.9368157386779785
1.9574949741363525
1.9781225919723511
1.9988659620285034
2.0199692249298096
2.0414903163909912
2.0634517669677734
2.0858447551727295
2.1086862087249756
2.1319844722747803
2.1557638645172119
2.1800317764282227
2.2048225402832031
2.2301483154296875
2.2560100555419922
2.2824456691741943
2.3094856739044189
2.3371491432189941
2.3654460906982422
2.394413948059082
2.4240772724151611
2.4544775485992432
2.4856231212615967
2.5175521373748779
2.5503027439117432
2.5839061737060547
2.6184098720550537
2.6538708209991455
2.6903221607208252
2.7278082370758057
2.7663712501525879
2.806093692779541
2.8470637798309326
2.8893117904663086
2.9329195022583008
2.9779717922210693
3.024552583694458
3.0727732181549072
3.1227104663848877
3.1745622158050537
3.2283785343170166
3.2844052314758301
3.3427610397338867
3.4036760330200195
3.4673817157745361
3.5341782569885254
3.6043541431427002
3.6783678531646729
3.7567307949066162
3.8398914337158203
3.9283339977264404
4.0229434967041016
4.1244878768920898
4.2341551780700684
4.353121280670166
4.4831910133361816
4.6261506080627441
4.7848172187805176
4.9627194404602051
5.170475959777832
5.4161372184753418
5.689582347869873
5.9802637100219727
6.2831020355224609
6.5902466773986816
6.8938097953796387
7.1862778663635254
7.4783873558044434
7.8929619789123535
8.1975488662719727
8.4268217086791992
8.6220598220825195
8.8247842788696289
9.0044612884521484
9.0318069458007812
8.9534587860107422
8.8299417495727539
1.6813951730728149
1.695995569229126
1.713148832321167
1.7308460474014282
1.7460372447967529
1.760966420173645
1.7773616313934326
1.7960280179977417
1.8151454925537109
1.8311375379562378
1.8489575386047363
1.8670376539230347
1.8866713047027588
1.9066987037658691
1.9275103807449341
1.9484928846359253
1.969672679901123
1.9907287359237671
2.0118715763092041
2.0333828926086426
2.0552864074707031
2.0775895118713379
2.1002941131591797
2.1234290599822998
2.1470105648040771
2.171069860458374
2.1956174373626709
2.2206683158874512
2.2462296485900879
2.2723400592803955
2.2990262508392334
2.3262968063354492
2.3541665077209473
2.3826785087585449
2.4118528366088867
2.4417190551757812
2.4723098278045654
2.503664493560791
2.5357921123504639
2.5687394142150879
2.6025533676147461
2.6372663974761963
2.6729233264923096
2.709557056427002
2.7472054958343506
2.7859413623809814
2.8258233070373535
2.8669044971466064
2.9092178344726562
2.952883243560791
2.9979674816131592
3.0444920063018799
3.0925815105438232
3.1423344612121582
3.1938705444335938
3.2472646236419678
3.3027007579803467
3.3603088855743408
3.4202382564544678
3.4826576709747314
3.5478196144104004
3.6159384250640869
3.6872982978820801
3.7621798515319824
3.8410661220550537
3.9243133068084717
4.0125694274902344
4.1063957214355469
4.2067117691040039
4.3143806457519531
4.4307618141174316
4.5572824478149414
4.6962394714355469
4.850287914276123
5.02685546875
5.2323822975158691
5.4718236923217773
5.7488470077514648
6.0567731857299805
6.3740091323852539
6.6917262077331543
7.0016059875488281
7.3128519058227539
7.7748603820800781
8.1283121109008789
8.3990192413330078
8.6309642791748047
8.874974250793457
9.1038312911987305
9.164088249206543
9.0997638702392578
8.9681825637817383
1.6820920705795288
1.6976242065429688
1.7159850597381592
1.7349323034286499
1.7509510517120361
1.7667118310928345
1.7839751243591309
1.8037275075912476
1.823707103729248
1.8403239250183105
1.8588310480117798
1.8775091171264648
1.8978461027145386
1.9184873104095459
1.9398930072784424
1.9614360332489014
1.9831522703170776
2.0047166347503662
2.0263125896453857
2.0482301712036133
2.0705068111419678
2.0931453704833984
2.1161699295043945
2.1396145820617676
2.1635115146636963
2.1878325939178467
2.2126314640045166
2.2379441261291504
2.263782262802124
2.2901568412780762
2.3170855045318604
2.3445894718170166
2.3727016448974609
2.4014554023742676
2.4308595657348633
2.4609520435333252
2.4917676448822021
2.5233523845672607
2.5557093620300293
2.5888924598693848
2.6229267120361328
2.6578705310821533
2.6937539577484131
2.7306182384490967
2.7685012817382812
2.8074729442596436
2.8476078510284424
2.8889148235321045
2.9314718246459961
2.9753284454345703
3.0205860137939453
3.0672998428344727
3.115558385848999
3.1654164791107178
3.2170114517211914
3.2704048156738281
3.3257622718811035
3.3831720352172852
3.4427931308746338
3.504746675491333
3.5692353248596191
3.6364195346832275
3.7065718173980713
3.7799086570739746
3.8567409515380859
3.937366247177124
4.0222830772399902
4.1118907928466797
4.2070598602294922
4.3081469535827637
4.4161548614501953
4.5319347381591797
4.6570353507995605
4.7933425903320312
4.9474067687988281
5.1239409446716309
5.3269872665405273
5.560211181640625
5.8274807929992676
6.1299905776977539
6.4535541534423828
6.7738122940063477
7.0978398323059082
7.601384162902832
8.0029582977294922
8.3166780471801758
8.5880146026611328
8.8767032623291016
9.1596803665161133
9.2588663101196289
9.2134675979614258
9.0743904113769531
1.6818379163742065
1.6984505653381348
1.718097448348999
1.7384934425354004
1.7554378509521484
1.7721338272094727
1.7903707027435303
1.8112534284591675
1.8321089744567871
1.8493454456329346
1.8685554265975952
1.8878824710845947
1.9088934659957886
1.9301393032073975
1.9521746635437012
1.9742796421051025
1.9964890480041504
2.0184662342071533
2.0404493808746338
2.0627126693725586
2.0853219032287598
2.108292818069458
2.1316328048706055
2.155379056930542
2.1795418262481689
2.2041311264038086
2.2291810512542725
2.2547080516815186
2.2807531356811523
2.3073225021362305
2.3344476222991943
2.3621590137481689
2.390491247177124
2.4194488525390625
2.4490551948547363
2.4793562889099121
2.5103676319122314
2.5421335697174072
2.5746674537658691
2.6080434322357178
2.6422808170318604
2.6774106025695801
2.713491678237915
2.7505578994750977
2.788679838180542
2.8278694152832031
2.8682155609130859
2.9097447395324707
2.952542781829834
2.996659517288208
3.042182445526123
3.0891375541687012
3.1376283168792725
3.1877205371856689
3.2395284175872803
3.2931270599365234
3.3486385345458984
3.4061434268951416
3.4658088684082031
3.5277490615844727
3.5921456813812256
3.6591255664825439
3.7289175987243652
3.8016688823699951
3.8777005672454834
3.957200288772583
4.040562629699707
4.1280312538146973
4.2201576232910156
4.3172941207885742
4.4202122688293457
4.5294523239135742
4.6462435722351074
4.7720551490783691
4.912327766418457
5.0703740119934082
5.2490220069885254
5.450624942779541
5.6781249046325684
5.933255672454834
6.2155437469482422
6.525580883026123
6.8545584678649902
7.3900785446166992
7.8351764678955078
8.1906347274780273
8.5018138885498047
8.8366546630859375
9.1774005889892578
9.3209943771362305
9.2994890213012695
9.1546182632446289
1.6795182228088379
1.6971471309661865
1.7180525064468384
1.739973783493042
1.7579305171966553
1.7756985425949097
1.7950174808502197
1.8172329664230347
1.8391214609146118
1.8569992780685425
1.876941442489624
1.8968418836593628
1.9184970855712891
1.940320611000061
1.9628777503967285
1.9854127168655396
2.008004903793335
2.0302748680114746
2.0525603294372559
2.0750961303710938
2.0979447364807129
2.1211276054382324
2.1446363925933838
2.168522834777832
2.1928372383117676
2.2175748348236084
2.242769718170166
2.2684531211853027
2.2946171760559082
2.3213095664978027
2.3485417366027832
2.3763813972473145
2.4048187732696533
2.4338750839233398
2.4635858535766602
2.4939825534820557
2.5251023769378662
2.5569853782653809
2.5896368026733398
2.6231143474578857
2.6574687957763672
2.6927487850189209
2.7289693355560303
2.7661519050598145
2.8043837547302246
2.8436923027038574
2.8841726779937744
2.9258575439453125
2.9688034057617188
3.0130894184112549
3.0587682723999023
3.1058890819549561
3.1545381546020508
3.2047955989837646
3.2567768096923828
3.3105568885803223
3.36625075340271
3.4239432811737061
3.4837887287139893
3.5458486080169678
3.6103310585021973
3.6773312091827393
3.747089147567749
3.8197073936462402
3.8954911231994629
3.9745733737945557
4.0572924613952637
4.1438484191894531
4.2346982955932617
4.3300914764404297
4.4306402206420898
4.5367169380187988
4.6493048667907715
4.7695703506469727
4.902247428894043
5.0495829582214355
5.2133302688598633
5.3938665390014648
5.5933990478515625
5.8131299018859863
6.0540709495544434
6.3165593147277832
6.6049718856811523
7.1521430015563965
7.6353607177734375
8.0309963226318359
8.3823881149291992
8.7644786834716797
9.1665897369384766
9.3600292205810547
9.3674821853637695
9.2163515090942383
1.6744455099105835
1.6931658983230591
1.7152665853500366
1.7387315034866333
1.7576582431793213
1.7764617204666138
1.7968798875808716
1.8203462362289429
1.8430440425872803
1.8613851070404053
1.8818265199661255
1.9020874500274658
1.9241049289703369
1.9461705684661865
1.9689978361129761
1.9917299747467041
2.0144450664520264
2.0367941856384277
2.059051513671875
2.0815665721893311
2.1043641567230225
2.1274650096893311
2.1509013175964355
2.174710750579834
2.1989026069641113
2.2235181331634521
2.2486114501953125
2.2741603851318359
2.3001947402954102
2.3267688751220703
2.353893518447876
2.3815584182739258
2.4098284244537354
2.438739538192749
2.4683196544647217
2.4985766410827637
2.5295650959014893
2.5613181591033936
2.5938460826873779
2.6271905899047852
2.6614105701446533
2.6965537071228027
2.732651948928833
2.7697138786315918
2.8078377246856689
2.8470525741577148
2.8874187469482422
2.9289798736572266
2.9718451499938965
3.0160131454467773
3.061603307723999
3.1086277961730957
3.1571824550628662
3.207366943359375
3.259272575378418
3.3129594326019287
3.368579626083374
3.4261903762817383
3.4859561920166016
3.5479400157928467
3.6123511791229248
3.6792693138122559
3.7489182949066162
3.821387767791748
3.8969793319702148
3.9757726192474365
4.0581107139587402
4.1441497802734375
4.2343335151672363
4.3288064002990723
4.4281735420227051
4.5326299667358398
4.6430907249450684
4.7604689598083496
4.8888654708862305
5.0295414924621582
5.1833915710449219
5.3499135971069336
5.5304999351501465
5.7243447303771973
5.9319553375244141
6.1525325775146484
6.3966107368469238
6.8680005073547363
7.3838024139404297
7.8194994926452637
8.2133874893188477
8.6458759307861328
9.1145658493041992
9.3652505874633789
9.4089031219482422
9.2501411437988281
1.6675366163253784
1.6873040199279785
1.7103283405303955
1.7350250482559204
1.7547202110290527
1.7744107246398926
1.7957030534744263
1.8201522827148438
1.8432630300521851
1.8617755174636841
1.8823944330215454
1.9025949239730835
1.9245749711990356
1.9465240240097046
1.9691473245620728
1.9916512966156006
2.014052152633667
2.0360410213470459
2.0578885078430176
2.07993483543396
2.102280855178833
2.1249408721923828
2.1478891372680664
2.171173095703125
2.1948797702789307
2.218984842300415
2.2435193061828613
2.2685074806213379
2.2940006256103516
2.3200051784515381
2.3465626239776611
2.3737037181854248
2.4014503955841064
2.429823637008667
2.4588580131530762
2.4885811805725098
2.5190322399139404
2.5502300262451172
2.5821952819824219
2.6150023937225342
2.648686408996582
2.6832711696624756
2.7188310623168945
2.7553837299346924
2.7929999828338623
2.8317151069641113
2.8715620040893555
2.9126236438751221
2.9549610614776611
2.9986236095428467
3.0436708927154541
3.0901658535003662
3.1382105350494385
3.1878559589385986
3.2392158508300781
3.2923600673675537
3.3474276065826416
3.404461145401001
3.4636375904083252
3.5250327587127686
3.5888588428497314
3.655158519744873
3.7241559028625488
3.7959446907043457
3.8708465099334717
3.9489097595214844
4.0305294990539551
4.115746021270752
4.2050061225891113
4.2984499931335449
4.3966484069824219
4.4996953010559082
4.6084427833557129
4.723574161529541
4.8492193222045898
4.9862227439880371
5.1350240707397461
5.2942690849304199
5.4645533561706543
5.6437268257141113
5.8314452171325684
6.0259671211242676
6.241640567779541
6.6435031890869141
7.0987935066223145
7.5649094581604004
7.9967265129089355
8.4775362014770508
9.0126581192016602
9.3262786865234375
9.4141292572021484
9.2457561492919922
1.6641074419021606
1.684967041015625
1.7086256742477417
1.7341214418411255
1.7539253234863281
1.7737821340560913
1.7951036691665649
1.8194615840911865
1.8416774272918701
1.8595302104949951
1.8794319629669189
1.8986682891845703
1.9196672439575195
1.940455436706543
1.9618666172027588
1.9831569194793701
2.0043628215789795
2.0251381397247314
2.0457918643951416
2.0666084289550781
2.0876727104187012
2.1090033054351807
2.130615234375
2.1525983810424805
2.1750030517578125
2.197838306427002
2.2210757732391357
2.2447922229766846
2.2690277099609375
2.2938089370727539
2.3191585540771484
2.3451006412506104
2.3716206550598145
2.3987772464752197
2.4265909194946289
2.4550986289978027
2.4843533039093018
2.5143387317657471
2.5451352596282959
2.5767722129821777
2.6092731952667236
2.6426610946655273
2.6770098209381104
2.7123517990112305
2.7487521171569824
2.7862262725830078
2.8248491287231445
2.8646552562713623
2.9057033061981201
2.9480834007263184
2.9918396472930908
3.0370149612426758
3.0837416648864746
3.1320204734802246
3.1820247173309326
3.2337584495544434
3.2874042987823486
3.3429765701293945
3.400691032409668
3.4605741500854492
3.5228323936462402
3.5874955654144287
3.6548793315887451
3.7249925136566162
3.7982082366943359
3.8744821548461914
3.9542758464813232
4.0375676155090332
4.1249442100524902
4.2163362503051758
4.3124575614929199
4.4132165908813477
4.5195989608764648
4.6320705413818359
4.7549495697021484
4.8888387680053711
5.0340290069580078
5.1887540817260742
5.3528780937194824
5.5237717628479004
5.7001824378967285
5.8799104690551758
6.0785703659057617
6.4374356269836426
6.8371767997741699
7.2561116218566895
7.7018089294433594
8.2258510589599609
8.8296527862548828
9.2165822982788086
9.3618392944335938
9.1894865036010742
1.6762067079544067
1.6979645490646362
1.7213079929351807
1.7463525533676147
1.7650254964828491
1.7837907075881958
1.8036594390869141
1.826215386390686
1.845646858215332
1.8619413375854492
1.8800716400146484
1.89713454246521
1.9158258438110352
1.934205174446106
1.9532049894332886
1.9720348119735718
1.990824818611145
2.009296178817749
2.0277042388916016
2.0462908744812012
2.0650625228881836
2.0841238498687744
2.1035845279693604
2.1234207153320312
2.1436192989349365
2.1642553806304932
2.1853439807891846
2.2069160938262939
2.2289912700653076
2.2516288757324219
2.2748627662658691
2.2986714839935303
2.3231079578399658
2.3481974601745605
2.3739590644836426
2.4004220962524414
2.4276208877563477
2.4555926322937012
2.4843742847442627
2.5140180587768555
2.54451584815979
2.5759308338165283
2.6083006858825684
2.6416444778442383
2.6760203838348389
2.7114605903625488
2.7480318546295166
2.7857739925384521
2.8247296810150146
2.8649754524230957
2.906574010848999
2.9495928287506104
2.9941339492797852
3.0402138233184814
3.087946891784668
3.1373860836029053
3.1886577606201172
3.2418313026428223
3.2970726490020752
3.3544130325317383
3.4140856266021729
3.4761452674865723
3.5408129692077637
3.6081786155700684
3.6784794330596924
3.7518248558044434
3.8285272121429443
3.9087474346160889
3.9928152561187744
4.0809197425842285
4.1734943389892578
4.2707476615905762
4.3733692169189453
4.4820737838745117
4.6007876396179199
4.73065185546875
4.8711390495300293
5.0211753845214844
5.1793208122253418
5.343599796295166
5.5115399360656738
5.681729793548584
5.8685917854309082
6.202730655670166
6.5709877014160156
6.9490261077880859
7.355079174041748
7.879213809967041
8.4845561981201172
8.9471626281738281
9.1685972213745117
9.0824518203735352
1.7301802635192871
1.7533109188079834
1.7756427526473999
1.7987477779388428
1.8136967420578003
1.8283675909042358
1.8430780172348022
1.8594599962234497
1.8715397119522095
1.8839683532714844
1.8978925943374634
1.9102660417556763
1.9243241548538208
1.9380651712417603
1.9524612426757812
1.9668463468551636
1.9814050197601318
1.9958627223968506
2.0104188919067383
2.0252318382263184
2.0403633117675781
2.0558872222900391
2.0718100070953369
2.0881412029266357
2.1049165725708008
2.1221556663513184
2.1399142742156982
2.1581926345825195
2.1770436763763428
2.196495532989502
2.2165648937225342
2.2372424602508545
2.2585618495941162
2.2805535793304443
2.3032259941101074
2.3266210556030273
2.3507416248321533
2.3756239414215088
2.4012973308563232
2.4278159141540527
2.4551990032196045
2.4835081100463867
2.5127296447753906
2.5429270267486572
2.5741093158721924
2.606332540512085
2.6396439075469971
2.674114465713501
2.709744930267334
2.7466444969177246
2.7848052978515625
2.8243749141693115
2.8653602600097656
2.907862663269043
2.9518992900848389
2.9976615905761719
3.0450975894927979
3.0944564342498779
3.1456749439239502
3.1990261077880859
3.254486083984375
3.3123681545257568
3.37259840965271
3.4355602264404297
3.501145601272583
3.5698387622833252
3.6415336132049561
3.7168004512786865
3.7954995632171631
3.8783495426177979
3.9652082920074463
4.0568947792053223
4.1533946990966797
4.2562174797058105
4.3682694435119629
4.4917783737182617
4.6250686645507812
4.7681007385253906
4.9181737899780273
5.0741696357727051
5.2326502799987793
5.3931937217712402
5.5683236122131348
5.8833212852478027
6.2400484085083008
6.5997347831726074
6.9765515327453613
7.413017749786377
7.8855175971984863
8.2884683609008789
8.6055994033813477
9.2272710800170898
1.866687536239624
1.8903512954711914
1.9092419147491455
1.9278748035430908
1.9354498386383057
1.9420422315597534
1.9469037055969238
1.9521815776824951
1.9521032571792603
1.9585937261581421
1.9660869836807251
1.9713524580001831
1.9783754348754883
1.9849259853363037
1.992398738861084
2.0001389980316162
2.0083906650543213
2.0169878005981445
2.0260622501373291
2.0355534553527832
2.0455586910247803
2.0560522079467773
2.0670740604400635
2.0786325931549072
2.0907638072967529
2.1035315990447998
2.1169054508209229
2.1309120655059814
2.1455731391906738
2.1608860492706299
2.176828145980835
2.1934597492218018
2.210761547088623
2.2287561893463135
2.2474908828735352
2.2669706344604492
2.2872190475463867
2.308218240737915
2.3300058841705322
2.3526089191436768
2.3760578632354736
2.4003534317016602
2.4255313873291016
2.45163893699646
2.478712797164917
2.5068454742431641
2.5360214710235596
2.5662937164306641
2.5976753234863281
2.6302671432495117
2.6640920639038086
2.6992607116699219
2.7357511520385742
2.7737271785736084
2.8131749629974365
2.8542835712432861
2.8970005512237549
2.9416017532348633
2.9879977703094482
3.0364475250244141
3.0868873596191406
3.1396477222442627
3.1946480274200439
3.2522900104522705
3.3124260902404785
3.3755600452423096
3.441577672958374
3.5110259056091309
3.5837888717651367
3.6605184078216553
3.7411313056945801
3.8264040946960449
3.9163303375244141
4.0123896598815918
4.1171402931213379
4.2327709197998047
4.3577976226806641
4.492093563079834
4.6331057548522949
4.7797436714172363
4.9286456108093262
5.0797982215881348
5.2444944381713867
5.535283088684082
5.8739132881164551
6.2190079689025879
6.5609273910522461
6.9231142997741699
7.2650256156921387
7.5243186950683594
7.8971433639526367
11.927693367004395
2.1396980285644531
2.1671044826507568
2.1825268268585205
2.1972036361694336
2.1935195922851562
2.1863541603088379
2.1728053092956543
2.1566329002380371
2.1332752704620361
2.1283528804779053
2.1241893768310547
2.1167824268341064
2.1117560863494873
2.1065909862518311
2.1031041145324707
2.1006269454956055
2.0996623039245605
2.1001248359680176
2.1019690036773682
2.1046693325042725
2.1082379817962646
2.1126837730407715
2.1179115772247314
2.1239476203918457
2.1307737827301025
2.1384141445159912
2.1468334197998047
2.1560368537902832
2.166013240814209
2.1767137050628662
2.1881020069122314
2.2001748085021973
2.212888240814209
2.2262945175170898
2.2403340339660645
2.2550654411315918
2.2704765796661377
2.28662109375
2.3034720420837402
2.3211045265197754
2.3395123481750488
2.3587243556976318
2.3787870407104492
2.3997447490692139
2.4216701984405518
2.4446017742156982
2.4686148166656494
2.4937458038330078
2.5200638771057129
2.5476653575897217
2.5766007900238037
2.606956958770752
2.6387739181518555
2.6722269058227539
2.7073206901550293
2.7442467212677002
2.7830028533935547
2.8238213062286377
2.8667337894439697
2.911994457244873
2.9596550464630127
3.0100626945495605
3.0633327960968018
3.1198348999023438
3.1795165538787842
3.2428338527679443
3.3097350597381592
3.3807876110076904
3.4559907913208008
3.5361075401306152
3.6211247444152832
3.712031364440918
3.8089237213134766
3.9135375022888184
4.0283708572387695
4.1559410095214844
4.2948164939880371
4.4455628395080566
4.6054172515869141
4.7744722366333008
4.9485669136047363
5.1293020248413086
5.3408207893371582
5.657386302947998
5.9884791374206543
6.2979073524475098
6.5849466323852539
6.8825616836547852
7.1351604461669922
7.3012690544128418
7.5269708633422852
28.411514282226562
2.5622932910919189
2.5917484760284424
2.5998735427856445
2.6122043132781982
2.5990395545959473
2.5795936584472656
2.5490627288818359
2.5118734836578369
2.4584362506866455
2.4388682842254639
2.4200925827026367
2.3959662914276123
2.3758258819580078
2.356975793838501
2.3421566486358643
2.3307161331176758
2.3227958679199219
2.3178656101226807
2.3154501914978027
2.3144714832305908
2.3146555423736572
2.3162143230438232
2.318859338760376
2.3226237297058105
2.3274755477905273
2.3334264755249023
2.3405156135559082
2.3486638069152832
2.3578600883483887
2.3679547309875488
2.3787734508514404
2.39029860496521
2.4025616645812988
2.4156274795532227
2.4295578002929688
2.4444382190704346
2.4604532718658447
2.4777510166168213
2.4964687824249268
2.51674485206604
2.5387985706329346
2.562755823135376
2.5887553691864014
2.6169862747192383
2.647590160369873
2.6808047294616699
2.7167844772338867
2.7557511329650879
2.7979626655578613
2.8436744213104248
2.8931517601013184
2.9467482566833496
3.0047616958618164
3.0676136016845703
3.1356868743896484
3.209399938583374
3.2892396450042725
3.3758437633514404
3.4697568416595459
3.5717763900756836
3.6826131343841553
3.8032262325286865
3.9344866275787354
4.0776910781860352
4.234065055847168
4.4053463935852051
4.5930209159851074
4.7992286682128906
5.0259494781494141
5.2759404182434082
5.5518121719360352
5.857062816619873
6.1952629089355469
6.5722002983093262
6.998988151550293
7.4840507507324219
8.0318889617919922
8.6477909088134766
9.3360347747802734
10.101871490478516
10.947218894958496
11.880838394165039
13.160426139831543
14.616890907287598
15.728774070739746
16.246040344238281
16.548063278198242
16.962820053100586
17.741397857666016
18.524124145507812
18.326484680175781
127.4342041015625
3.0500736236572266
3.1424331665039062
3.1698436737060547
3.2242991924285889
3.2327876091003418
3.2250280380249023
3.1854217052459717
3.1234340667724609
3.0293278694152832
2.9979827404022217
2.9738950729370117
2.9487500190734863
2.9367828369140625
2.9332494735717773
2.9429318904876709
2.9629619121551514
2.9894697666168213
3.0185112953186035
3.048567533493042
3.0789394378662109
3.1103413105010986
3.1434414386749268
3.1790318489074707
3.217587947845459
3.2595870494842529
3.3051724433898926
3.3549525737762451
3.4093468189239502
3.4686226844787598
3.5335855484008789
3.6047477722167969
3.6824641227722168
3.7673702239990234
3.8597607612609863
3.9602582454681396
4.0693373680114746
4.1876101493835449
4.3156585693359375
4.4543166160583496
4.6042919158935547
4.7664761543273926
4.9415216445922852
5.1305155754089355
5.3346624374389648
5.5549445152282715
5.7925224304199219
6.0488224029541016
6.3254528045654297
6.6242780685424805
6.9471464157104492
7.2960343360900879
7.673253059387207
8.0816507339477539
8.5241231918334961
9.0041971206665039
9.5258541107177734
10.093103408813477
10.710651397705078
11.383651733398438
12.117899894714355
12.92025089263916
13.798211097717285
14.760891914367676
15.817975997924805
16.981527328491211
18.264076232910156
19.680971145629883
21.249921798706055
22.991247177124023
24.927934646606445
27.088413238525391
29.502779006958008
32.210811614990234
35.266586303710938
38.791397094726562
42.863052368164062
47.534286499023438
52.854793548583984
58.884380340576172
65.669235229492188
73.242790222167969
81.665641784667969
93.256454467773438
107.33049774169922
117.51382446289062
123.29349517822266
128.50733947753906
138.6756591796875
160.39445495605469
184.92457580566406
191.73320007324219
763.6727294921875
3.0234136581420898
3.3204302787780762
3.4409670829772949
3.6619017124176025
3.9947988986968994
4.3132104873657227
4.550102710723877
4.6589889526367188
4.6820292472839355
4.7320852279663086
4.8297157287597656
4.9398684501647949
5.0936903953552246
5.2882800102233887
5.5298800468444824
5.825751781463623
6.1673049926757812
6.5403709411621094
6.9347281455993652
7.3523740768432617
7.7904386520385742
8.2485313415527344
8.7255544662475586
9.22198486328125
9.7384262084960938
10.276875495910645
10.838251113891602
11.423446655273438
12.036442756652832
12.678158760070801
13.350372314453125
14.056681632995605
14.799928665161133
15.585358619689941
16.415904998779297
17.295705795288086
18.228837966918945
19.220441818237305
20.273998260498047
21.396244049072266
22.593505859375
23.873199462890625
25.242956161499023
26.709407806396484
28.283069610595703
29.974767684936523
31.795251846313477
33.755989074707031
35.871116638183594
38.155509948730469
40.627758026123047
43.309009552001953
46.219264984130859
49.384410858154297
52.830780029296875
56.5877685546875
60.689243316650391
65.1767578125
70.095970153808594
75.499931335449219
81.44708251953125
88.006950378417969
95.255767822265625
103.28569030761719
112.19963836669922
122.12308502197266
133.19894409179688
145.59724426269531
159.51431274414062
175.18934631347656
192.90721130371094
213.00849914550781
235.92013549804688
262.16708374023438
292.81634521484375
329.14346313476562
372.35693359375
423.73394775390625
484.51901245117188
555.93658447265625
638.74273681640625
734.15899658203125
840.28887939453125
999.89093017578125
1221.173583984375
1521.62353515625
1922.2977294921875
2480.73779296875
3241.91845703125
4093.02392578125
4984.888671875
6293.912109375
4.263481616973877
4.1404886245727539
3.9885454177856445
3.8278231620788574
3.6667251586914062
3.5005452632904053
3.3303921222686768
3.1650269031524658
3.0037026405334473
2.8461430072784424
2.6911964416503906
2.5467917919158936
2.4192149639129639
2.3007867336273193
2.1857485771179199
2.0828030109405518
1.9987599849700928
1.9263660907745361
1.8573015928268433
1.7942759990692139
1.7449895143508911
1.7083395719528198
1.6754827499389648
1.6420172452926636
1.6113561391830444
1.5866600275039673
1.5634368658065796
1.5363395214080811
1.5058097839355469
1.4757416248321533
1.4453555345535278
1.4117025136947632
1.3762041330337524
1.3404206037521362
1.3037075996398926
1.2660562992095947
1.2290866374969482
1.1922825574874878
1.157230019569397
1.1232103109359741
4.8539009094238281
4.7265076637268066
4.5670871734619141
4.3977551460266113
4.2276678085327148
4.0514540672302246
3.8741791248321533
3.6977062225341797
3.5181195735931396
3.3399021625518799
3.1686446666717529
3.012824535369873
2.8634967803955078
2.7188801765441895
2.5872237682342529
2.4733009338378906
2.3711297512054443
2.2738614082336426
2.1829648017883301
2.1056721210479736
2.0431520938873291
1.987579345703125
1.9339942932128906
1.8836698532104492
1.8406411409378052
1.8045819997787476
1.7697069644927979
1.7330074310302734
1.6964060068130493
1.6620049476623535
1.6274539232254028
1.591170072555542
1.5540421009063721
1.5162404775619507
1.477908730506897
1.4392123222351074
1.399875283241272
1.3603752851486206
1.3214889764785767
1.2866541147232056
5.2999234199523926
5.1602787971496582
4.9848885536193848
4.8030366897583008
4.6234855651855469
4.433957576751709
4.242283821105957
4.0552711486816406
3.8656694889068604
3.6732745170593262
3.4713771343231201
3.2802917957305908
3.101696252822876
2.9344677925109863
2.7924008369445801
2.6765761375427246
2.5658369064331055
2.4594788551330566
2.3654732704162598
2.2878854274749756
2.2207019329071045
2.157362699508667
2.0988659858703613
2.0489370822906494
2.0068433284759521
1.9669798612594604
1.9264745712280273
1.887086033821106
1.8511470556259155
1.81654953956604
1.7794870138168335
1.740700364112854
1.7025097608566284
1.664063572883606
1.6244913339614868
1.5842316150665283
1.5432173013687134
1.5025498867034912
1.4620389938354492
1.4231652021408081
5.5743021965026855
5.440333366394043
5.2676305770874023
5.0858936309814453
4.9051804542541504
4.7175707817077637
4.5245447158813477
4.3274307250976562
4.1275773048400879
3.9325029850006104
3.7257211208343506
3.5217585563659668
3.3289821147918701
3.1554772853851318
3.0114521980285645
2.8899064064025879
2.7702517509460449
2.658588171005249
2.5645456314086914
2.4885425567626953
2.4210546016693115
2.3555154800415039
2.2935128211975098
2.2401053905487061
2.1960391998291016
2.1547744274139404
2.1118800640106201
2.0690987110137939
2.0300326347351074
1.9930169582366943
1.9539616107940674
1.9134511947631836
1.8731331825256348
1.8325930833816528
1.7913615703582764
1.7495412826538086
1.7071346044540405
1.6650059223175049
1.6220343112945557
1.5787314176559448
5.9516301155090332
5.8125400543212891
5.6336512565612793
5.4505910873413086
5.2623763084411621
5.0599260330200195
4.8606967926025391
4.6605477333068848
4.4461092948913574
4.2330765724182129
4.0156068801879883
3.8044643402099609
3.5985691547393799
3.4088428020477295
3.2515089511871338
3.1222133636474609
3.0000913143157959
2.885310173034668
2.7880332469940186
2.7095293998718262
2.6400146484375
2.5721073150634766
2.5072736740112305
2.451153039932251
2.4040653705596924
2.35904860496521
2.3123393058776855
2.2668588161468506
2.225628137588501
2.1851849555969238
2.142672061920166
2.1000270843505859
2.0576255321502686
2.014615535736084
1.9711344242095947
1.9275155067443848
1.8831957578659058
1.8392863273620605
1.7938172817230225
1.7457048892974854
6.3306617736816406
6.1875271797180176
5.998720645904541
5.8112063407897949
5.624030590057373
5.4137811660766602
5.1977601051330566
4.9879012107849121
4.7693710327148438
4.5447072982788086
4.3072338104248047
4.0825037956237793
3.8691785335540771
3.673626184463501
3.5116472244262695
3.3754570484161377
3.2451589107513428
3.1269814968109131
3.0324904918670654
2.955629825592041
2.8839824199676514
2.8126614093780518
2.7455334663391113
2.6884446144104004
2.6388115882873535
2.5891933441162109
2.538090705871582
2.4901089668273926
2.4466395378112793
2.4025754928588867
2.3563315868377686
2.3110177516937256
2.2667815685272217
2.2215492725372314
2.1754770278930664
2.129873514175415
2.0839886665344238
2.0383687019348145
1.9900307655334473
1.9359625577926636
6.716214656829834
6.567713737487793
6.3715906143188477
6.1734495162963867
5.97833251953125
5.7671327590942383
5.5439071655273438
5.3187623023986816
5.0885448455810547
4.8583612442016602
4.6080212593078613
4.3669009208679199
4.1416716575622559
3.9420650005340576
3.7796139717102051
3.6398482322692871
3.5050704479217529
3.3862318992614746
3.2940869331359863
3.2180008888244629
3.1446969509124756
3.0705680847167969
3.0006954669952393
2.9413349628448486
2.8882901668548584
2.8330528736114502
2.7745547294616699
2.7219223976135254
2.6762306690216064
2.6281349658966064
2.577791690826416
2.5287463665008545
2.4813451766967773
2.4336869716644287
2.3851344585418701
2.3369271755218506
2.2893381118774414
2.2422473430633545
2.191791296005249
2.1325278282165527
7.0896883010864258
6.9295659065246582
6.7286105155944824
6.5287017822265625
6.3206362724304199
6.0983572006225586
5.8741016387939453
5.6426277160644531
5.4029984474182129
5.1596331596374512
4.9025845527648926
4.648810863494873
4.4133014678955078
4.2126197814941406
4.0516409873962402
3.9092822074890137
3.7720763683319092
3.6546046733856201
3.5676620006561279
3.4934484958648682
3.418074369430542
3.3350155353546143
3.2542262077331543
3.1932532787322998
3.1385214328765869
3.0701820850372314
2.9959714412689209
2.9356997013092041
2.8867828845977783
2.8318977355957031
2.7737700939178467
2.7201817035675049
2.6696634292602539
2.620396614074707
2.5706679821014404
2.5201811790466309
2.4712183475494385
2.4232082366943359
2.3726832866668701
2.3117702007293701
7.445065975189209
7.2718081474304199
7.0539350509643555
6.8548693656921387
6.6496067047119141
6.4125900268554688
6.1779451370239258
5.9480257034301758
5.7071256637573242
5.4454059600830078
5.1792631149291992
4.9206218719482422
4.6819620132446289
4.4823861122131348
4.3238015174865723
4.1817784309387207
4.0439014434814453
3.9270975589752197
3.8431203365325928
3.76979660987854
3.6785111427307129
3.571864128112793
3.4779953956604004
3.4103410243988037
3.3456847667694092
3.2636415958404541
3.1787354946136475
3.1108198165893555
3.0518872737884521
2.9863252639770508
2.9212963581085205
2.8612983226776123
2.8022873401641846
2.7459909915924072
2.6922359466552734
2.6380743980407715
2.5866189002990723
2.5380382537841797
2.4905910491943359
2.4351024627685547
7.7631444931030273
7.5847773551940918
7.3548035621643066
7.1384429931640625
6.9345598220825195
6.7070937156677246
6.4641900062561035
6.2270627021789551
5.9902763366699219
5.7215919494628906
5.4402236938476562
5.1730670928955078
4.9386601448059082
4.748652458190918
4.5951972007751465
4.4522299766540527
4.3121862411499023
4.1922922134399414
4.0989251136779785
4.007636547088623
3.8964018821716309
3.7766320705413818
3.6758303642272949
3.5987370014190674
3.5181601047515869
3.4220454692840576
3.3306665420532227
3.257695198059082
3.188185453414917
3.1123642921447754
3.0406126976013184
2.974146842956543
2.9084069728851318
2.8451657295227051
2.7846100330352783
2.7240462303161621
2.6668879985809326
2.6121795177459717
2.5607748031616211
2.5127239227294922
8.0387029647827148
7.8491172790527344
7.6259875297546387
7.4034843444824219
7.1795687675476074
6.9544534683227539
6.731560230255127
6.4970650672912598
6.2234992980957031
5.9538488388061523
5.6855530738830566
5.4195656776428223
5.1877355575561523
5.0036110877990723
4.8508172035217285
4.7062911987304688
4.5641922950744629
4.4362163543701172
4.3261709213256836
4.2162857055664062
4.0908727645874023
3.9613218307495117
3.8514838218688965
3.7618827819824219
3.6674175262451172
3.5612425804138184
3.4635984897613525
3.3831992149353027
3.3034110069274902
3.2191951274871826
3.1412544250488281
3.0682895183563232
2.9953062534332275
2.9255509376525879
2.8593404293060303
2.7925105094909668
2.7296819686889648
2.6696093082427979
2.6140425205230713
2.5711760520935059
8.2764730453491211
8.0686883926391602
7.8467044830322266
7.6428475379943848
7.4149818420410156
7.1687464714050293
6.959409236907959
6.7515535354614258
6.4536232948303223
6.1506471633911133
5.892859935760498
5.6503844261169434
5.4319372177124023
5.2499275207519531
5.0936565399169922
4.94287109375
4.7911782264709473
4.6514263153076172
4.5292873382568359
4.4055933952331543
4.2655234336853027
4.1246199607849121
4.006563663482666
3.9067583084106445
3.7994563579559326
3.6834733486175537
3.5799050331115723
3.4919869899749756
3.4023642539978027
3.3106117248535156
3.226344108581543
3.1467647552490234
3.0675137042999268
2.9916067123413086
2.919447660446167
2.846747875213623
2.7787971496582031
2.7135517597198486
2.6541547775268555
2.6085593700408936
8.4784173965454102
8.258549690246582
8.0264196395874023
7.8399162292480469
7.6335926055908203
7.3798165321350098
7.1676044464111328
6.9848341941833496
6.6906051635742188
6.3565092086791992
6.0847320556640625
5.8584284782409668
5.6565756797790527
5.479888916015625
5.3204684257507324
5.1603274345397949
4.9965887069702148
4.8449783325195312
4.7093777656555176
4.570314884185791
4.4173774719238281
4.2684082984924316
4.1434159278869629
4.0323467254638672
3.912534236907959
3.7884094715118408
3.6795039176940918
3.5840742588043213
3.485421895980835
3.3864915370941162
3.2963495254516602
3.2107338905334473
3.1252834796905518
3.0436680316925049
2.9662871360778809
2.8881337642669678
2.8154153823852539
2.7454538345336914
2.6826546192169189
2.633803129196167
8.6440296173095703
8.4221677780151367
8.1819419860839844
8.0021247863769531
7.8248414993286133
7.5895471572875977
7.3747696876525879
7.1780962944030762
6.8987221717834473
6.5612697601318359
6.2801218032836914
6.0586385726928711
5.8654928207397461
5.6912989616394043
5.5266456604003906
5.3555221557617188
5.1797475814819336
5.0164728164672852
4.8671088218688965
4.7140703201293945
4.5505075454711914
4.3943004608154297
4.2616114616394043
4.139707088470459
4.0095367431640625
3.8783097267150879
3.7635815143585205
3.6604888439178467
3.5540440082550049
3.4489045143127441
3.3524866104125977
3.2611353397369385
3.1707286834716797
3.0834805965423584
3.0006821155548096
2.9179432392120361
2.8410942554473877
2.7664294242858887
2.7007331848144531
2.649528980255127
8.7760438919067383
8.5597124099731445
8.3221054077148438
8.1450176239013672
7.9934735298156738
7.7934846878051758
7.5600662231445312
7.3265171051025391
7.0599637031555176
6.7480258941650391
6.472966194152832
6.2526345252990723
6.0614633560180664
5.8849692344665527
5.7104892730712891
5.5257978439331055
5.3386363983154297
5.1659393310546875
5.0052828788757324
4.8393716812133789
4.6652412414550781
4.5020298957824707
4.3626103401184082
4.2310905456542969
4.0912227630615234
3.9534454345703125
3.8334026336669922
3.722545862197876
3.6085844039916992
3.4983780384063721
3.3963601589202881
3.29872727394104
3.2036852836608887
3.1121387481689453
3.0241005420684814
2.9364626407623291
2.8561642169952393
2.7776041030883789
2.7094628810882568
2.6568872928619385
8.8775005340576172
8.6727371215820312
8.4505548477172852
8.2801027297973633
8.1510772705078125
7.9943809509277344
7.7419629096984863
7.455815315246582
7.1835265159606934
6.9042415618896484
6.6480865478515625
6.4318594932556152
6.239933967590332
6.0556974411010742
5.8664016723632812
5.6681866645812988
5.473365306854248
5.2934484481811523
5.1208310127258301
4.9418463706970215
4.7591395378112793
4.5919513702392578
4.446652889251709
4.3046374320983887
4.1553058624267578
4.0132684707641602
3.8890933990478516
3.7700634002685547
3.6490316390991211
3.5342938899993896
3.4276676177978516
3.3244364261627197
3.2243783473968506
3.1290748119354248
3.0369720458984375
2.9446437358856201
2.8609156608581543
2.7790985107421875
2.7093949317932129
2.6571331024169922
8.9549169540405273
8.7659769058227539
8.5732593536376953
8.4192667007446289
8.3107261657714844
8.2005081176757812
7.9128031730651855
7.5905303955078125
7.3090400695800781
7.0531926155090332
6.8143196105957031
6.5989623069763184
6.4008035659790039
6.20635986328125
6.003821849822998
5.7941160202026367
5.5914106369018555
5.4029021263122559
5.2185873985290527
5.028956413269043
4.8401985168457031
4.669762134552002
4.5170779228210449
4.3639588356018066
4.2079777717590332
4.0634322166442871
3.9326550960540771
3.8055071830749512
3.6795017719268799
3.5602145195007324
3.4489121437072754
3.3412189483642578
3.2364175319671631
3.1369996070861816
3.0415186882019043
2.9452664852142334
2.8581275939941406
2.7734291553497314
2.7029919624328613
2.6531088352203369
9.0156946182250977
8.8435087203979492
8.6920814514160156
8.571415901184082
8.487518310546875
8.4074249267578125
8.0778875350952148
7.7242317199707031
7.4326214790344238
7.1980137825012207
6.9720320701599121
6.7527318000793457
6.5461220741271973
6.3420610427856445
6.1271781921386719
5.9062185287475586
5.6948957443237305
5.4976010322570801
5.3026280403137207
5.1042346954345703
4.9111242294311523
4.7368974685668945
4.5739326477050781
4.411128044128418
4.2516932487487793
4.1032042503356934
3.9650173187255859
3.8319218158721924
3.7017822265625
3.5781161785125732
3.4620962142944336
3.3505094051361084
3.2422993183135986
3.1392679214477539
3.0405941009521484
2.9415891170501709
2.8517646789550781
2.7653660774230957
2.6949629783630371
2.6501352787017822
9.0549097061157227
8.9096651077270508
8.8118743896484375
8.7437047958374023
8.6977176666259766
8.5387067794799805
8.206294059753418
7.853309154510498
7.5553693771362305
7.3323402404785156
7.1121301651000977
6.8873734474182129
6.6695137023925781
6.4539251327514648
6.2306909561157227
6.0027861595153809
5.7815346717834473
5.5727424621582031
5.3701915740966797
5.1683917045593262
4.9710893630981445
4.7886848449707031
4.6181073188781738
4.451484203338623
4.2883024215698242
4.1349396705627441
3.9923603534698486
3.8552169799804688
3.7220425605773926
3.5965423583984375
3.4784376621246338
3.3646881580352783
3.2554724216461182
3.1521847248077393
3.0531637668609619
2.9552340507507324
2.8657770156860352
2.7862255573272705
2.7148587703704834
2.6718940734863281
9.0679426193237305
8.986851692199707
8.9768047332763672
8.9842824935913086
8.9200525283813477
8.7059745788574219
8.3690109252929688
8.0289573669433594
7.7240376472473145
7.4914717674255371
7.2678236961364746
7.0362963676452637
6.8016343116760254
6.5688514709472656
6.3384203910827637
6.1061606407165527
5.8736104965209961
5.6511530876159668
5.4424276351928711
5.2404322624206543
5.0401325225830078
4.8494586944580078
4.6753668785095215
4.5108895301818848
4.3472776412963867
4.1928400993347168
4.052854061126709
3.9199705123901367
3.791942834854126
3.6741714477539062
3.565537691116333
3.4628527164459229
3.3667318820953369
3.2785723209381104
3.1963119506835938
3.1255576610565186
3.0549807548522949
3.0410516262054443
2.9556245803833008
2.860145092010498
9.075556755065918
9.1889286041259766
9.3457489013671875
9.4037647247314453
9.3399572372436523
9.0851249694824219
8.7255306243896484
8.3889350891113281
8.0717048645019531
7.8081941604614258
7.5631189346313477
7.3134474754333496
7.054419994354248
6.7948369979858398
6.5489249229431152
6.3086166381835938
6.0650820732116699
5.831270694732666
5.6182389259338379
5.4177384376525879
5.2212076187133789
5.0364828109741211
4.8747730255126953
4.7264571189880371
4.5827412605285645
4.4583015441894531
4.3567028045654297
4.269047737121582
4.1972098350524902
4.1506342887878418
4.1233654022216797
4.1137752532958984
4.1232705116271973
4.1547164916992188
4.2037639617919922
4.3313770294189453
4.4114894866943359
4.8795318603515625
4.6906204223632812
4.1489825248718262
9.2388362884521484
10.007610321044922
10.461461067199707
10.679157257080078
10.829495429992676
10.58832836151123
10.111956596374512
9.6792030334472656
9.2701139450073242
8.9087667465209961
8.5846824645996094
8.2712078094482422
7.9547624588012695
7.6411595344543457
7.3508710861206055
7.0770902633666992
6.8128061294555664
6.5777773857116699
6.3802337646484375
6.2038207054138184
6.0431461334228516
5.9243521690368652
5.86895751953125
5.8469691276550293
5.8514056205749512
5.9469394683837891
6.1320319175720215
6.3719649314880371
6.6967606544494629
7.1497106552124023
7.6842594146728516
8.3032426834106445
9.0230398178100586
9.8553352355957031
10.774059295654297
12.157176971435547
13.256622314453125
16.869068145751953
16.103425979614258
12.616340637207031
10.478209495544434
13.393561363220215
14.499418258666992
15.427672386169434
16.530330657958984
16.46759033203125
15.564343452453613
14.714527130126953
13.937684059143066
13.264392852783203
12.687106132507324
12.157881736755371
11.652833938598633
11.176969528198242
10.74921703338623
10.379753112792969
10.09230899810791
9.9256048202514648
9.9159822463989258
10.005167961120605
10.165438652038574
10.563729286193848
11.364677429199219
12.346464157104492
13.47779655456543
15.171517372131348
17.421150207519531
19.886894226074219
22.822624206542969
26.475322723388672
30.546291351318359
34.935394287109375
39.905109405517578
45.432895660400391
51.432281494140625
59.705451965332031
66.823135375976562
87.913963317871094
84.79974365234375
64.554824829101562
17.030145645141602
27.429512023925781
30.62785530090332
34.102909088134766
38.681468963623047
39.478191375732422
37.117816925048828
34.794628143310547
32.726402282714844
31.014703750610352
29.625442504882812
28.389194488525391
27.246828079223633
26.238971710205078
25.606245040893555
25.442403793334961
25.595184326171875
26.450786590576172
28.636192321777344
31.760931015014648
35.124061584472656
39.955802917480469
47.709342956542969
56.320289611816406
65.4603271484375
77.53411865234375
92.757011413574219
108.34626770019531
125.99965667724609
146.81088256835938
169.67198181152344
193.06637573242188
219.45339965820312
247.88072204589844
279.04519653320312
319.05337524414062
356.47103881835938
456.2567138671875
451.65838623046875
352.30709838867188
48.974166870117188
86.783554077148438
95.353271484375
107.67121124267578
125.67052459716797
131.35731506347656
124.38130187988281
117.28955841064453
111.06024169921875
106.24855041503906
103.01326751708984
100.45706176757812
98.393821716308594
98.584175109863281
104.28994750976562
113.39484405517578
123.375
137.61567687988281
162.355224609375
192.92938232421875
221.797607421875
257.90692138671875
309.70291137695312
363.11990356445312
416.56689453125
481.390380859375
559.50909423828125
636.2841796875
720.0968017578125
814.8326416015625
918.09564208984375
1020.8718872070312
1135.3638916015625
1255.323974609375
1387.01513671875
1545.04541015625
1699.1595458984375
2051.483642578125
2122.43115234375
1743.402587890625
207.98069763183594
343.34182739257812
363.48480224609375
415.30084228515625
495.80654907226562
537.94281005859375
520.530029296875
503.267578125
493.39266967773438
496.20733642578125
523.021728515625
554.77520751953125
586.901123046875
641.01605224609375
733.41082763671875
835.0400390625
929.6771240234375
1043.41064453125
1200.413330078125
1370.4512939453125
1527.0108642578125
1706.0751953125
1933.0770263671875
2160.88037109375
2384.29638671875
2638.150390625
2928.97607421875
3214.203857421875
3515.32275390625
3842.980712890625
4190.623046875
4532.224609375
4897.33203125
5269.88916015625
5665.98388671875
6113.73193359375
6540.70361328125
7387.359375
7851.68603515625
6942.2685546875
1072.2784423828125
1584.1781005859375
1687.69677734375
1978.4742431640625
2353.86669921875
2627.610595703125
2664.939453125
2726.59716796875
2888.720947265625
3149.608642578125
3506.484619140625
3841.89794921875
4158.3125
4538.74072265625
5010.60302734375
5483.80908203125
5936.27783203125
6424.45166015625
6980.31689453125
7556.12939453125
8118.22216796875
8714.5771484375
9375.814453125
10052.818359375
10730.666015625
11445.6884765625
12204.310546875
12964.94921875
13732.2138671875
14516.7255859375
15311.1083984375
16094.5537109375
16880.93359375
17665.705078125
18459.939453125
19308.708984375
20109.755859375
21102.150390625
22578.609375
21545.142578125
8214.890625
10242.498046875
12703.9580078125
14214.5185546875
15453.2001953125
16845.849609375
17706.72265625
18062.076171875
18307.6875
18570.72265625
18828.326171875
19121.42578125
19496.3515625
19955.5390625
20432.630859375
20931.625
21495.732421875
22120.44140625
22741.416015625
23353.240234375
24017.466796875
24718.84375
25389.744140625
26057.22265625
26760.48828125
27468.619140625
28144.59765625
28827.0859375
29515.93359375
30188.80078125
30836.568359375
31487.029296875
32121.91015625
32742.48828125
33351.390625
33964.03125
34501.171875
34622.4296875
34281.84765625
34274.77734375
)
;

boundaryField
{
    inlet
    {
        type            fixedValue;
        value           uniform 1.52223;
    }
    outlet
    {
        type            inletOutlet;
        inletValue      uniform 1.52223;
        value           uniform 1.52223;
    }
    fluid_to_graphite
    {
        type            kqRWallFunction;
        value           uniform 1.52223;
    }
    wedgeBack
    {
        type            wedge;
    }
    wedgeFront
    {
        type            wedge;
    }
    defaultFaces
    {
        type            empty;
    }
}


                                                                               
