                                                                               
                             
                                                                   
                                                            
                                          
                             
                                                                               
FoamFile
{
    format          ascii;
    class           volScalarField;
    location        1 / fluid;
    object          omega;
}
                                                                               

dimensions      [ 0 0 -1 0 0 0 0 ];

internalField   nonuniform List<scalar> 
4592
(
246.86875915527344
246.16436767578125
245.55882263183594
245.02729797363281
244.55574035644531
244.17559814453125
243.89035034179688
243.69615173339844
243.59619140625
243.60116577148438
243.71884155273438
243.96113586425781
244.34999084472656
244.88253784179688
245.57984924316406
246.45181274414062
247.50439453125
248.75747680664062
250.21836853027344
251.89765930175781
253.80899047851562
255.95967102050781
258.35540771484375
261.00271606445312
263.910888671875
267.06845092773438
270.47879028320312
274.14486694335938
278.072265625
282.2603759765625
286.70919799804688
291.40762329101562
246.8963623046875
246.2271728515625
245.66938781738281
245.19859313964844
244.80851745605469
244.53375244140625
244.369384765625
244.32687377929688
244.41265869140625
244.63984680175781
245.015869140625
245.56063842773438
246.28901672363281
247.21391296386719
248.34664916992188
249.70323181152344
251.29597473144531
253.13142395019531
255.22158813476562
257.5684814453125
260.18069458007812
263.06155395507812
266.23037719726562
269.68228149414062
273.41860961914062
277.43045043945312
281.706787109375
286.23785400390625
291.03924560546875
296.09222412109375
301.379638671875
306.879638671875
246.93452453613281
246.29441833496094
245.76998901367188
245.33735656738281
244.98590087890625
244.74142456054688
244.60063171386719
244.58102416992188
244.69281005859375
244.95133972167969
245.36970520019531
245.9649658203125
246.751708984375
247.74844360351562
248.96759033203125
250.42811584472656
252.14137268066406
254.11537170410156
256.35903930664062
258.87994384765625
261.68734741210938
264.78323364257812
268.1661376953125
271.85000610351562
275.8309326171875
280.11459350585938
284.68948364257812
289.54153442382812
294.66281127929688
300.05413818359375
305.6905517578125
311.56320190429688
247.00944519042969
246.40316772460938
245.90913391113281
245.50242614746094
245.173583984375
244.94573974609375
244.83653259277344
244.84805297851562
244.99433898925781
245.28620910644531
245.73768615722656
246.36558532714844
247.19007873535156
248.2310791015625
249.50753784179688
251.02783203125
252.80697631835938
254.85671997070312
257.18695068359375
259.80752563476562
262.72607421875
265.94577026367188
269.46713256835938
273.3037109375
277.45855712890625
281.92678833007812
286.6947021484375
291.75848388671875
297.09979248046875
302.733154296875
308.62106323242188
314.77456665039062
247.09848022460938
246.55647277832031
246.10911560058594
245.74258422851562
245.45637512207031
245.25070190429688
245.15769958496094
245.18753051757812
245.34521484375
245.65130615234375
246.11521911621094
246.76036071777344
247.60639953613281
248.66603088378906
249.9559326171875
251.4945068359375
253.3013916015625
255.38787841796875
257.76715087890625
260.44732666015625
263.4393310546875
266.75039672851562
270.38031005859375
274.33291625976562
278.620849609375
283.22918701171875
288.15676879882812
293.40847778320312
298.95794677734375
304.81393432617188
310.9495849609375
317.37054443359375
247.12321472167969
246.58985900878906
246.15525817871094
245.80072021484375
245.52690124511719
245.32846069335938
245.2303466796875
245.24960327148438
245.39750671386719
245.68898010253906
246.13475036621094
246.75459289550781
247.57379150390625
248.60293579101562
249.86576843261719
251.38282775878906
253.163330078125
255.2259521484375
257.59042358398438
260.26712036132812
263.26547241210938
266.59100341796875
270.25521850585938
274.2567138671875
278.592041015625
283.27011108398438
288.29385375976562
293.6533203125
299.33367919921875
305.33926391601562
311.6385498046875
318.2318115234375
247.171630859375
246.65792846679688
246.23982238769531
245.89910888671875
245.63667297363281
245.45115661621094
245.36161804199219
245.37730407714844
245.52186584472656
245.79782104492188
246.23100280761719
246.83726501464844
247.63801574707031
248.65084838867188
249.8958740234375
251.38978576660156
253.15379333496094
255.20468139648438
257.55865478515625
260.229736328125
263.23016357421875
266.57424926757812
270.26815795898438
274.3060302734375
278.70184326171875
283.4578857421875
288.56570434570312
294.03182983398438
299.83856201171875
305.97894287109375
312.42721557617188
319.1849365234375
247.217041015625
246.74104309082031
246.35514831542969
246.03326416015625
245.78189086914062
245.59645080566406
245.495361328125
245.49211120605469
245.60972595214844
245.863037109375
246.26519775390625
246.83726501464844
247.59909057617188
248.57032775878906
249.77522277832031
251.23043823242188
252.95394897460938
254.96623229980469
257.28207397460938
259.91897583007812
262.90087890625
266.2314453125
269.91973876953125
273.97857666015625
278.40625
283.2034912109375
288.37725830078125
293.92098999023438
299.82009887695312
306.07058715820312
312.65737915039062
319.58847045898438
247.20721435546875
246.70394897460938
246.29437255859375
245.95845031738281
245.69497680664062
245.49748229980469
245.3890380859375
245.37394714355469
245.47752380371094
245.70590209960938
246.08204650878906
246.6192626953125
247.348388671875
248.28640747070312
249.44918823242188
250.85990905761719
252.53839111328125
254.50856018066406
256.78988647460938
259.40640258789062
262.363037109375
265.67791748046875
269.37112426757812
273.44110107421875
277.9024658203125
282.76348876953125
288.01580810546875
293.65328979492188
299.67605590820312
306.08126831054688
312.86422729492188
320.01611328125
247.19953918457031
246.68638610839844
246.26455688476562
245.91310119628906
245.62907409667969
245.41357421875
245.28593444824219
245.25715637207031
245.34382629394531
245.55322265625
245.90190124511719
246.40681457519531
247.09371948242188
247.98359680175781
249.09584045410156
250.46000671386719
252.09024047851562
254.01141357421875
256.24942016601562
258.82192993164062
261.751708984375
265.05767822265625
268.74710083007812
272.84030151367188
277.35546875
282.2728271484375
287.6114501953125
293.36773681640625
299.54376220703125
306.13894653320312
313.1505126953125
320.55776977539062
247.1990966796875
246.68325805664062
246.25228881835938
245.89213562011719
245.60281372070312
245.38009643554688
245.25053405761719
245.2139892578125
245.28411865234375
245.46983337402344
245.79112243652344
246.26945495605469
246.92498779296875
247.77543640136719
248.84629821777344
250.16275024414062
251.74740600585938
253.62600708007812
255.82475280761719
258.37075805664062
261.2821044921875
264.57723999023438
268.28146362304688
272.41082763671875
276.96954345703125
281.96945190429688
287.42727661132812
293.34439086914062
299.75238037109375
306.60995483398438
313.91650390625
321.65887451171875
247.17756652832031
246.64921569824219
246.20663452148438
245.82801818847656
245.51905822753906
245.2723388671875
245.11827087402344
245.05430603027344
245.09272766113281
245.24234008789062
245.52508544921875
245.95669555664062
246.56097412109375
247.35816955566406
248.36972045898438
249.62443542480469
251.14912414550781
252.97027587890625
255.11625671386719
257.61807250976562
260.5035400390625
263.7967529296875
267.52639770507812
271.7044677734375
276.35894775390625
281.49853515625
287.14089965820312
293.28244018554688
299.9453125
307.09805297851562
314.77859497070312
322.9921875
247.1387939453125
246.59075927734375
246.13923645019531
245.75054931640625
245.41946411132812
245.14646911621094
244.95028686523438
244.83430480957031
244.81513977050781
244.8988037109375
245.10304260253906
245.45367431640625
245.97111511230469
246.67974853515625
247.61039733886719
248.78849792480469
250.24017333984375
251.99879455566406
254.09925842285156
256.57373046875
259.45254516601562
262.76089477539062
266.53228759765625
270.79635620117188
275.57901000976562
280.88784790039062
286.76666259765625
293.22015380859375
300.28219604492188
307.90582275390625
316.1671142578125
325.05825805664062
247.12199401855469
246.55047607421875
246.07302856445312
245.65843200683594
245.29914855957031
244.98876953125
244.74635314941406
244.57569885253906
244.49247741699219
244.50323486328125
244.63298034667969
244.90696716308594
245.346923828125
245.978515625
246.82818603515625
247.93325805664062
249.32241821289062
251.02462768554688
253.08036804199219
255.53390502929688
258.42056274414062
261.78103637695312
265.65826416015625
270.06594848632812
275.06204223632812
280.671630859375
286.93460083007812
293.831787109375
301.46078491210938
309.78054809570312
318.897216796875
328.81137084960938
247.10258483886719
246.50840759277344
246.00260925292969
245.54933166503906
245.15182495117188
244.79849243164062
244.51068115234375
244.29740905761719
244.16758728027344
244.13243103027344
244.21316528320312
244.43357849121094
244.82212829589844
245.40379333496094
246.21003723144531
247.27583312988281
248.63699340820312
250.33242797851562
252.40020751953125
254.889404296875
257.84927368164062
261.32421875
265.3707275390625
270.03594970703125
275.37860107421875
281.42312622070312
288.2659912109375
295.908935546875
304.44699096679688
313.82952880859375
324.26824951171875
335.76742553710938
247.077880859375
246.45973205566406
245.91961669921875
245.43049621582031
244.99165344238281
244.60136413574219
244.28121948242188
244.03970336914062
243.89122009277344
243.84306335449219
243.91104125976562
244.12159729003906
244.505859375
245.09091186523438
245.90876770019531
247.00062561035156
248.40585327148438
250.16598510742188
252.33358764648438
254.96992492675781
258.13168334960938
261.88308715820312
266.3013916015625
271.4381103515625
277.38909912109375
284.20159912109375
291.9931640625
300.77972412109375
310.76358032226562
321.92828369140625
334.58160400390625
348.70132446289062
247.05418395996094
246.41520690917969
245.84716796875
245.33407592773438
244.87167358398438
244.4693603515625
244.15473937988281
243.93161010742188
243.81954956054688
243.828125
243.97406005859375
244.27503967285156
244.75877380371094
245.45950317382812
246.41551208496094
247.66990661621094
249.27079772949219
251.27484130859375
253.74275207519531
256.74249267578125
260.35665893554688
264.66360473632812
269.76846313476562
275.76959228515625
282.7901611328125
290.93426513671875
300.4014892578125
311.24472045898438
323.75201416015625
337.94424438476562
354.29962158203125
372.94729614257812
247.03659057617188
246.38571166992188
245.80975341796875
245.30331420898438
244.8720703125
244.53324890136719
244.32020568847656
244.24478149414062
244.32867431640625
244.58377075195312
245.01797485351562
245.636474609375
246.46040344238281
247.52978515625
248.88166809082031
250.5789794921875
252.68110656738281
255.25369262695312
258.37728881835938
262.15200805664062
266.6895751953125
272.10556030273438
278.5389404296875
286.14462280273438
295.12994384765625
305.65838623046875
318.01214599609375
332.38369750976562
349.25924682617188
368.79495239257812
391.745849609375
418.4259033203125
247.02947998046875
246.39117431640625
245.86549377441406
245.46922302246094
245.22665405273438
245.16574096679688
245.32341003417969
245.71585083007812
246.36558532714844
247.28874206542969
248.46527099609375
249.88743591308594
251.55711364746094
253.50657653808594
255.78240966796875
258.469970703125
261.65338134765625
265.43405151367188
269.9302978515625
275.2667236328125
281.590087890625
289.10052490234375
298.01156616210938
308.55181884765625
321.03945922851562
335.81320190429688
353.32730102539062
373.98135375976562
398.47882080078125
427.35406494140625
461.77069091796875
502.58822631835938
247.04829406738281
246.52265930175781
246.25599670410156
246.29518127441406
246.687255859375
247.4688720703125
248.65386962890625
250.24490356445312
252.24906921386719
254.66041564941406
257.47393798828125
260.62274169921875
264.105712890625
267.93304443359375
272.14712524414062
276.86990356445312
282.23187255859375
288.380859375
295.50177001953125
303.78912353515625
313.474609375
324.84375
338.22564697265625
354.034912109375
372.75698852539062
394.97998046875
421.448486328125
453.005615234375
490.78091430664062
535.93695068359375
590.16094970703125
655.36187744140625
247.19580078125
247.16903686523438
247.839599609375
249.28021240234375
251.48927307128906
254.41796875
258.02377319335938
262.2435302734375
267.046875
272.39230346679688
278.32614135742188
284.8216552734375
291.80426025390625
299.2862548828125
307.33029174804688
316.04769897460938
325.62319946289062
336.2855224609375
348.3074951171875
362.02255249023438
377.8145751953125
396.15444946289062
417.56619262695312
442.74893188476562
472.47647094726562
507.82998657226562
549.9259033203125
600.394775390625
660.86041259765625
733.78961181640625
821.40142822265625
927.57476806640625
247.89668273925781
249.7486572265625
253.40730285644531
258.70965576171875
265.37771606445312
273.15899658203125
281.86654663085938
291.34674072265625
301.52572631835938
312.34408569335938
323.8436279296875
336.20977783203125
349.43899536132812
363.64007568359375
378.94100952148438
395.32034301757812
413.01910400390625
432.309814453125
453.61233520507812
477.48788452148438
504.5489501953125
535.58209228515625
571.46221923828125
613.32550048828125
662.39141845703125
720.45941162109375
789.25054931640625
871.6024169921875
969.66973876953125
1087.9736328125
1228.802490234375
1399.7254638671875
250.89854431152344
259.09445190429688
271.1817626953125
286.06497192382812
302.8616943359375
320.98468017578125
340.09524536132812
359.98870849609375
380.60018920898438
401.90216064453125
423.94961547851562
446.884033203125
471.2001953125
497.21432495117188
525.16058349609375
555.19488525390625
587.701171875
623.14495849609375
662.188720703125
705.4228515625
753.6961669921875
808.19952392578125
870.20562744140625
941.5543212890625
1024.0992431640625
1120.661376953125
1233.53466796875
1367.263671875
1524.2562255859375
1712.1478271484375
1932.1025390625
2197.507080078125
263.06686401367188
291.21414184570312
325.96060180664062
364.32843017578125
404.6546630859375
446.05419921875
488.0784912109375
530.5531005859375
573.51483154296875
617.023193359375
661.259033203125
706.45489501953125
752.9373779296875
801.22991943359375
852.0401611328125
906.50897216796875
965.40325927734375
1029.65673828125
1100.2471923828125
1177.9451904296875
1263.8009033203125
1359.500732421875
1466.7235107421875
1588.00537109375
1725.2938232421875
1882.44677734375
2061.755126953125
2269.79443359375
2508.2197265625
2789.019287109375
3109.849609375
3492.370849609375
313.0574951171875
407.23928833007812
509.74481201171875
614.5860595703125
719.2371826171875
822.57867431640625
923.9451904296875
1023.11474609375
1120.3743896484375
1215.8536376953125
1310.0029296875
1403.4146728515625
1496.7720947265625
1591.1337890625
1687.6856689453125
1787.921875
1893.1876220703125
2004.7669677734375
2124.125732421875
2253.2724609375
2393.889892578125
2548.35791015625
2718.24755859375
2906.218505859375
3113.390380859375
3344.307861328125
3600.126953125
3889.59521484375
4211.87890625
4585.06103515625
5000.689453125
5495.09375
565.509521484375
946.86181640625
1320.2725830078125
1671.9248046875
1996.389404296875
2292.594970703125
2560.615966796875
2801.576904296875
3017.939208984375
3211.75
3386.6533203125
3547.083740234375
3697.812255859375
3844.1201171875
3989.655029296875
4137.7998046875
4290.52783203125
4449.14306640625
4615.49951171875
4790.78857421875
4975.91748046875
5173.1103515625
5383.01708984375
5608.3671875
5849.521484375
6111.77880859375
6394.12109375
6707.6484375
7049.47900390625
7446.84375
7889.126953125
8437.1787109375
2264.338134765625
4140.49560546875
5695.966796875
6928.6962890625
7866.9306640625
8559.986328125
9057.8359375
9402.908203125
9629.86328125
9767.3623046875
9843.240234375
9884.6416015625
9916.07421875
9953.890625
10004.2841796875
10068.66015625
10145.5390625
10233.6962890625
10332.1357421875
10436.939453125
10545.8388671875
10659.5341796875
10776.3720703125
10896.486328125
11018.2099609375
11145.3544921875
11279.1591796875
11436.8955078125
11623.9150390625
11877.8388671875
12199.7060546875
12689.0986328125
20380.953125
23591.45703125
25463.287109375
26534.025390625
27082.990234375
27299.8984375
27305.125
27177.55078125
26964.876953125
26698.1484375
26396.96484375
26072.837890625
25733.453125
25383.025390625
25024.486328125
24659.439453125
24287.609375
23908.88671875
23520.6015625
23121.544921875
22709.673828125
22283.927734375
21838.72265625
21375.23046875
20884.076171875
20373.26953125
20149.6953125
20149.998046875
20148.478515625
17196.576171875
20147.2578125
20148.1328125
296.33627319335938
301.42617797851562
306.99441528320312
313.13525390625
319.56381225585938
326.40280151367188
333.74594116210938
341.76266479492188
350.67520141601562
359.82968139648438
369.6898193359375
380.29180908203125
391.6463623046875
403.859375
416.91680908203125
430.89599609375
445.78533935546875
461.62255859375
478.43072509765625
496.30502319335938
515.29742431640625
535.4661865234375
556.86798095703125
579.5848388671875
603.69866943359375
629.27691650390625
656.42987060546875
685.2376708984375
715.76898193359375
747.32452392578125
780.06268310546875
813.9918212890625
849.10968017578125
885.4544677734375
923.039306640625
961.876220703125
1001.9947509765625
1043.431640625
1086.2203369140625
1130.102783203125
1175.4320068359375
1222.27392578125
1270.6905517578125
1320.735595703125
1372.5015869140625
1426.0450439453125
1481.47216796875
1538.389892578125
1597.3978271484375
1658.5889892578125
1722.0750732421875
1787.98193359375
1856.4498291015625
1927.62255859375
2001.039306640625
2077.49560546875
2157.18994140625
2240.287109375
2327.0009765625
2417.544921875
2511.33740234375
2609.4912109375
2712.29931640625
2820.043701171875
2933.090087890625
3051.7548828125
3176.43505859375
3306.41455078125
3443.40185546875
3587.709716796875
3739.792236328125
3898.736328125
4066.5390625
4243.517578125
4430.8037109375
4629.947265625
4842.3388671875
5066.30908203125
5304.66552734375
5556.25390625
5816.93115234375
6086.45361328125
6356.6015625
6647.54296875
6943.107421875
7234.232421875
7510.64990234375
7775.6591796875
8033.06787109375
8269.279296875
8472.783203125
8661.1669921875
312.61697387695312
318.54513549804688
325.17739868164062
332.47222900390625
339.87353515625
347.67755126953125
356.08047485351562
365.35919189453125
375.66128540039062
385.9212646484375
396.95587158203125
408.88900756835938
421.6146240234375
435.26806640625
449.82623291015625
465.34805297851562
481.82260131835938
499.24832153320312
517.65020751953125
537.1429443359375
557.78692626953125
579.64251708984375
602.75360107421875
627.209228515625
653.09124755859375
680.4791259765625
709.45751953125
740.141357421875
772.59429931640625
806.92291259765625
843.271484375
881.4781494140625
921.05950927734375
961.81103515625
1003.9652709960938
1047.5484619140625
1092.59814453125
1139.1474609375
1187.2431640625
1236.9390869140625
1288.27978515625
1341.3350830078125
1395.77001953125
1452.0662841796875
1510.302734375
1570.575927734375
1632.980224609375
1697.6214599609375
1764.6036376953125
1833.48974609375
1904.9873046875
1979.2296142578125
2056.378662109375
2136.592529296875
2220.025634765625
2306.86669921875
2396.53759765625
2490.056884765625
2587.645751953125
2689.55224609375
2796.03125
2907.35009765625
3023.81103515625
3144.631103515625
3271.3115234375
3404.208251953125
3543.7431640625
3690.3115234375
3844.31201171875
4004.904296875
4174.05810546875
4352.15869140625
4539.64794921875
4735.2802734375
4942.1142578125
5161.1328125
5393.57373046875
5640.5341796875
5901.849609375
6174.1826171875
6459.19873046875
6753.54541015625
7050.2861328125
7365.83154296875
7684.7080078125
7998.58544921875
8300.7294921875
8593.5771484375
8880.8076171875
9147.5791015625
9381.0634765625
9611.8115234375
317.7294921875
324.01876831054688
331.197509765625
339.12213134765625
346.90518188476562
355.05560302734375
363.8787841796875
373.77801513671875
384.82968139648438
395.36749267578125
406.80419921875
419.26339721679688
432.5262451171875
446.76541137695312
461.88775634765625
477.955078125
494.93777465820312
512.7974853515625
531.57623291015625
551.44647216796875
572.4439697265625
594.653076171875
618.12567138671875
642.913818359375
669.0938720703125
696.758056640625
725.96832275390625
756.81707763671875
789.41253662109375
823.86749267578125
860.2784423828125
898.77587890625
939.50079345703125
982.601806640625
1028.1982421875
1076.097412109375
1125.69140625
1177.0283203125
1230.1318359375
1285.0439453125
1341.82177734375
1400.53662109375
1461.2479248046875
1524.0289306640625
1588.5006103515625
1655.24951171875
1724.3817138671875
1796.016357421875
1870.2861328125
1947.3079833984375
2027.2589111328125
2110.2783203125
2195.864013671875
2284.9169921875
2377.623046875
2474.197021484375
2574.872802734375
2679.876953125
2789.4853515625
2903.01904296875
3021.7861328125
3146.110107421875
3276.326904296875
3412.783447265625
3555.87158203125
3706.01318359375
3862.364013671875
4026.8857421875
4200.07373046875
4382.44140625
4574.4130859375
4775.09423828125
4986.84521484375
5210.14697265625
5446.38232421875
5696.60595703125
5961.7421875
6242.50634765625
6536.970703125
6847.48583984375
7172.09130859375
7504.8330078125
7844.8369140625
8198.9814453125
8557.8955078125
8908.6044921875
9248.12890625
9576.7021484375
9900.0693359375
10202.71875
10467.4228515625
10741.8310546875
321.26849365234375
327.83538818359375
335.52194213867188
344.04632568359375
352.168212890625
360.60812377929688
369.80322265625
380.31637573242188
392.137451171875
402.93399047851562
414.75198364257812
427.71612548828125
441.5128173828125
456.3419189453125
472.07095336914062
488.75283813476562
506.30026245117188
524.66448974609375
543.85418701171875
564.117431640625
585.49481201171875
608.03265380859375
631.7913818359375
656.832275390625
683.2427978515625
711.079345703125
740.42694091796875
771.387451171875
804.0426025390625
838.47296142578125
874.79998779296875
913.16259765625
953.6800537109375
996.484130859375
1041.759033203125
1089.6456298828125
1140.321533203125
1193.9794921875
1250.7760009765625
1310.8553466796875
1373.0753173828125
1437.4864501953125
1504.157958984375
1573.148193359375
1644.5496826171875
1718.467529296875
1794.4410400390625
1873.1702880859375
1954.7723388671875
2039.4290771484375
2127.287353515625
2218.524169921875
2313.333740234375
2411.918701171875
2513.66748046875
2619.691162109375
2730.235107421875
2845.6083984375
2966.06884765625
3091.93701171875
3223.554931640625
3360.08544921875
3503.177490234375
3653.275146484375
3810.82373046875
3976.269775390625
4150.146484375
4332.9619140625
4523.6298828125
4724.78515625
4936.97314453125
5160.79736328125
5396.7568359375
5643.5751953125
5905.61181640625
6184.009765625
6478.76513671875
6790.80517578125
7120.66748046875
7467.509765625
7826.57373046875
8199.14453125
8578.380859375
8980.09765625
9381.3193359375
9766.25390625
10141.548828125
10500.814453125
10864.1513671875
11204.9677734375
11500.138671875
11832.8896484375
324.20779418945312
331.10342407226562
339.30975341796875
348.44927978515625
356.96014404296875
365.77590942382812
375.42111206054688
386.59320068359375
399.24383544921875
410.3951416015625
422.69879150390625
436.29104614257812
450.75491333007812
466.30038452148438
482.76708984375
500.18807983398438
518.44146728515625
537.4620361328125
557.27618408203125
578.1611328125
600.1556396484375
623.23992919921875
647.5074462890625
673.0458984375
699.8931884765625
728.131103515625
757.859375
789.1593017578125
822.11474609375
856.8385009765625
893.43060302734375
931.95977783203125
972.5845947265625
1015.4745483398438
1060.7685546875
1108.603515625
1159.1697998046875
1212.6612548828125
1269.26904296875
1329.239990234375
1392.7608642578125
1460.144287109375
1531.658447265625
1607.617431640625
1687.025634765625
1769.328125
1854.611572265625
1943.0120849609375
2034.6749267578125
2129.0732421875
2227.074951171875
2328.902099609375
2434.731689453125
2544.818359375
2659.40625
2778.750732421875
2903.140869140625
3031.876220703125
3166.416015625
3307.06982421875
3454.281982421875
3608.4443359375
3770.001708984375
3939.438232421875
4115.69091796875
4301.04248046875
4496.09033203125
4701.474609375
4917.8583984375
5145.9765625
5386.41259765625
5638.23388671875
5904.4306640625
6185.67041015625
6484.17138671875
6801.25830078125
7136.8896484375
7491.45068359375
7861.37744140625
8251.8359375
8660.78125
9084.552734375
9512.0361328125
9967.0361328125
10415.1923828125
10844.4326171875
11260.912109375
11660.384765625
12065.5234375
12450.2265625
12781.6865234375
13184.345703125
325.29708862304688
332.3765869140625
340.97576904296875
350.6072998046875
359.37838745117188
368.4287109375
378.41824340820312
390.1646728515625
403.56442260742188
414.99267578125
427.72836303710938
441.8726806640625
456.93325805664062
473.18072509765625
490.37106323242188
508.52737426757812
527.4835205078125
547.1334228515625
567.53369140625
588.99847412109375
611.54339599609375
635.19122314453125
660.01324462890625
686.03656005859375
713.28997802734375
741.8831787109375
771.90899658203125
803.4443359375
836.5855712890625
871.43157958984375
908.0687255859375
946.6175537109375
987.21649169921875
1029.9830322265625
1075.022705078125
1122.5313720703125
1172.697998046875
1225.693359375
1281.7320556640625
1341.0157470703125
1403.785888671875
1470.2880859375
1540.8209228515625
1615.6790771484375
1695.2152099609375
1779.81982421875
1869.889404296875
1965.865966796875
2067.589111328125
2173.199462890625
2282.856689453125
2396.760986328125
2514.318115234375
2636.635498046875
2764.015625
2896.74951171875
3035.14404296875
3179.555908203125
3330.359375
3487.9443359375
3651.515869140625
3822.968017578125
4002.776611328125
4191.55517578125
4389.89306640625
4598.43115234375
4817.8037109375
5048.72900390625
5290.13525390625
5545.18017578125
5814.8037109375
6099.78369140625
6400.85205078125
6716.2041015625
7052.6005859375
7411.60302734375
7792.634765625
8194.998046875
8619.0283203125
9064.8037109375
9530.306640625
10007.7939453125
10496.3134765625
11022.3134765625
11526.5986328125
12012.6123046875
12479.4345703125
12930.3681640625
13391.650390625
13832.7939453125
14207.8818359375
14695.7333984375
326.47073364257812
333.77886962890625
342.7952880859375
352.87542724609375
361.9014892578125
371.1810302734375
381.471923828125
393.71524047851562
407.7471923828125
419.41494750976562
432.532958984375
447.2059326171875
462.87130737304688
479.79336547851562
497.6883544921875
516.593994140625
536.3226318359375
556.7342529296875
577.8531494140625
600.03076171875
623.26849365234375
647.57659912109375
673.02490234375
699.6619873046875
727.54595947265625
756.73345947265625
787.2352294921875
819.20159912109375
852.7188720703125
887.8685302734375
924.75927734375
963.509033203125
1004.2199096679688
1047.0118408203125
1092.0364990234375
1139.4627685546875
1189.4461669921875
1242.096923828125
1297.7034912109375
1356.4617919921875
1418.5880126953125
1484.3714599609375
1554.0960693359375
1628.029296875
1706.51123046875
1789.92626953125
1878.63427734375
1973.090576171875
2073.830078125
2181.35400390625
2296.236328125
2419.17138671875
2550.82177734375
2688.237060546875
2831.28662109375
2979.234130859375
3133.568115234375
3294.66943359375
3462.984375
3638.973388671875
3823.12158203125
4016.059814453125
4218.27197265625
4430.44140625
4651.583984375
4884.42822265625
5129.7578125
5388.41943359375
5661.37255859375
5949.572265625
6254.01611328125
6573.283203125
6911.86767578125
7270.82763671875
7654.10888671875
8063.77490234375
8499.0361328125
8959.224609375
9443.50390625
9950.669921875
10477.2099609375
11024.4462890625
11582.650390625
12190.318359375
12770.3466796875
13320.7197265625
13838.1328125
14348.7275390625
14876.4521484375
15385.763671875
15811.958984375
16401.0546875
327.10977172851562
334.62957763671875
344.00640869140625
354.45245361328125
363.6448974609375
373.09759521484375
383.64581298828125
396.32513427734375
410.89447021484375
422.70028686523438
436.09603881835938
451.17950439453125
467.30203247070312
484.76806640625
503.295654296875
522.89691162109375
543.34405517578125
564.45947265625
586.2362060546875
609.09423828125
633.01849365234375
658.02459716796875
684.17242431640625
711.4954833984375
740.0509033203125
769.88134765625
801.05633544921875
833.64385986328125
867.703125
903.28082275390625
940.54144287109375
979.56390380859375
1020.485595703125
1063.425048828125
1108.5081787109375
1155.900390625
1205.739990234375
1258.1998291015625
1313.5045166015625
1371.854736328125
1433.4215087890625
1498.52685546875
1567.4105224609375
1640.405517578125
1717.8294677734375
1799.9896240234375
1887.3720703125
1980.3424072265625
2079.37646484375
2185.0263671875
2297.845703125
2418.51025390625
2547.693115234375
2686.238037109375
2834.96923828125
2994.910888671875
3167.1298828125
3348.16259765625
3537.1728515625
3733.270263671875
3938.5869140625
4153.80078125
4379.50439453125
4616.5439453125
4865.6396484375
5127.67578125
5403.56640625
5694.34765625
5998.63671875
6320.66259765625
6661.7841796875
7023.3857421875
7406.50341796875
7812.458984375
8243.1748046875
8706.5361328125
9201.0048828125
9725.16015625
10276.35546875
10855.0087890625
11459.8359375
12085.892578125
12722.2021484375
13428.5966796875
14104.7861328125
14733.669921875
15324.5390625
15906.1162109375
16514.771484375
17107.43359375
17593.89453125
18304.294921875
327.78549194335938
335.54275512695312
345.291259765625
356.14266967773438
365.56326293945312
375.23492431640625
386.091796875
399.18960571289062
414.22247314453125
426.17477416992188
439.86447143554688
455.28707885742188
471.78558349609375
489.69454956054688
508.689697265625
528.77001953125
549.70391845703125
571.27783203125
593.553955078125
616.9964599609375
641.5843505859375
667.27288818359375
694.13446044921875
722.19207763671875
751.5035400390625
782.07586669921875
813.96826171875
847.25762939453125
882.016357421875
918.3232421875
956.2369384765625
995.86260986328125
1037.3055419921875
1080.61279296875
1126.0057373046875
1173.60693359375
1223.585693359375
1276.108154296875
1331.3553466796875
1389.5384521484375
1450.866943359375
1515.582275390625
1583.9788818359375
1656.33056640625
1732.8994140625
1814.08056640625
1900.289794921875
1991.915283203125
2089.4619140625
2193.422607421875
2304.365478515625
2422.90966796875
2549.768310546875
2685.77490234375
2831.67529296875
2988.513427734375
3157.344970703125
3339.4140625
3536.028076171875
3748.67138671875
3979.03271484375
4221.36474609375
4475.31982421875
4741.71826171875
5019.572265625
5312.14208984375
5620.525390625
5946.0517578125
6289.677734375
6653.150390625
7037.69482421875
7444.88037109375
7872.98388671875
8329.0517578125
8819.955078125
9349.1103515625
9914.4716796875
10514.8017578125
11147.0439453125
11809.9931640625
12499.578125
13204.8466796875
13928.251953125
14761.845703125
15550.296875
16268.796875
16946.65625
17611.390625
18316.630859375
19010.693359375
19567.5390625
20420.748046875
328.64248657226562
336.68563842773438
346.88665771484375
358.16513061523438
367.828125
377.73828125
388.87985229492188
402.38778686523438
417.89276123046875
429.96722412109375
443.89138793945312
459.60171508789062
476.42034912109375
494.66506958007812
513.97723388671875
534.3826904296875
555.6041259765625
577.4461669921875
600.02423095703125
623.79388427734375
648.73944091796875
674.8687744140625
702.23687744140625
730.87933349609375
760.78533935546875
791.97259521484375
824.5521240234375
858.55267333984375
894.0390625
931.0626220703125
969.7088623046875
1010.0421752929688
1052.155517578125
1096.1773681640625
1142.221923828125
1190.4171142578125
1240.907470703125
1293.73828125
1349.212890625
1407.5064697265625
1468.8377685546875
1533.4393310546875
1601.6070556640625
1673.6285400390625
1749.761474609375
1830.3673095703125
1915.8250732421875
2006.5185546875
2102.85302734375
2205.3876953125
2314.755126953125
2431.541015625
2556.40478515625
2690.0888671875
2833.4609375
2987.5302734375
3153.23388671875
3331.830322265625
3524.578125
3732.98974609375
3958.79296875
4203.9951171875
4470.57275390625
4761.072265625
5074.97216796875
5405.25927734375
5752.919921875
6119.46435546875
6505.9365234375
6911.27001953125
7340.97705078125
7797.580078125
8282.68359375
8798.92578125
9355.025390625
9955.7265625
10598.6083984375
11277.4150390625
12000.4287109375
12757.4833984375
13538.736328125
14351.2705078125
15180.69921875
16166.2861328125
17089.11328125
17907.326171875
18690.572265625
19454.25
20273.119140625
21092.556640625
21733.580078125
22755.85546875
330.154541015625
338.57803344726562
349.32992553710938
361.11431884765625
371.06301879882812
381.24481201171875
392.75527954101562
406.7635498046875
422.72589111328125
434.97247314453125
449.20489501953125
465.2626953125
482.42657470703125
500.97198486328125
520.57183837890625
541.246337890625
562.701171875
584.75250244140625
607.47625732421875
631.36553955078125
656.418212890625
682.636474609375
710.106201171875
738.88409423828125
769.01708984375
800.592041015625
833.617431640625
868.10626220703125
904.1312255859375
941.73663330078125
981.06488037109375
1022.1365966796875
1065.0501708984375
1109.877197265625
1156.6898193359375
1205.613037109375
1256.7989501953125
1310.4013671875
1366.573486328125
1425.49267578125
1487.3367919921875
1552.27734375
1620.6614990234375
1692.745361328125
1768.838623046875
1849.28125
1934.427978515625
2024.6341552734375
2120.38232421875
2222.18798828125
2330.5771484375
2446.1181640625
2569.496337890625
2701.341064453125
2842.612548828125
2994.253662109375
3157.250732421875
3332.8046875
3522.223876953125
3726.943359375
3948.591064453125
4189.0439453125
4450.5390625
4735.43017578125
5046.48046875
5386.76708984375
5760.0732421875
6170.66650390625
6605.1875
7064.72412109375
7551.4189453125
8067.5458984375
8614.98828125
9196.08203125
9820.318359375
10499.748046875
11231.4140625
12012.1142578125
12837.3837890625
13701.19921875
14601.4384765625
15531.146484375
16476.142578125
17635.818359375
18715.263671875
19673.9140625
20579.26171875
21454.78515625
22426.71484375
23394.10546875
24132.966796875
25353.921875
332.05618286132812
340.9879150390625
352.40963745117188
364.80322265625
375.13604736328125
385.71786499023438
397.71408081054688
412.31674194335938
428.825439453125
441.33657836914062
455.98318481445312
472.42266845703125
489.93795776367188
508.83853149414062
528.77947998046875
549.71484375
571.37542724609375
593.566650390625
616.3597412109375
640.31243896484375
665.3525390625
691.5142822265625
718.91107177734375
747.5960693359375
777.63446044921875
809.10162353515625
842.06756591796875
876.58099365234375
912.7298583984375
950.6070556640625
990.25579833984375
1031.78173828125
1075.236572265625
1120.6636962890625
1168.1495361328125
1217.852783203125
1269.8548583984375
1324.3153076171875
1381.364013671875
1441.1768798828125
1503.9752197265625
1569.892333984375
1639.1458740234375
1712.0391845703125
1788.853515625
1869.85498046875
1955.41015625
2045.7454833984375
2141.48681640625
2243.1201171875
2351.10791015625
2466.061767578125
2588.670654296875
2719.605712890625
2859.69873046875
3009.8076171875
3171.006103515625
3344.330322265625
3531.058837890625
3732.691162109375
3950.7451171875
4187.1259765625
4444.05322265625
4723.70166015625
5029.10498046875
5363.04638671875
5729.49560546875
6132.40771484375
6576.85791015625
7067.8681640625
7612.46728515625
8194.7392578125
8809.8623046875
9466.0205078125
10179.5185546875
10956.2421875
11793.6220703125
12687.384765625
13634.05859375
14626.3359375
15658.7197265625
16715.28515625
17782.2265625
19147.84375
20417.71484375
21549.6875
22601.130859375
23605.58203125
24769.328125
25917.4609375
26772.759765625
28238.65625
334.89691162109375
344.4637451171875
356.71246337890625
369.88949584960938
380.72366333007812
391.81137084960938
404.37081909179688
419.6351318359375
436.79061889648438
449.61163330078125
464.66384887695312
481.51898193359375
499.46627807617188
518.79095458984375
539.0853271484375
560.30841064453125
582.18853759765625
604.52520751953125
627.4200439453125
651.38916015625
676.42083740234375
702.559814453125
729.87109375
758.38128662109375
788.2020263671875
819.4281005859375
852.08966064453125
886.3089599609375
922.175537109375
959.76934814453125
999.18212890625
1040.501953125
1083.853271484375
1129.356201171875
1177.1041259765625
1227.209716796875
1279.7962646484375
1334.982421875
1392.9100341796875
1453.7203369140625
1517.4371337890625
1584.3770751953125
1654.7579345703125
1728.782958984375
1806.7261962890625
1888.8668212890625
1975.5186767578125
2067.078125
2163.906005859375
2266.43115234375
2375.121826171875
2490.651123046875
2613.6064453125
2744.572509765625
2884.261474609375
3033.705078125
3193.928466796875
3365.97314453125
3551.162353515625
3750.769775390625
3966.453857421875
4199.998046875
4453.50341796875
4729.14990234375
5029.89990234375
5358.46240234375
5718.82177734375
6114.77880859375
6551.205078125
7033.57177734375
7569.06982421875
8164.79736328125
8829.9140625
9574.4677734375
10388.8369140625
11275.833984375
12232.3583984375
13253.6025390625
14337.0400390625
15475.26171875
16655.783203125
17850.9765625
19087.220703125
20719.455078125
22233.830078125
23568.666015625
24786.458984375
25972.240234375
27360.84375
28721.720703125
29709.22265625
31466.19140625
339.8272705078125
350.19039916992188
363.43878173828125
377.5489501953125
388.96780395507812
400.60910034179688
413.79498291015625
429.86065673828125
447.67529296875
460.82650756835938
476.373779296875
493.741455078125
512.172119140625
531.91510009765625
552.59954833984375
574.14837646484375
596.27508544921875
618.749755859375
641.66461181640625
665.6368408203125
690.66900634765625
716.74951171875
743.9227294921875
772.263916015625
801.86920166015625
832.79779052734375
865.13580322265625
898.97393798828125
934.363525390625
971.44281005859375
1010.3229370117188
1051.1116943359375
1093.94580078125
1138.9349365234375
1186.2095947265625
1235.9310302734375
1288.260498046875
1343.345703125
1401.336669921875
1462.3797607421875
1526.6693115234375
1594.448974609375
1665.8851318359375
1741.1934814453125
1820.604248046875
1904.306884765625
1992.6231689453125
2085.911865234375
2184.27685546875
2288.37060546875
2398.66650390625
2515.72314453125
2640.092529296875
2772.34619140625
2913.37255859375
3063.895263671875
3224.919677734375
3397.429931640625
3582.66259765625
3781.925048828125
3996.795166015625
4229.00927734375
4480.59619140625
4753.5263671875
5050.93798828125
5375.58837890625
5731.19580078125
6121.5888671875
6551.701171875
7026.783203125
7553.673828125
8139.841796875
8794.4267578125
9528.5546875
10376.9296875
11365.517578125
12463.4912109375
13640.3427734375
14889.2333984375
16197.447265625
17551.01171875
18944.0390625
20371.8984375
22318.115234375
24130.9296875
25713.470703125
27126.427734375
28542.611328125
30208.986328125
31828.970703125
32973.2109375
35075.19140625
348.5474853515625
359.96310424804688
374.49197387695312
389.7652587890625
401.84954833984375
414.09695434570312
427.934326171875
444.7628173828125
463.18246459960938
476.74603271484375
492.87002563476562
510.74435424804688
529.64776611328125
549.78143310546875
570.78729248046875
592.58038330078125
614.8846435546875
637.453857421875
660.4222412109375
684.43902587890625
709.41632080078125
735.37420654296875
762.40277099609375
790.499267578125
819.82769775390625
850.4405517578125
882.39727783203125
915.7794189453125
950.69110107421875
987.23583984375
1025.52978515625
1065.659912109375
1107.726806640625
1151.9239501953125
1198.3843994140625
1247.23388671875
1298.675537109375
1352.9285888671875
1410.151123046875
1470.5458984375
1534.3277587890625
1601.784912109375
1673.1357421875
1748.5775146484375
1828.395263671875
1912.86328125
2002.302734375
2097.025634765625
2197.38134765625
2303.7568359375
2416.53759765625
2536.156982421875
2663.198486328125
2798.234619140625
2941.9580078125
3095.02783203125
3258.427001953125
3432.84326171875
3619.772216796875
3820.512939453125
4036.630615234375
4269.71044921875
4521.6650390625
4794.73193359375
5091.53271484375
5414.83056640625
5768.21728515625
6155.52978515625
6581.46337890625
7051.21435546875
7571.455078125
8149.53125
8794.4130859375
9517.470703125
10354.6005859375
11334.4921875
12473.1142578125
13784.20703125
15241.7138671875
16769.345703125
18351.185546875
19971.388671875
21612.033203125
23916.9921875
26086.103515625
27968.4765625
29624.744140625
31330.53125
33336.921875
35273.0703125
36590.5234375
39116.9765625
364.36309814453125
377.16226196289062
393.25054931640625
409.86279296875
422.62783813476562
435.48077392578125
449.8994140625
467.39077758789062
486.2974853515625
500.21029663085938
516.817626953125
535.0555419921875
554.3104248046875
574.70770263671875
595.910888671875
617.8724365234375
640.33184814453125
663.02923583984375
686.060546875
710.0533447265625
734.9195556640625
760.70001220703125
787.47052001953125
815.33221435546875
844.34320068359375
874.52178955078125
906.013916015625
938.912841796875
973.3184814453125
1009.2902221679688
1046.916259765625
1086.328125
1127.6591796875
1171.0323486328125
1216.56787109375
1264.4761962890625
1314.93115234375
1368.11181640625
1424.197998046875
1483.4307861328125
1546.044921875
1612.278076171875
1682.4176025390625
1756.764404296875
1835.663818359375
1919.4454345703125
2008.468505859375
2103.0908203125
2203.7734375
2310.90087890625
2424.886962890625
2546.226318359375
2675.478271484375
2813.230712890625
2960.12939453125
3116.841796875
3284.190673828125
3463.0732421875
3654.535400390625
3859.730224609375
4080.029052734375
4316.98828125
4572.49267578125
4848.59814453125
5147.79345703125
5472.75341796875
5826.96923828125
6214.046875
6638.20361328125
7105.26171875
7621.77587890625
8194.9423828125
8833.603515625
9549.1044921875
10376.876953125
11345.525390625
12472.83984375
13777.20703125
15277.896484375
16984.91796875
18841.19140625
20730.771484375
22611.09765625
25344.87109375
27959.9453125
30222.58203125
32259.8359375
34333.32421875
36756.22265625
39079.88671875
40656.30859375
43699
393.58831787109375
408.30862426757812
426.37606811523438
444.563720703125
457.91531372070312
471.16787719726562
485.82205200195312
503.52932739257812
522.38055419921875
536.3887939453125
553.26239013671875
571.69073486328125
591.10516357421875
611.54205322265625
632.75177001953125
654.7132568359375
677.08209228515625
699.60430908203125
722.45123291015625
746.19952392578125
770.79718017578125
796.3143310546875
822.8009033203125
850.29766845703125
878.878662109375
908.6005859375
939.57733154296875
971.89031982421875
1005.6329345703125
1040.894287109375
1077.7708740234375
1116.422607421875
1156.9625244140625
1199.476318359375
1244.114990234375
1291.051025390625
1340.4569091796875
1392.4871826171875
1447.3590087890625
1505.321044921875
1566.57275390625
1631.336181640625
1699.95458984375
1772.7288818359375
1849.9830322265625
1932.0863037109375
2019.4412841796875
2112.42333984375
2211.54052734375
2317.349853515625
2430.42236328125
2551.296142578125
2680.629150390625
2819.06884765625
2967.42138671875
3126.40283203125
3296.897216796875
3479.707275390625
3675.80615234375
3886.2607421875
4112.2939453125
4355.23974609375
4616.83740234375
4898.52099609375
5203.330078125
5533.82958984375
5893.31884765625
6285.275390625
6714.19970703125
7185.02001953125
7703.98095703125
8278.021484375
8915.849609375
9628.34765625
10450.8388671875
11411.3232421875
12527.7890625
13819.2607421875
15308.0693359375
17011.78125
18941.228515625
21068.6640625
23261.671875
26636.52734375
29809.583984375
32563.958984375
35082.80078125
37607.2421875
40524.4296875
43313.6640625
45230.87890625
48917.35546875
447.63107299804688
464.80722045898438
485.30984497070312
505.0679931640625
518.571044921875
531.65692138671875
545.69573974609375
562.73358154296875
580.70623779296875
594.47686767578125
611.2322998046875
629.34619140625
648.39764404296875
668.4337158203125
689.20220947265625
710.627685546875
732.4586181640625
754.4639892578125
776.89715576171875
800.227783203125
824.3515625
849.3499755859375
875.21337890625
902.07763671875
930.0184326171875
959.1060791015625
989.42913818359375
1021.0618896484375
1054.052001953125
1088.4932861328125
1124.546142578125
1162.3321533203125
1201.922607421875
1243.4798583984375
1287.119384765625
1332.9849853515625
1381.248046875
1432.0904541015625
1485.719482421875
1542.34619140625
1602.200439453125
1665.5648193359375
1732.6707763671875
1803.74951171875
1879.23291015625
1959.4439697265625
2044.80517578125
2135.74267578125
2232.749755859375
2336.33203125
2447.07666015625
2565.58544921875
2692.61572265625
2828.925048828125
2975.424072265625
3132.9853515625
3302.661865234375
3485.51708984375
3682.8017578125
3895.69775390625
4125.65966796875
4374.13427734375
4642.8330078125
4933.43212890625
5248.18994140625
5589.3486328125
5959.87353515625
6362.81298828125
6802.51318359375
7283.31884765625
7811.2001953125
8392.8115234375
9036.341796875
9752.0146484375
10574.7529296875
11531.6826171875
12641.4150390625
13923.3896484375
15401.2841796875
17092.818359375
19014.474609375
21145.779296875
23484.51171875
27597.70703125
31572.2109375
35022.234375
38150.625
41221.93359375
44714.04296875
48056.28125
50426.05078125
54913.1015625
546.548828125
566.84478759765625
590.31121826171875
611.58935546875
624.1885986328125
635.656982421875
647.33477783203125
661.7015380859375
676.71728515625
689.2935791015625
704.9954833984375
721.801513671875
739.543701171875
758.17059326171875
777.5980224609375
797.743408203125
818.33319091796875
839.23138427734375
860.5855712890625
882.88995361328125
906.028076171875
929.9893798828125
954.8875732421875
980.786376953125
1007.7144165039062
1035.7591552734375
1065.0753173828125
1095.6805419921875
1127.618408203125
1161.0177001953125
1195.9595947265625
1232.538330078125
1270.9088134765625
1311.2177734375
1353.6171875
1398.197509765625
1445.1318359375
1494.62744140625
1546.8260498046875
1601.9322509765625
1660.216064453125
1721.9542236328125
1787.365478515625
1856.69775390625
1930.3392333984375
2008.6622314453125
2092.028564453125
2180.83203125
2275.605224609375
2376.810302734375
2485.011962890625
2600.903564453125
2725.134765625
2858.53173828125
3001.983154296875
3156.34716796875
3322.8193359375
3502.59228515625
3697.05126953125
3907.568115234375
4135.98291015625
4384.1142578125
4654.01708984375
4947.72119140625
5267.89453125
5616.7421875
5997.2568359375
6412.322265625
6865.73291015625
7361.14501953125
7904.12451171875
8500.2822265625
9157.0908203125
9883.4921875
10718.1171875
11687.0146484375
12807.0048828125
14094.2265625
15574.23046875
17262.880859375
19182.37890625
21312.734375
23671.83203125
27971.052734375
32972.89453125
37361.8359375
41308.71875
45074.8984375
49251.0390625
53263.01953125
56269.39453125
61787.0390625
724.080322265625
747.80206298828125
774.36114501953125
796.02496337890625
805.400390625
812.54376220703125
818.4375
826.367431640625
834.96331787109375
844.74725341796875
857.79119873046875
871.58770751953125
886.4132080078125
902.1910400390625
918.941650390625
936.55413818359375
954.82818603515625
973.64215087890625
993.08648681640625
1013.5657958984375
1035.0311279296875
1057.4366455078125
1080.7681884765625
1105.084716796875
1130.5047607421875
1157.0843505859375
1184.8623046875
1213.9056396484375
1244.332763671875
1276.1815185546875
1309.5582275390625
1344.6319580078125
1381.501953125
1420.248779296875
1461.02685546875
1503.964599609375
1549.2579345703125
1597.003173828125
1647.3988037109375
1700.71142578125
1757.126953125
1816.882080078125
1880.2823486328125
1947.6396484375
2019.2728271484375
2095.476806640625
2176.60107421875
2263.12646484375
2355.509521484375
2454.22119140625
2559.83935546875
2672.94921875
2794.3037109375
2924.678955078125
3064.8759765625
3215.889404296875
3378.823486328125
3554.7119140625
3745.088134765625
3951.4189453125
4175.49560546875
4419.10205078125
4684.5498046875
4974.263671875
5291.2822265625
5638.46484375
6019.67138671875
6438.04248046875
6898.37255859375
7405.03076171875
7963.79931640625
8580.0908203125
9261.4072265625
10016.6962890625
10881.6875
11880.53125
13028.3359375
14338.857421875
15837.5703125
17538.978515625
19469.072265625
21610.072265625
23991.513671875
28367.974609375
33746.98046875
39345.87890625
44367.734375
49001.96484375
53947.80859375
58856.6875
62786.18359375
69714.9765625
1036.5010986328125
1064.38818359375
1093.6474609375
1113.7603759765625
1115.5052490234375
1113.0208740234375
1106.7012939453125
1101.3560791015625
1096.8912353515625
1100.6624755859375
1107.9542236328125
1115.59423828125
1124.6624755859375
1134.633544921875
1145.972900390625
1158.6553955078125
1172.5400390625
1187.5086669921875
1203.6005859375
1220.8822021484375
1239.2255859375
1258.572998046875
1278.956298828125
1300.505859375
1323.286865234375
1347.27734375
1372.50390625
1399.1077880859375
1427.144287109375
1456.6844482421875
1487.873291015625
1520.783935546875
1555.4339599609375
1591.9615478515625
1630.5333251953125
1671.278076171875
1714.3365478515625
1759.8465576171875
1808.03271484375
1859.11181640625
1913.287841796875
1970.7423095703125
2031.78173828125
2096.701416015625
2165.827392578125
2239.500732421875
2318.095703125
2401.98583984375
2491.611328125
2587.41650390625
2690.022705078125
2800.051025390625
2918.247314453125
3045.202392578125
3181.927978515625
3329.174560546875
3488.148681640625
3659.94873046875
3846.00390625
4047.629150390625
4266.7451171875
4504.94921875
4764.748046875
5048.42431640625
5359.21435546875
5699.88232421875
6074.84130859375
6487.828125
6944.77197265625
7450.56005859375
8012.828125
8638.0234375
9335.4921875
10113.849609375
11010.28125
12047.43359375
13238.4970703125
14592.931640625
16133.05078125
17871.763671875
19835.728515625
22010.439453125
24424.419921875
28862.677734375
34477.34765625
40615.4140625
46807.265625
52527.1953125
58982.140625
65293.546875
70450.28125
79159.7890625
1569.430419921875
1602.3814697265625
1630.69384765625
1643.29296875
1628.5867919921875
1606.9815673828125
1577.59716796875
1547.95361328125
1520.6158447265625
1513.5819091796875
1510.60009765625
1507.3857421875
1506.1326904296875
1506.228759765625
1508.4847412109375
1512.733642578125
1519.0765380859375
1527.482421875
1537.8594970703125
1549.7747802734375
1562.9466552734375
1577.446533203125
1593.3580322265625
1610.6251220703125
1629.1942138671875
1649.1453857421875
1670.5042724609375
1693.339111328125
1717.716552734375
1743.6954345703125
1771.4044189453125
1800.8529052734375
1832.1676025390625
1865.4705810546875
1900.8968505859375
1938.525146484375
1978.51806640625
2021.057373046875
2066.34375
2114.513916015625
2165.75390625
2220.384765625
2278.64501953125
2340.7421875
2407.021484375
2477.7412109375
2553.3212890625
2634.17529296875
2720.69140625
2813.38525390625
2912.800048828125
3019.548095703125
3134.309326171875
3257.794921875
3390.854248046875
3534.330322265625
3689.4189453125
3857.042236328125
4038.65771484375
4235.66748046875
4449.85400390625
4682.978515625
4937.37646484375
5215.3154296875
5519.71044921875
5853.57666015625
6221.03466796875
6626.1689453125
7074.47119140625
7571.42529296875
8124.50927734375
8741.4755859375
9432.6337890625
10209.283203125
11110.4462890625
12164.8046875
13386.123046875
14785.8427734375
16378.5234375
18176.5
20200.751953125
22443.5546875
24902.126953125
29400.96875
35254.65625
41843.0703125
48664.15625
55490.75390625
63521.8359375
71868.375
78912.375
90249.6875
2450.881103515625
2484.748779296875
2504.9501953125
2500.75634765625
2455.420654296875
2399.21923828125
2328.936767578125
2256.283447265625
2188.40185546875
2161.875244140625
2140.259765625
2117.665283203125
2098.5380859375
2081.52587890625
2068.126220703125
2058.0615234375
2051.74365234375
2049.03955078125
2049.578125
2052.4052734375
2057.154052734375
2063.800537109375
2072.310791015625
2082.571044921875
2094.5263671875
2108.138671875
2123.490234375
2140.595947265625
2159.5234375
2180.346435546875
2203.143310546875
2227.937255859375
2254.7763671875
2283.774169921875
2315.049560546875
2348.7158203125
2384.8564453125
2423.628173828125
2465.247802734375
2509.926025390625
2557.83251953125
2609.2392578125
2664.346923828125
2723.395751953125
2786.652587890625
2854.417236328125
2927.1044921875
3005.11474609375
3088.747314453125
3178.555908203125
3275.064697265625
3378.90478515625
3490.732177734375
3611.238525390625
3741.12451171875
3881.454345703125
4033.03271484375
4197.1318359375
4374.97802734375
4568.14794921875
4778.0693359375
5006.86865234375
5256.32080078125
5529.123046875
5827.689453125
6155.724609375
6516.36328125
6914.48193359375
7354.37744140625
7842.83740234375
8385.7333984375
8992.54296875
9671.4296875
10436.052734375
11322.1416015625
12364.1640625
13577.4228515625
14984.07421875
16597.7578125
18435.9140625
20515.421875
22835.921875
25331.974609375
29905.001953125
36010.1328125
43075.6171875
50467.41015625
57921.3515625
66532.1171875
76240.296875
86364.78125
104010.9140625
3839.240478515625
3856.5751953125
3844.604248046875
3802.02392578125
3703.5400390625
3591.372802734375
3457.1376953125
3319.234130859375
3190.67822265625
3134.299072265625
3084.342529296875
3032.452880859375
2986.262939453125
2943.275634765625
2906.177734375
2874.629150390625
2849.174072265625
2829.661865234375
2815.41845703125
2804.67333984375
2797.054931640625
2792.283203125
2790.284423828125
2790.90234375
2794.0771484375
2799.8388671875
2808.15625
2819.0576171875
2832.64013671875
2848.932373046875
2867.932373046875
2889.80078125
2914.591552734375
2942.381103515625
2973.332275390625
3007.50537109375
3044.97802734375
3085.77783203125
3130.08251953125
3178.086181640625
3229.969482421875
3285.861572265625
3345.96923828125
3410.5966796875
3480.043212890625
3554.58251953125
3634.463134765625
3720.056396484375
3811.72900390625
3909.94677734375
4015.19384765625
4128.1064453125
4249.2080078125
4379.189453125
4518.880859375
4669.2822265625
4831.2548828125
5006.041015625
5194.73046875
5398.7958984375
5619.87548828125
5860.70458984375
6123.8740234375
6412.39501953125
6728.31787109375
7074.7607421875
7454.69287109375
7872.6162109375
8332.69140625
8841.177734375
9404.177734375
10030.4892578125
10728.5390625
11511.1923828125
12411.576171875
13462.1259765625
14679.5400390625
16087.7802734375
17706.287109375
19555.552734375
21651.94140625
24013.720703125
26603.48828125
31358.826171875
37760.04296875
45272.70703125
53260.71484375
61259.40234375
70187.9453125
80161.1953125
94523.984375
129244.8984375
5926.47607421875
5905.5068359375
5827.4326171875
5722.34619140625
5542.890625
5347.0205078125
5115.09716796875
4874.7509765625
4648.37353515625
4542.6796875
4446.51611328125
4347.29833984375
4258.001953125
4174.9013671875
4102.26513671875
4039.51220703125
3987.83642578125
3947.14013671875
3916.203369140625
3892.13330078125
3874.285888671875
3862.327880859375
3855.92578125
3854.880615234375
3859.01904296875
3868.462890625
3883.468017578125
3904.853515625
3933.572021484375
3970.223388671875
4014.974609375
4067.732421875
4128.21337890625
4196.1220703125
4271.09765625
4352.9111328125
4441.30615234375
4536.18603515625
4637.359375
4745.01220703125
4859.17236328125
4979.94921875
5107.55078125
5242.2001953125
5384.27880859375
5534.12451171875
5692.1767578125
5858.79638671875
6034.599609375
6220.1220703125
6416.09423828125
6623.169921875
6842.19140625
7074.07275390625
7319.8779296875
7580.73388671875
7857.91845703125
8152.78955078125
8467.0908203125
8802.6181640625
9162.7587890625
9553.998046875
9985.3212890625
10462.2958984375
10988.1552734375
11564.837890625
12195.923828125
12885.17578125
13638.8564453125
14462.82421875
15365.9921875
16356.806640625
17447.517578125
18650.6640625
20004.794921875
21534.513671875
23259.1171875
25194.736328125
27365.818359375
29789.603515625
32489.078125
35465.0546875
38958.26953125
44194.484375
50285.84765625
57170.0078125
64635.5234375
72417.5859375
81263.4375
91224.5546875
106288.6953125
196085.109375
8907.185546875
8774.05859375
8545.052734375
8326.02734375
8030.07080078125
7725.388671875
7377.2978515625
7022.24853515625
6686.16552734375
6531.6357421875
6392.021484375
6249.54052734375
6125.4677734375
6013.98681640625
5923.078125
5856.08056640625
5818.32568359375
5809.2294921875
5825.5908203125
5862.72119140625
5917.81689453125
5989.36181640625
6075.4677734375
6175.080078125
6287.49462890625
6413.26318359375
6554.93115234375
6717.58251953125
6906.7587890625
7125.39501953125
7373.361328125
7649.025390625
7950.09228515625
8274.3076171875
8620.1005859375
8986.3759765625
9372.685546875
9778.8447265625
10205.2705078125
10653.029296875
11123.4150390625
11617.734375
12137.7080078125
12685.2763671875
13262.75
13872.626953125
14517.5185546875
15200.22265625
15924.04296875
16692.435546875
17509.431640625
18379.044921875
19306.236328125
20296.052734375
21354.439453125
22487.330078125
23702.119140625
25006.001953125
26408.13671875
27917.19140625
29543.94921875
31295.6953125
33182.79296875
35217.65625
37421.578125
39814.13671875
42421.06640625
45264.86328125
48377.046875
51783.55859375
55525.16015625
59632.96484375
64158.6953125
69152.828125
74767.734375
81073.625
88144.3046875
96012.7578125
104772.953125
114446.3125
125096.375
136674.546875
150648.625
167105.359375
178428.078125
185662.765625
192942.3125
203837.6875
224303.75
246705.640625
258467.5625
514125.21875
13237.5849609375
13149.06640625
12765.869140625
12546.6171875
12195.69140625
11835.5615234375
11383.9697265625
10926.109375
10514.849609375
10368.0048828125
10267.5830078125
10181.9765625
10146.1962890625
10148.216796875
10218.748046875
10406.2666015625
10746.5517578125
11218.9697265625
11790.142578125
12441.8349609375
13152.9072265625
13909.234375
14701.9033203125
15525.837890625
16378.435546875
17258.48828125
18165.916015625
19099.255859375
20058.732421875
21046.845703125
22065.544921875
23118.6953125
24211.37109375
25347.908203125
26533.474609375
27772.34765625
29069.58984375
30429.58203125
31857.201171875
33358.10546875
34938.2421875
36602.30078125
38357.56640625
40211.328125
42170.90234375
44244.72265625
46441.921875
48773.04296875
51249.5859375
53883.078125
56687.0546875
59676.76171875
62869.48828125
66283.1015625
69939.03125
73859.0078125
78067.4296875
82591.4140625
87462.0703125
92713.03125
98384.421875
104518.4296875
111166.484375
118381.8984375
126231.7578125
134783.609375
144122.6875
154341.03125
165549.796875
177866.359375
191443.09375
206435.578125
223052.28125
241549.453125
262566.90625
286492.0625
313619.3125
344258.78125
378819.34375
417605.71875
460874.46875
508783.28125
564045.8125
640212.5625
710562.9375
777602.5625
855968.125
970317.75
1142099.125
1307430.625
1380932.25
1785522.875
20245.3203125
18975.87890625
19662.87109375
20927.2578125
22829.076171875
24648.810546875
30470.384765625
31201.650390625
31356.359375
31690.421875
32349.041015625
33057.96875
33921.39453125
34928.8359375
36098.21875
37448.96875
38947.75
40545.453125
42209.99609375
43949.1484375
45751.82421875
47617.00390625
49542.01953125
51528.92578125
53580.26953125
55702.421875
57898.7265625
60172.53125
62535.30859375
64990.32421875
67543.125
70203.9140625
72980.796875
75887.6953125
78932.734375
82126.8203125
85480.7734375
89007.75
92717.0546875
96625.5078125
100748.7578125
105104.8515625
109712.1875
114586.84375
119753.3984375
125236.7578125
131061.546875
137253.875
143845.15625
150868.328125
158363.359375
166375.03125
174945.703125
184128.734375
193978.09375
204553.375
215922.140625
228165.703125
241372.078125
255641.640625
271083.8125
287826.09375
306006.875
325789.875
347355.71875
370919.5625
396723.28125
425048.5
456215.71875
490607.0625
528668.4375
570922.875
618010.375
670696.875
730475.6875
799006.125
877793.1875
968406.5625
1072383.375
1191288.875
1326305.125
1479333.75
1649232.25
1890578.25
2218625.75
2619523.25
3069785.25
3572242.25
4120555.75
4734060
5424231.5
6162880
8812.4599609375
8921.3369140625
8981.390625
8994.7841796875
8968.447265625
8910.16015625
8819.6064453125
8714.416015625
8597.8994140625
8471.7490234375
8337.8818359375
8204.2548828125
8076.49560546875
7948.35888671875
7816.78955078125
7693.28369140625
7586.0732421875
7486.63818359375
7386.15576171875
7290.85693359375
7212.9091796875
7151.724609375
7094.0986328125
7033.32470703125
6976.31787109375
6930.8134765625
6887.61669921875
6835.60400390625
6775.548828125
6715.6318359375
6654.00830078125
6584.052734375
6508.65673828125
6431.2822265625
6350.7734375
6266.97607421875
6183.37646484375
6098.783203125
6016.87353515625
5936.05078125
9803.8515625
9952.9482421875
10049.4794921875
10088.677734375
10079.9052734375
10035.7568359375
9951.2734375
9837.5634765625
9706.095703125
9559.9560546875
9396.2431640625
9247.884765625
9096.41015625
8939.3974609375
8786.76171875
8647.4560546875
8516.392578125
8385.00390625
8256.3310546875
8142.48876953125
8046.4638671875
7956.53662109375
7866.4150390625
7779.21484375
7702.77734375
7638.03173828125
7574.8798828125
7507.19384765625
7438.61376953125
7373.4423828125
7306.65283203125
7234.685546875
7159.29296875
7080.74365234375
6999.2587890625
6916.34033203125
6828.982421875
6740.05859375
6650.32470703125
6567.9140625
10972.6708984375
11158.345703125
11285.1845703125
11343.9228515625
11348.294921875
11312.11328125
11221.1025390625
11095.1689453125
10947.265625
10772.8408203125
10511.212890625
10234.5
9972.6025390625
9728.001953125
9536.9306640625
9398.5966796875
9248.611328125
9093.5498046875
8951.3798828125
8831.9755859375
8727.0859375
8625.0361328125
8528.4404296875
8443.32421875
8370.810546875
8303.806640625
8235.822265625
8168.9775390625
8107.46484375
8047.203125
7980.005859375
7907.00048828125
7832.9130859375
7755.82177734375
7674.14990234375
7590.8125
7500.19775390625
7410.42724609375
7315.56005859375
7217.1552734375
12120.666015625
12363.8818359375
12540.2548828125
12631.025390625
12656.0927734375
12638.3359375
12548.111328125
12405.138671875
12237.74609375
12042.1064453125
11753.6669921875
11439.38671875
11134.26171875
10856.7294921875
10636.9599609375
10462.515625
10276.611328125
10097.91796875
9945.6552734375
9821.4794921875
9710.1953125
9600.736328125
9495.8291015625
9403.861328125
9329.7802734375
9262.7587890625
9193.03515625
9122.7294921875
9058.65625
8996.9501953125
8928.3193359375
8853.796875
8776.8623046875
8696.4228515625
8611.7939453125
8526.1259765625
8431.9267578125
8338.7490234375
8232.814453125
8109.60400390625
13536.7861328125
13842.6083984375
14071.587890625
14197.0068359375
14241.25
14233.07421875
14139.1376953125
13980.990234375
13785.484375
13554.80859375
13235.0126953125
12889.376953125
12535.4736328125
12202.2734375
11931.73046875
11717.7841796875
11509.6435546875
11310.345703125
11140.865234375
11002.8291015625
10879.4208984375
10759.3583984375
10644.6806640625
10547.271484375
10469.96875
10398.33203125
10323.3798828125
10249.9560546875
10184.1689453125
10117.919921875
10044.04296875
9966.548828125
9886.07421875
9800.564453125
9710.8759765625
9621.7080078125
9521.611328125
9423.5849609375
9305.3212890625
9152.3544921875
15126.9736328125
15509.15234375
15797.1455078125
15961.099609375
16033.630859375
16037.7509765625
15927.7763671875
15747.1630859375
15526.1083984375
15247.2119140625
14863.10546875
14469.91796875
14080.2548828125
13711.71484375
13407.52734375
13154.2861328125
12906.82421875
12682.2421875
12504.2939453125
12359.0693359375
12223.48828125
12090.900390625
11969.05078125
11870.5927734375
11790.646484375
11712.55078125
11631.302734375
11555.54296875
11488.1044921875
11416.619140625
11336.55859375
11254.8896484375
11171.4619140625
11081.1845703125
10985.37890625
10892.3251953125
10786.939453125
10684.1708984375
10551.59765625
10362.1162109375
16923.16796875
17395.9375
17753.4453125
17952.271484375
18049.37890625
18074.349609375
17948.345703125
17731.87890625
17471.990234375
17147.412109375
16699.22265625
16238.451171875
15792.1064453125
15385.591796875
15052.55859375
14764.66015625
14484.7626953125
14239.4375
14049.23046875
13891.45703125
13742.0029296875
13600.2177734375
13472.2734375
13370.853515625
13286.4609375
13198.9384765625
13104.08203125
13020.919921875
12951.3955078125
12872.9794921875
12785.03125
12695.98046875
12605.9990234375
12509.77734375
12407.1376953125
12308.0126953125
12196.1591796875
12088.642578125
11941.2646484375
11709.8154296875
18931.08203125
19503.62109375
19942.125
20187.5078125
20302.052734375
20335.275390625
20196.732421875
19944.130859375
19635.04296875
19231.7109375
18729.54296875
18200.15234375
17688.44140625
17241.111328125
16876.521484375
16552.169921875
16241.865234375
15977.4443359375
15778.412109375
15611.5283203125
15454.33203125
15290.75
15138.96484375
15035.3701171875
14949.376953125
14835.05859375
14706.6953125
14608.1201171875
14533.0458984375
14439.6904296875
14333.70703125
14233.51171875
14135.1845703125
14033.4111328125
13925.4501953125
13819.291015625
13700.1318359375
13588.056640625
13427.8271484375
13154.2451171875
21171.591796875
21858.056640625
22370.119140625
22668.494140625
22819.306640625
22851.1953125
22677.79296875
22387.4921875
22028.162109375
21525.220703125
20947.970703125
20353.576171875
19784.55859375
19295.943359375
18897.08984375
18538.787109375
18197.97265625
17909.759765625
17701.787109375
17529.521484375
17335.28125
17117.576171875
16934.708984375
16816.365234375
16708.611328125
16561.560546875
16405.9140625
16288.7900390625
16190.05078125
16069.41796875
15943.943359375
15824.9609375
15702.1162109375
15578.8212890625
15455.97265625
15336.3720703125
15204.1337890625
15086.0927734375
14917.1025390625
14608.6162109375
23651.40234375
24482.23828125
25073.412109375
25402.291015625
25589.857421875
25650.0625
25430.5625
25075.7890625
24655.88671875
24061.78125
23380.0859375
22700.990234375
22084.078125
21566.8828125
21135.2890625
20738.318359375
20364.568359375
20050.650390625
19811.46875
19592.650390625
19347.380859375
19091.8125
18886.96484375
18744.513671875
18597.171875
18411.373046875
18234.20703125
18101.296875
17972.984375
17821.55078125
17673.568359375
17532.28515625
17385.416015625
17237
17088.94140625
16945.767578125
16788.88671875
16647.703125
16447.25390625
16099.6298828125
26407.076171875
27396.451171875
28110.806640625
28475.595703125
28657.185546875
28732.068359375
28499.404296875
28075.76953125
27473.4375
26790.103515625
26058.09375
25306.818359375
24629.61328125
24068.546875
23596.443359375
23164.24609375
22758.962890625
22407.048828125
22117.19921875
21846.41015625
21556.04296875
21264.123046875
21028.365234375
20850.560546875
20662.61328125
20441.859375
20239.927734375
20081.876953125
19919.73046875
19737.40234375
19564.423828125
19396.84765625
19220.375
19043.884765625
18869.7265625
18699.283203125
18513.888671875
18348.38671875
18110.36328125
17706.587890625
29479.365234375
30633.23828125
31476.974609375
31925.185546875
32108.412109375
32136.072265625
31871.955078125
31403.7578125
30623.697265625
29759.826171875
28959.51171875
28180.134765625
27465.423828125
26858.603515625
26337.7265625
25856.03125
25398.458984375
24995.54296875
24659.77734375
24344.984375
24001.421875
23663.490234375
23393.91796875
23180.556640625
22947.49609375
22686.251953125
22456.16796875
22267.904296875
22067.0390625
21850.76171875
21647.84375
21448.845703125
21240.48828125
21032.203125
20826.54296875
20625.22265625
20408.392578125
20215.46875
19934.287109375
19434.96875
32934.96875
34275.07421875
35224.2578125
35758.40234375
35995.08984375
35967.421875
35626.67578125
35097.171875
34190.7890625
33133.1015625
32196.318359375
31365.744140625
30618.32421875
29969.693359375
29397.86328125
28855.24609375
28333.40234375
27872.21484375
27480.1171875
27105.6796875
26705.140625
26322.728515625
26017.28125
25758.67578125
25472.986328125
25168.78515625
24907.447265625
24683.541015625
24439.328125
24183.87890625
23947.0859375
23713.015625
23467.2421875
23223.033203125
22983.017578125
22746.84375
22494.5625
22271.59765625
21941.169921875
21324.744140625
36816.95703125
38385.26171875
39435.0625
40043.01953125
40355.46484375
40302.46875
39847.2578125
39132.46875
38111.4140625
36916.66796875
35851.2734375
34944.37109375
34144.43359375
33442.8203125
32809.26171875
32194.515625
31600.521484375
31074
30616.23046875
30175.66796875
29714.283203125
29281.98828125
28932.423828125
28622.05859375
28280.888671875
27929.1875
27629.755859375
27363.38671875
27072.30859375
26773.853515625
26495.53515625
26221.65234375
25936.568359375
25650.142578125
25369.216796875
25095.677734375
24804.4765625
24546.9140625
24160.33203125
23405.3828125
41186.54296875
43037.015625
44203.1953125
44867.3828125
45252.1015625
45197.1953125
44521.6484375
43561.05078125
42429.63671875
41151.1953125
39981.41796875
38983.984375
38112.10546875
37340.75
36625.5546875
35921.28515625
35246.65625
34651.94140625
34130.609375
33614.2890625
33080.34375
32590.41015625
32192.53125
31825.08203125
31420.341796875
31014.998046875
30673.02734375
30355.455078125
30010.228515625
29665.826171875
29340.708984375
29017.73828125
28688.3125
28357.5390625
28028.900390625
27710.390625
27376.830078125
27082.826171875
26631.412109375
25711.150390625
46154.078125
48341.85546875
49647.6484375
50358.38671875
50795.33984375
50745.79296875
49813.8515625
48556.16015625
47247.94140625
45897.453125
44646.6328125
43557.828125
42600.4921875
41735.9453125
40911.4921875
40102.6484375
39346.15625
38679.6328125
38079.6875
37472.421875
36861.703125
36317.67578125
35866.09765625
35425.70703125
34945.6875
34487.12890625
34099.03125
33717.97265625
33310.40625
32914.50390625
32538.18359375
32159.330078125
31775.927734375
31395.6796875
31015.67578125
30644.607421875
30261.71484375
29928.921875
29404.109375
28288.140625
51830.31640625
54416.37890625
55902.2890625
56664.18359375
57155.671875
57110.93359375
55888.515625
54321.87109375
52800.109375
51346.40625
50002.09765625
48801.23828125
47731.97265625
46754.01171875
45806.21875
44879.65234375
44026.85546875
43272.5546875
42575.3828125
41866.359375
41173.890625
40571.67578125
40048.5859375
39515.85546875
38959
38446.3046875
37990.65234375
37533.9140625
37061.40625
36603.7421875
36166.6171875
35726.4140625
35279.31640625
34838.88671875
34401.60546875
33971.33984375
33530.203125
33154.84375
32546.763671875
31200.611328125
58371.47265625
61415.359375
63123.04296875
63976.265625
64528.09765625
64465.78125
62870.92578125
60955.5234375
59192.48828125
57631.44140625
56175.6953125
54833.3359375
53631.63671875
52527.84375
51438.45703125
50372.60546875
49404.984375
48557.83984375
47746.21484375
46917.55078125
46133.4453125
45463.3359375
44840.46484375
44201.01953125
43568.84375
42984.8359375
42442.00390625
41904.6953125
41358.5078125
40826.640625
40315.71484375
39804.703125
39287.41796875
38776.8203125
38271.7578125
37775.73828125
37268.55078125
36848.671875
36146.953125
34536.5
65928.2890625
69551.1640625
71534.0078125
72534.453125
73176.6328125
72767.46875
70872.7265625
68659.3515625
66631.2265625
64924.7265625
63320.0859375
61807.91796875
60443.0546875
59188.0234375
57946.89453125
56730.203125
55619.43359375
54653.00390625
53719.29296875
52771.52734375
51874.05078125
51097.09765625
50367.984375
49628.73046875
48900.9609375
48222.609375
47587.8671875
46959.76953125
46327.3515625
45716.67578125
45126.20703125
44534.33984375
43941.515625
43360.34765625
42783.37890625
42219.57421875
41644.921875
41200.7421875
40390.46484375
38465.72265625
74762.703125
79217.421875
81592.90625
82798.75
83283.5234375
82540.6796875
80301.375
77806.09375
75482.3046875
73544.4765625
71743.6953125
70033.578125
68455.5703125
67003.609375
65594.140625
64210.6875
62919.79296875
61787.58203125
60724.96484375
59659.42578125
58626.69921875
57702.54296875
56862.9609375
56035.85546875
55199.00390625
54413.44140625
53694.35546875
52986.734375
52276.35546875
51601.62890625
50951.94921875
50304.77734375
49664.15234375
49042.5234375
48426.80078125
47850.74609375
47244.6015625
46908.6484375
45947.31640625
43519.4765625
85429.7734375
91235
94225.3359375
95373.6015625
95695.515625
94537.7734375
91863.5703125
89065.3125
86426.1015625
84166.28125
82091.5
80120.9921875
78267.21875
76546.5234375
74918.921875
73337.8203125
71839.34375
70510.328125
69296.9140625
68104.5078125
66938.140625
65880.5703125
64956.671875
64068.71484375
63171.2265625
62365.70703125
61657.5546875
60975.8671875
60321.94140625
59745.80859375
59210.140625
58705.12109375
58231.46875
57800.41015625
57386.35546875
57133.42578125
56746.41796875
57203.2578125
55900.04296875
52032.734375
98763.328125
107415.2109375
111075.5
112232.21875
112808.3046875
111295.5703125
107937.6328125
104610.8046875
101472.1640625
98699.34375
96184.828125
93822.109375
91588.90625
89498.453125
87553.8046875
85697.2109375
83970.8203125
82457.515625
81142.96875
79910.9375
78735.8671875
77754.1640625
77059.5546875
76474.078125
75915.9765625
75633.4140625
75593.5546875
75628.6484375
75795.046875
76202.5625
76703.2265625
77278.40625
77949.5625
78734.2890625
79559.109375
80964.7265625
81848.7109375
85701.859375
83409.140625
73922.6640625
118095.7265625
132764.953125
137238.0625
139795.046875
142457.75
141145.25
136479.765625
131947.65625
127734.8046875
124012.1015625
120709.8359375
117656.9296875
114799.046875
112154.6875
109748.25
107597.796875
105829.765625
104570.40625
103931.15625
103631.53125
103493.2734375
103998.671875
105563.8515625
107416.25
109330.4375
112190.59375
115849.9765625
119519.3203125
123533.9921875
128201.640625
132994.9375
137716.921875
142624.546875
147652.46875
152642.328125
158959.578125
163820.359375
176824.515625
172210.921875
143146.453125
154653.609375
185403.546875
194220.65625
202927.671875
213924.484375
215701.953125
208346.609375
200811.34375
194118.3125
188599.59375
184045.03125
179945.71875
176236.25
173122.875
171324.140625
171000.90625
171577.453125
173965.484375
179383.828125
186414.171875
193165.828125
201640.4375
213794.109375
225979.71875
237391.8125
250596.828125
265406.15625
278888.125
292259.34375
306149.84375
319633.03125
331697.75
343639
354922.65625
365762.53125
377994.34375
387833.5
413101.125
404915.28125
330197.1875
259099.796875
340365.0625
362680.96875
391523.84375
428303.15625
443993.59375
432768.96875
419902.21875
410032.5
404181.34375
402150.1875
401386.5
401849.75
407221.46875
421468.0625
439118.34375
455777.875
474980.90625
502169.40625
531274.375
555055.4375
579765.1875
609964.6875
636650.4375
658791.5625
681423.875
704951.75
723866
740979.1875
757444.875
772642.8125
784450.75
795711.4375
805202.25
814059.5625
823489.875
830715.5
860028.5625
851381.125
713399.875
663258.0625
849798.4375
903429.25
986567
1086229.75
1146562.875
1137634.75
1126292
1128449.875
1146167
1182757.25
1216441.625
1243678.5
1277678.25
1323463.125
1364726.625
1394132.875
1421797.625
1455090.25
1483996
1501477
1516951.625
1535818.625
1548421.125
1554227.375
1559650
1566041.25
1567470.75
1567423.375
1567528.25
1567142.375
1563352.125
1559491.25
1554048.125
1548409.5
1542708.75
1535541.875
1557822.75
1552672.875
1378915
2029971
2355232.75
2556092.25
2773475
2967282
3117536
3163870.25
3194266.5
3240273.75
3287055
3330469.75
3348998.75
3349320.75
3346175.25
3346907.25
3340522
3325194.5
3307347.25
3290105
3269181.5
3240196.75
3207848.25
3177204.75
3143820.25
3105861
3069141.75
3036963.5
3003825.75
2972795.5
2945252.5
2919739
2891744.25
2864656
2837082
2810131.5
2783110.25
2755469.75
2763967.5
2801762.5
2636104
7152761.5
8035175
8784875
9223941
9515282
9689341
9637486
9495620
9353170
9222081
9088166
8957768
8846128
8753728
8661284
8565586
8478884
8402219
8320672
8230368
8145069
8064438
7975211.5
7879972
7787994
7695446
7595572.5
7493801.5
7392313.5
7287813.5
7179080
7070060
6959685
6847621.5
6734760
6622436
6502847
6350386
6107104
5882220.5
)
;

boundaryField
{
    inlet
    {
        type            fixedValue;
        value           uniform 247.536;
    }
    outlet
    {
        type            inletOutlet;
        inletValue      uniform 247.536;
        value           uniform 247.536;
    }
    fluid_to_graphite
    {
        beta1           0.075;
        blended         0;
        type            omegaWallFunction;
        value           uniform 247.536;
    }
    wedgeBack
    {
        type            wedge;
    }
    wedgeFront
    {
        type            wedge;
    }
    defaultFaces
    {
        type            empty;
    }
}


                                                                               
