                                                                               
                             
                                                                   
                                                            
                                          
                             
                                                                               
FoamFile
{
    format          ascii;
    class           volScalarField;
    location        1 / fluid;
    object          p;
}
                                                                               

dimensions      [ 1 -1 -2 0 0 0 0 ];

internalField   nonuniform List<scalar> 
4592
(
2702613.75
2702512.5
2702393.75
2702290
2702186.75
2702084
2701990.75
2701897.25
2701806.75
2701724.5
2701641.75
2701562
2701486
2701411.75
2701341.25
2701272.75
2701205.75
2701141.75
2701076.25
2701016.75
2700958.5
2700898.75
2700843.25
2700787.75
2700731
2700679.75
2700627.75
2700575.75
2700524.75
2700475.75
2700427
2700377.25
2702611.25
2702508.75
2702389.75
2702283.25
2702179.25
2702074.25
2701979
2701883.75
2701791.25
2701707
2701622.25
2701540.5
2701462
2701384.75
2701311.5
2701241
2701169.75
2701103.25
2701035.5
2700972.75
2700910.5
2700847.5
2700788.5
2700729
2700668.75
2700613.25
2700557.75
2700501.5
2700446.25
2700393.25
2700340.75
2700287
2702617
2702513.5
2702395
2702289
2702185
2702081
2701986
2701891.75
2701800.25
2701716.75
2701633
2701552.5
2701474.75
2701399.75
2701327
2701256.75
2701187.25
2701121.75
2701054.75
2700993.25
2700931.25
2700868.75
2700811.5
2700753.5
2700694.75
2700639.25
2700585
2700529.75
2700475.25
2700423
2700371.75
2700318.5
2702620
2702515.75
2702399.5
2702292.75
2702188.75
2702084.75
2701990
2701895.5
2701804.5
2701721.25
2701638
2701557.5
2701480.25
2701405.25
2701333.25
2701263.75
2701195
2701129.75
2701063.5
2701001.75
2700941.25
2700879.5
2700822
2700764.5
2700707
2700652.25
2700598.75
2700544
2700489.75
2700438
2700388
2700335.25
2702622.5
2702522.25
2702405.75
2702299.75
2702197.25
2702094.25
2702000.25
2701906.75
2701816.75
2701734.75
2701652.75
2701573.5
2701497.75
2701424
2701353.25
2701285
2701218.25
2701154.5
2701089.75
2701029.75
2700970.75
2700910.5
2700854.75
2700799.5
2700743.75
2700689.25
2700637.75
2700585.25
2700533.5
2700482.5
2700434.5
2700382.75
2702628
2702527.75
2702411.5
2702305.75
2702203.75
2702101.25
2702008
2701915.5
2701826.5
2701745.25
2701664.5
2701586.5
2701511.75
2701439.75
2701369.75
2701302.75
2701237.5
2701175.25
2701112.75
2701053.75
2700996.25
2700938
2700883.5
2700829.75
2700775.75
2700722.75
2700672.75
2700622.25
2700572.75
2700522.75
2700476.5
2700427
2702633.5
2702534.5
2702418.5
2702313.75
2702212.25
2702110.75
2702018.5
2701926.75
2701839.25
2701759.5
2701679.75
2701603.75
2701530.25
2701459.75
2701390.75
2701325.75
2701261.25
2701201.25
2701141.25
2701083.5
2701028
2700972.25
2700919
2700867.75
2700816.25
2700764.25
2700716.5
2700668.75
2700621
2700572
2700528
2700481
2702638.25
2702539.75
2702423.75
2702320.75
2702219.5
2702119
2702027.75
2701937
2701850.5
2701771.5
2701693.5
2701618.25
2701546
2701477
2701409.75
2701346.75
2701283
2701224.75
2701167.5
2701111.25
2701057.75
2701004.5
2700952.25
2700903.5
2700854
2700804.5
2700758
2700712.75
2700667.25
2700621
2700578.25
2700533.75
2702642.75
2702545.75
2702429.75
2702327
2702227.25
2702127.75
2702037
2701947.75
2701861.75
2701784.5
2701707
2701633.5
2701562.75
2701495.25
2701429.75
2701368.25
2701305.75
2701249.75
2701194.75
2701139.75
2701088.5
2701037.5
2700987
2700940.75
2700894
2700847.25
2700802.25
2700759.5
2700715.75
2700671.75
2700630
2700588.25
2702648.25
2702551
2702434.75
2702333.25
2702233.75
2702135.25
2702045.5
2701957
2701872.5
2701795.75
2701719.5
2701647.5
2701577.5
2701511.75
2701448
2701388.25
2701327.75
2701273.25
2701220
2701166.75
2701118.25
2701069.5
2701020
2700975.75
2700931.75
2700887.25
2700843.75
2700803.5
2700762.5
2700721.5
2700680.75
2700641
2702652
2702555.75
2702439
2702338.75
2702239.75
2702142.25
2702053
2701965.75
2701882.75
2701806
2701731.5
2701660.5
2701591.75
2701527.25
2701465.75
2701407.25
2701348.5
2701295.75
2701244.75
2701192.75
2701146.25
2701099.75
2701052.75
2701010.75
2700968.75
2700927.25
2700885.25
2700847
2700808.75
2700770
2700731.25
2700693.25
2702655.25
2702560
2702443
2702343.75
2702245.25
2702148.25
2702059.75
2701973.75
2701891.75
2701816
2701742
2701672.5
2701605
2701542.25
2701481.5
2701425
2701368
2701316.25
2701267.25
2701216.75
2701172.5
2701128.25
2701084
2701043.75
2701004
2700964.75
2700924.75
2700888.75
2700852.25
2700816.75
2700780.25
2700744.25
2702657.75
2702563.75
2702446.75
2702348
2702249.75
2702153.75
2702065.5
2701980
2701898.75
2701824.5
2701751.5
2701683.25
2701617
2701555.75
2701495.5
2701440.25
2701385.75
2701335.75
2701288.25
2701239.75
2701197.25
2701155.5
2701113.5
2701074.75
2701037.5
2701000.75
2700962.75
2700929.25
2700894.75
2700862
2700826.5
2700794
2702661.75
2702567
2702450.5
2702351.75
2702254.25
2702158.5
2702070.75
2701986.75
2701906
2701832
2701759.75
2701692.5
2701627
2701567
2701507.25
2701454.25
2701401.75
2701353
2701307.5
2701260.75
2701220.5
2701180.75
2701141
2701103.75
2701068.75
2701034.75
2700999
2700967
2700934.75
2700904.75
2700871.25
2700842
2702664.5
2702569.75
2702453.75
2702355.25
2702258
2702162.75
2702075.75
2701992.25
2701911.75
2701838.5
2701767
2701700.75
2701636
2701577
2701518.25
2701466.75
2701416.75
2701368.75
2701324.5
2701280
2701240.75
2701203.25
2701165.5
2701130.75
2701097.75
2701066.25
2701032.75
2701002.75
2700972.25
2700946.25
2700913.5
2700888.75
2702666.75
2702572.5
2702455.75
2702357.75
2702261.25
2702166
2702079.25
2701996.25
2701916.5
2701843.5
2701773
2701707.5
2701643.75
2701585.5
2701527.75
2701477.25
2701428.75
2701382.5
2701339.75
2701297
2701259.75
2701224.25
2701188.75
2701155
2701124.5
2701095.5
2701064.5
2701036.75
2701007.75
2700985.25
2700953.5
2700933
2702668.5
2702574.75
2702458.25
2702360.25
2702263.75
2702169.5
2702082.75
2702000.5
2701921.5
2701849
2701779
2701714
2701650.75
2701593.75
2701536.75
2701487
2701439.75
2701394.75
2701353.75
2701312.5
2701276.5
2701242.75
2701209
2701177.25
2701148.75
2701122.75
2701093.25
2701068.25
2701040.25
2701022
2700990.75
2700975
2702670.5
2702576.75
2702460
2702362
2702265.75
2702171.5
2702085.5
2702002.75
2701924.25
2701852
2701782.75
2701718.25
2701655.75
2701599.75
2701543.75
2701495
2701448.75
2701404.75
2701364.75
2701325.75
2701290.75
2701259
2701227
2701197
2701170.5
2701147
2701119.75
2701098.5
2701071.25
2701056.75
2701025.75
2701015.75
2702672.75
2702578.5
2702461.75
2702364.5
2702267.75
2702174
2702087.75
2702005.75
2701927.75
2701855.75
2701787
2701722.75
2701661.5
2701605.75
2701550.5
2701502.5
2701456.75
2701414
2701375.5
2701337.5
2701303.5
2701273.75
2701243.25
2701215.5
2701190.25
2701169.5
2701144
2701125.25
2701099.25
2701088.75
2701058
2701054.75
2702673.75
2702579.75
2702462.75
2702365.75
2702269
2702175.25
2702089.5
2702007.75
2701929.5
2701858.75
2701789.75
2701725.75
2701664.75
2701609.75
2701555.25
2701507.75
2701463.25
2701421
2701383.5
2701346.75
2701314.25
2701285.75
2701256.75
2701230.75
2701207.75
2701189.5
2701165.25
2701150.25
2701124.75
2701119
2701088.25
2701091.25
2702675.75
2702581.75
2702464.25
2702367
2702270.75
2702177
2702091.25
2702009.5
2701932.25
2701860.75
2701792.75
2701729.75
2701668.75
2701614.25
2701559.75
2701513.25
2701469.75
2701428.75
2701391.75
2701356
2701324.25
2701296.75
2701269.5
2701245.25
2701223.5
2701207.25
2701184.75
2701172.75
2701147.75
2701146.25
2701115
2701125.75
2702676.25
2702582.25
2702465.25
2702367.5
2702271.25
2702177.5
2702091.5
2702010
2701932.75
2701861.5
2701793.75
2701730.25
2701670.25
2701615.75
2701562.25
2701515.75
2701472.75
2701432.25
2701395.75
2701361.5
2701330.25
2701304.75
2701278.25
2701255.75
2701235
2701221.25
2701200.75
2701192.5
2701167.75
2701172
2701139.75
2701158.75
2702677.5
2702583.75
2702466.25
2702369
2702272.75
2702179.5
2702093.5
2702011.75
2701934.25
2701863.75
2701795.75
2701733.5
2701673.25
2701619.5
2701566
2701520.75
2701477.75
2701438
2701402.75
2701368.75
2701338.75
2701313.75
2701288.5
2701267.5
2701247.75
2701236
2701216.5
2701211.25
2701187
2701195.75
2701162
2701189.25
2702678
2702584.5
2702466
2702368.25
2702271.75
2702178.75
2702092.5
2702010.75
2701933.5
2701862.75
2701794.75
2701731.75
2701672.5
2701618.75
2701565
2701520.25
2701477.75
2701437.75
2701402.75
2701369.5
2701340.25
2701316.5
2701292
2701272.25
2701253.75
2701243.75
2701226
2701223.75
2701200.75
2701214
2701180.75
2701216.75
2702680.75
2702586.75
2702468.75
2702370.75
2702274.25
2702180.75
2702094.75
2702013.25
2701936
2701865.5
2701797.75
2701735.75
2701676.25
2701623
2701570.5
2701525.75
2701483.75
2701444.5
2701409.75
2701377.5
2701348.75
2701325.75
2701302.25
2701283.75
2701266
2701257.75
2701240.5
2701240.25
2701217.5
2701234.75
2701198.75
2701242
2702680.75
2702585.75
2702466
2702368.5
2702271.5
2702178.5
2702092.75
2702010
2701932.75
2701862.25
2701794.5
2701732.5
2701672.75
2701619.75
2701566.75
2701521.75
2701479.75
2701440.25
2701405.75
2701373.25
2701344.75
2701322
2701298.75
2701280.75
2701263.75
2701256
2701239.75
2701241.25
2701219.75
2701240.75
2701205.75
2701257.75
2702684
2702590.25
2702470.5
2702373.25
2702276.25
2702183
2702097.75
2702016
2701938.75
2701869
2701801
2701739.5
2701680.75
2701627
2701575
2701529.75
2701488.25
2701449.75
2701415.75
2701383.5
2701355.25
2701332.75
2701310.75
2701292.75
2701276.75
2701269.75
2701253.75
2701256.75
2701235
2701259.25
2701221.5
2701280
2702684.25
2702588.75
2702467.75
2702369.75
2702272.25
2702179
2702093.25
2702010.75
2701933
2701863
2701794.75
2701732.5
2701672.75
2701619.25
2701565.75
2701520.75
2701478.75
2701439.5
2701404.75
2701371.5
2701342.75
2701319.75
2701296
2701277.75
2701259.75
2701252
2701234.75
2701237.25
2701214.75
2701238.75
2701201.5
2701264.75
2700329
2700280.75
2700234
2700183.25
2700129.25
2700075
2700023.25
2699966
2699911.75
2699844
2699787
2699720.5
2699657.75
2699586.25
2699515
2699438.75
2699361.75
2699279
2699191.75
2699104.25
2699012.5
2698915.5
2698813.75
2698709.5
2698599
2698483.25
2698359.25
2698230.25
2698094.75
2697951
2697799.5
2697641.5
2697472.5
2697292.75
2697100.75
2696897.75
2696682.25
2696452.25
2696206.5
2695945.5
2695667.75
2695368
2695047.5
2694702
2694330.5
2693932
2693500.75
2693037.5
2692535
2691992
2691407.5
2690767.25
2690075.5
2689315
2688490.75
2687584.75
2686597.75
2685511.75
2684322.25
2683010
2681563.75
2679960.75
2678188
2676216.75
2674021.75
2671579
2668839.75
2665777.75
2662325.25
2658441.5
2654044.75
2649061.25
2643400
2636932.5
2629574.5
2621108
2611256.5
2599772.25
2586321.75
2570549.25
2552035.25
2530361
2504926.25
2477865.25
2440920.75
2396537.5
2345694.75
2288412.5
2223660.75
2143539.25
2047912.25
1940622.375
2700235.5
2700182.75
2700133.5
2700077.75
2700016.75
2699958.75
2699902.75
2699840
2699781.75
2699700.25
2699643.75
2699567.75
2699499.5
2699420
2699340.5
2699255
2699168.25
2699076.25
2698979.25
2698881.5
2698779
2698670.75
2698557.25
2698440.75
2698317
2698187.25
2698048.75
2697904.75
2697752.75
2697591.5
2697421.25
2697243.5
2697053.75
2696851.75
2696636.5
2696408.25
2696166.75
2695908
2695632.25
2695338.25
2695026.25
2694688.75
2694328.5
2693940
2693523.75
2693075
2692591.75
2692070
2691507.5
2690897
2690240.5
2689523.75
2688745.5
2687896.25
2686971.75
2685955.75
2684853
2683636.75
2682308
2680838.75
2679227
2677438
2675462.75
2673267.75
2670828.75
2668111.75
2665077.75
2661674.75
2657860.25
2653562.25
2648714.5
2643222.5
2637000.75
2629896.5
2621853.75
2612551.25
2601753.75
2589155.25
2574490
2557373.25
2537469
2514405.75
2487691.25
2459387
2419656.25
2373363.25
2321552.5
2263798
2198063.25
2116156.25
2020345.25
1915212.25
2700268.75
2700214.75
2700168
2700112.5
2700049.75
2699993.5
2699938.25
2699876
2699821.25
2699732.25
2699683.25
2699604.75
2699539.25
2699459.5
2699380.5
2699294.5
2699208
2699116.25
2699019.75
2698922.75
2698821
2698713.25
2698599.75
2698484
2698361.25
2698232
2698094.75
2697951.75
2697800.75
2697639.5
2697470.75
2697292.75
2697103.5
2696902.5
2696688.5
2696462
2696222.25
2695964.25
2695689.25
2695396.75
2695085
2694749.75
2694390.75
2694003.75
2693589
2693141.75
2692660.5
2692140.5
2691578.75
2690971.5
2690316
2689600.25
2688825.5
2687974.75
2687054
2686039.75
2684939
2683722.75
2682398.25
2680927.75
2679317.25
2677526.75
2675552.25
2673354.25
2670917.5
2668193.25
2665154
2661742.5
2657921.5
2653603.75
2648745
2643228.5
2636977
2629841.5
2621759.25
2612403.25
2601483
2588731
2573859.75
2556521.5
2536375.25
2513109
2486179.5
2458547.5
2417484.25
2370266.5
2318279.25
2260796
2195238.75
2111702.75
2014152.25
1908147.25
2700287
2700232.5
2700186.75
2700131.75
2700066.5
2700011.5
2699956.75
2699893.25
2699841.75
2699744.75
2699702.75
2699620
2699556.5
2699475
2699396.75
2699309.75
2699221.75
2699129
2699032.75
2698935
2698832.25
2698724.75
2698611.75
2698493.75
2698370.5
2698240.75
2698104.75
2697961
2697808.75
2697647.75
2697478.75
2697299.5
2697110
2696908.5
2696695
2696469
2696228.75
2695971
2695696.75
2695404.5
2695093.5
2694758
2694400
2694013
2693599.75
2693153.75
2692673.75
2692155.75
2691596.75
2690990.75
2690338.75
2689624.5
2688852.5
2688005.75
2687087.75
2686080
2684984
2683774.75
2682455.5
2680992.75
2679389.25
2677607
2675644.5
2673457
2671032.75
2668318
2665295.25
2661897.25
2658089.75
2653789.75
2648946.5
2643445.75
2637214.75
2630084.25
2622034.75
2612672.5
2601702.25
2588844.5
2573826.25
2556285.75
2535925.5
2512439.75
2485276.25
2458455.5
2415794.5
2367251.5
2314617
2257017
2191207.75
2105182.25
2004828.875
1897202
2700337
2700282.75
2700239.5
2700185.75
2700120.25
2700067
2700013.75
2699950.5
2699903.75
2699801
2699765
2699680.75
2699618.75
2699538.5
2699462
2699375.75
2699288
2699196.25
2699102
2699005
2698902.75
2698797.75
2698687
2698569.25
2698447.25
2698320
2698186.75
2698045.75
2697896.25
2697738
2697571
2697394.75
2697207.5
2697009.75
2696801.25
2696579.75
2696342.75
2696089.75
2695820.5
2695532.75
2695227.75
2694898.75
2694547.25
2694166.75
2693761.25
2693322.75
2692853.5
2692344.25
2691796
2691202
2690561.5
2689861.75
2689102.75
2688274.5
2687371.75
2686384.75
2685308.75
2684124
2682827.25
2681393
2679817.25
2678069.75
2676143.25
2673992.25
2671613
2668942
2665971.25
2662627.5
2658880.75
2654648
2649874
2644453.75
2638302.75
2631258.75
2623313.25
2614046.75
2603130.25
2590288.5
2575245.25
2557641.5
2537191.75
2513606.25
2486285.25
2460457.75
2416300.5
2366461.75
2313115.25
2255340.75
2189202.75
2100569.5
1996955.5
1886764.375
2700383
2700330.75
2700288.25
2700235.75
2700169.5
2700118.75
2700067.75
2700003.75
2699959.75
2699852.25
2699822.75
2699737.25
2699678
2699596.5
2699522
2699436
2699349.5
2699258.75
2699165.75
2699069.75
2698967.75
2698864.25
2698754.75
2698640.5
2698519.25
2698394.5
2698263.75
2698124.75
2697978.25
2697823.25
2697659
2697485.5
2697301.25
2697107.75
2696904
2696686.25
2696454.75
2696206.75
2695943
2695661.75
2695362.75
2695040.5
2694696.5
2694325
2693928.75
2693500.5
2693041.75
2692543.75
2692008.5
2691428.5
2690802.75
2690117.75
2689379.5
2688568.25
2687688.5
2686725.75
2685674.75
2684517.75
2683252.75
2681850.5
2680314.75
2678607
2676727.75
2674622.5
2672300.5
2669688.75
2666782
2663518.5
2659843.25
2655707.5
2651026.5
2645714
2639675.75
2632752.5
2624953.75
2615827.75
2605019.75
2592255.25
2577252.25
2559656
2539172
2515542
2488096
2463306.5
2417650.25
2366402.25
2312183.25
2254017
2187352
2095618.5
1988258
1875030.375
2700439.75
2700390
2700347.75
2700297.25
2700230.75
2700182.25
2700133.75
2700069.25
2700028.75
2699917.25
2699894
2699808.25
2699751.75
2699670.25
2699597.75
2699512.5
2699427.5
2699336.25
2699245.25
2699152
2699051.75
2698949.75
2698843.25
2698731
2698612.75
2698489.25
2698361
2698226
2698082
2697930.75
2697770
2697600
2697420.5
2697231.5
2697033
2696820.75
2696595
2696354
2696096.5
2695822.25
2695530.75
2695216.25
2694880.75
2694520.75
2694134.5
2693719.5
2693271.25
2692787.25
2692267
2691703
2691093.5
2690428.5
2689709
2688921.75
2688065.25
2687131.75
2686109
2684985.25
2683755.5
2682391.75
2680899.5
2679239.75
2677409.75
2675366.75
2673101.25
2670564.75
2667735.75
2664558.25
2660977.75
2656947.5
2652380.5
2647194
2641295.5
2634517.5
2626891.75
2617950.5
2607293.25
2594668.5
2579768.5
2562244
2541799.75
2518183.25
2490665
2466934.75
2419849
2367148.75
2311986.25
2253261.5
2185929.75
2090867.375
1979237.625
1862341.375
2700494
2700447.25
2700406
2700356.75
2700291
2700243.75
2700197.75
2700134.25
2700095.5
2699980.75
2699963.25
2699876
2699823.25
2699741.5
2699670.5
2699586
2699502.75
2699411.75
2699322
2699230.75
2699132.75
2699033.25
2698929.25
2698819.75
2698703.75
2698581.75
2698456.5
2698324
2698184.25
2698036.5
2697879
2697713.5
2697538.75
2697353.75
2697160.25
2696954.25
2696734
2696499.5
2696248.75
2695982.25
2695696.75
2695391.75
2695066.25
2694717.75
2694342.75
2693938.75
2693503.75
2693033.75
2692529
2691981
2691389.25
2690744
2690046.25
2689281.75
2688454.75
2687546.5
2686557.25
2685467
2684274
2682953
2681505.75
2679896.25
2678120
2676138.75
2673943.5
2671478.75
2668737.75
2665647.5
2662175.5
2658254
2653815.5
2648767.5
2643017.75
2636417.5
2628976
2620243.5
2609771.5
2597336.5
2582587.5
2565202.5
2544846.5
2521317.75
2493746.25
2471130
2422638
2368511.5
2312251.75
2252882.25
2184653.75
2086046.375
1969762.625
1848289
2700550.75
2700507.25
2700467
2700418
2700352.75
2700309
2700264.75
2700202.5
2700165
2700047.75
2700034.75
2699948.5
2699898
2699815.5
2699746.75
2699663.75
2699581.75
2699492.5
2699403.25
2699313.25
2699217.25
2699119.75
2699018.75
2698911.25
2698798.25
2698679.75
2698555.75
2698426.5
2698290
2698145.75
2697992.5
2697831.75
2697662
2697481.25
2697291.75
2697091.25
2696877.75
2696650
2696406.25
2696146.75
2695868.75
2695573.75
2695258.25
2694920
2694555.75
2694164.25
2693741.75
2693286.75
2692796.25
2692266.5
2691691
2691067.25
2690388.5
2689650.5
2688849.75
2687970.75
2687013.5
2685956.25
2684802
2683524
2682118.75
2680565.5
2678841.25
2676927.25
2674799
2672412
2669757.75
2666763
2663396
2659594.25
2655283.75
2650385.5
2644795.5
2638375.5
2631138.5
2622630
2612373.5
2600165.5
2585610
2568423.5
2548206.25
2524830
2497262.75
2475755.25
2425973.5
2370424.5
2313002
2252847.25
2183579
2081138.125
1960005.375
1833588.375
2700604.75
2700564.75
2700525.75
2700479.25
2700413.75
2700371.5
2700329.25
2700267.75
2700232.75
2700113.75
2700104.75
2700017.75
2699969.5
2699888.5
2699820
2699738
2699658
2699570.25
2699481.75
2699393
2699299.25
2699203.75
2699104
2698999.75
2698889.75
2698773.5
2698651.5
2698525.25
2698392
2698251.25
2698101.5
2697945
2697780.25
2697604.75
2697418.75
2697223.25
2697016
2696795.75
2696559.5
2696307.25
2696037.5
2695750.25
2695443.75
2695115.75
2694762.75
2694382.75
2693973.5
2693532.5
2693056.75
2692543.5
2691985.5
2691382
2690724.75
2690011.5
2689236.25
2688385
2687458.75
2686437.25
2685317.25
2684083.75
2682722.25
2681220.75
2679553.75
2677700
2675641.5
2673334
2670759.75
2667864
2664602
2660920.75
2656741.75
2651995.5
2646569
2640338.75
2633307.5
2625042.25
2615012.25
2603065.75
2588737
2571805.5
2551783
2528624
2501101.75
2480719.75
2429774.5
2372834
2314174.75
2253130.25
2182662.25
2076202.75
1949617.25
1818094.875
2700658.75
2700622.5
2700583.75
2700539.75
2700473.75
2700433.5
2700393.25
2700332.5
2700299.75
2700177.75
2700172.25
2700085.5
2700040.25
2699959.75
2699892.25
2699810.5
2699732.5
2699645.75
2699559.5
2699473.75
2699380.75
2699286
2699188.75
2699086.5
2698978
2698864.75
2698745.25
2698621.5
2698491.75
2698354.5
2698208
2698055.75
2697894.75
2697724.5
2697543.5
2697352.75
2697151
2696937
2696707.5
2696463
2696201
2695921.75
2695624.25
2695305.75
2694962.75
2694594.75
2694198
2693770
2693309.75
2692811.5
2692270.75
2691686.75
2691050.75
2690360.75
2689610
2688786.25
2687888.25
2686900.75
2685815.5
2684625.75
2683305.25
2681856.5
2680239
2678450.75
2676456
2674227
2671729
2668938.75
2665770.75
2662215.5
2658158.25
2653575.25
2648298.75
2642273.5
2635438
2627433.5
2617629
2605982.25
2591895.25
2575278.75
2555477.75
2532615.5
2505181.25
2485929
2433962.75
2375720.5
2315731.5
2253726.75
2181861.5
2071368.125
1939011.625
1800958.5
2700709.75
2700677.75
2700639.25
2700598.25
2700532.75
2700492.75
2700453.75
2700394.75
2700363.75
2700240.75
2700236.5
2700150.25
2700107.25
2700026.75
2699961.75
2699879.5
2699802.75
2699717.75
2699633.75
2699549
2699458
2699364.75
2699268.25
2699168.75
2699062.75
2698952
2698835.25
2698713.25
2698586
2698451.25
2698309
2698160.75
2698004.25
2697838.25
2697662.25
2697475.25
2697279
2697070.75
2696848.25
2696610.75
2696355.75
2696084.5
2695795.25
2695485.5
2695153
2694795.25
2694411.25
2693996.75
2693549.5
2693065.75
2692541.25
2691976.5
2691361.25
2690693.5
2689964
2689168.5
2688296.75
2687343.75
2686289.75
2685140.75
2683861.5
2682460
2680893
2679166.75
2677227.75
2675082.75
2672656.75
2669960.75
2666889
2663459
2659518.5
2655092.5
2649966.5
2644142.5
2637503.5
2629759.75
2620188.75
2608851.25
2595033.75
2578765
2559238
2536725
2509433.75
2491306
2438511.25
2379049.5
2317677.75
2254598
2181202
2066480.375
1928440.75
1783112.25
2700760
2700732.25
2700693.5
2700655.25
2700589.75
2700551.25
2700513.75
2700454.75
2700424.5
2700301.75
2700299.5
2700212.5
2700171.25
2700091.75
2700027.75
2699945.75
2699869
2699785.75
2699703.5
2699620.5
2699531.5
2699439.5
2699343.75
2699245.75
2699142
2699033.75
2698920.25
2698800
2698674.25
2698542.75
2698403.75
2698259.75
2698107
2697945.75
2697774.75
2697592.5
2697400.5
2697197.75
2696981
2696750
2696503
2696238.75
2695956.75
2695656
2695332.75
2694985.5
2694611.75
2694209.5
2693775.75
2693306.75
2692798.25
2692250.75
2691654.25
2691007.25
2690298.75
2689529.5
2688682.75
2687760.5
2686739.75
2685626.5
2684386.75
2683029.75
2681511.25
2679840.25
2677962.75
2675886.25
2673536.75
2670928.75
2667953.75
2664634
2660817.25
2656532.5
2651565
2645920.75
2639489.5
2631980.5
2622668
2611630.75
2598122.25
2582197.5
2563016.75
2540866.25
2513818.5
2496730.5
2443402.25
2382746.75
2320025.25
2255701.5
2180715.75
2061562.875
1917648.625
1764852.875
2700807.5
2700784.5
2700745.25
2700709.75
2700645.75
2700607.5
2700569.75
2700511.75
2700483
2700360.25
2700360.5
2700271.75
2700232.25
2700153
2700090.5
2700009.5
2699932.5
2699849.75
2699769.5
2699688
2699600.5
2699510.25
2699415.25
2699318.75
2699217.75
2699111.25
2698999.25
2698881.25
2698758.75
2698628.75
2698493.5
2698352.75
2698204.25
2698047
2697880
2697702.75
2697514.5
2697316.75
2697105.5
2696881
2696640.5
2696383.25
2696108.75
2695815.75
2695501
2695164
2694800
2694409.75
2693987.75
2693533.75
2693039.5
2692508.25
2691928.5
2691300.75
2690613
2689866.75
2689045
2688150.75
2687160.75
2686080.75
2684879.25
2683563.75
2682091.5
2680473.75
2678652.75
2676641.75
2674364
2671838.75
2668955.5
2665739.75
2662040.5
2657889.5
2653075.5
2647604
2641371.5
2634091
2625038
2614291.5
2601114.5
2585549.75
2566751.25
2545000.5
2518263.25
2502163.5
2448559.75
2386831.5
2322721.25
2257053.75
2180333.5
2056789.125
1906592.75
1745744
2700852.75
2700834.75
2700794.5
2700762.75
2700698.25
2700662.5
2700624.5
2700566.75
2700539.25
2700415.75
2700417.75
2700328.5
2700289.25
2700210.75
2700150
2700068.75
2699993.5
2699910
2699830.75
2699751
2699665.25
2699576.25
2699482.75
2699387.75
2699287.75
2699183
2699073.75
2698958
2698836.75
2698711
2698577.75
2698439.5
2698294.75
2698141.25
2697978.5
2697805.75
2697621.5
2697428
2697222.5
2697002.75
2696768.75
2696518
2696250
2695964.5
2695658.75
2695330.25
2694976.75
2694596.75
2694187.25
2693745.75
2693265.25
2692748.5
2692184
2691574.75
2690906.5
2690181.5
2689383.25
2688514.75
2687553.5
2686505.25
2685338.75
2684062.75
2682634.25
2681064.75
2679297.75
2677347.75
2675139
2672689.25
2669892.5
2666773.75
2663186
2659160.5
2654491.5
2649183.25
2643142.5
2636078.25
2627281.5
2616821.5
2603985.25
2588779.25
2570402.75
2549073
2522715
2507530
2453944.25
2391258.75
2325764.5
2258611.25
2180054
2052187.5
1895495.375
1725452.875
2700896.75
2700883
2700841.75
2700813.75
2700749
2700715.75
2700676.75
2700620
2700593
2700468.75
2700472.75
2700383.25
2700344.5
2700265.75
2700205.75
2700125.25
2700051
2699967.75
2699888.75
2699810
2699725.75
2699638.25
2699546
2699451.75
2699354
2699251
2699143
2699029.5
2698910.75
2698787.75
2698657.75
2698521.5
2698379.25
2698229.5
2698070.25
2697901
2697721.5
2697531.75
2697330.5
2697116.75
2696888.25
2696643.75
2696382.5
2696103.5
2695805.25
2695485.75
2695141.5
2694772.25
2694372.75
2693942.75
2693475
2692971.75
2692422.25
2691829.5
2691179
2690474
2689697.75
2688853.5
2687918.75
2686900.5
2685766.75
2684526.25
2683138.75
2681613.25
2679898
2678004.25
2675858.75
2673479.75
2670764
2667736
2664253.25
2660344
2655813.5
2650658.5
2644799.25
2637938.75
2629390.75
2619208
2606712.5
2591874.25
2573932.75
2553050.25
2527129
2512781.5
2459505
2396018.25
2329120.75
2260365
2179817.5
2047813.25
1884519
1703963.875
2700937.75
2700930
2700886.25
2700862.75
2700797.5
2700766.25
2700726.75
2700669.75
2700643.25
2700518.75
2700524.25
2700433.75
2700396
2700316.5
2700257.75
2700177.5
2700104.5
2700021.5
2699942.75
2699864.75
2699781.75
2699695.25
2699604.75
2699511
2699414.25
2699313
2699207.25
2699095.25
2698979.5
2698858.5
2698731.5
2698596.75
2698457.25
2698310.75
2698155
2697989.75
2697814
2697627.75
2697431.25
2697222
2696998.75
2696760.25
2696505
2696232.25
2695941.75
2695629.75
2695294
2694933.75
2694544.5
2694124.75
2693669.25
2693178.25
2692642.75
2692065
2691431.75
2690745
2689988.75
2689166.5
2688257.75
2687266.75
2686163.75
2684956.5
2683606.75
2682123.25
2680455.25
2678613.25
2676527.25
2674212.75
2671573.75
2668629
2665244.75
2661443.5
2657041.75
2652028.75
2646340.5
2639671.5
2631362.5
2621447
2609285
2594810
2577318.5
2556895.5
2531463
2517865
2465193.75
2401076.25
2332786.75
2262292.25
2179607
2043670.875
1873821.125
1681360
2700977.25
2700976
2700928
2700911.25
2700844.5
2700815.75
2700776.25
2700718.5
2700691.75
2700566.5
2700574.25
2700482.75
2700446.5
2700365.25
2700307.25
2700227.75
2700155
2700072.75
2699993.75
2699916.5
2699834.5
2699749
2699660.25
2699567
2699471.5
2699371.5
2699267.25
2699157.25
2699043.75
2698925.5
2698800.5
2698668
2698531
2698386.75
2698234.25
2698072.5
2697900.5
2697717.75
2697524.5
2697320
2697101.75
2696868.75
2696619
2696353.75
2696068.75
2695764
2695436.5
2695084.25
2694703.75
2694294.5
2693849.75
2693371
2692847.75
2692283.75
2691666.25
2690996.5
2690259.25
2689458.25
2688572.75
2687606.25
2686531.75
2685354.75
2684040.5
2682595
2680970.75
2679176.25
2677145.75
2674891.75
2672323.25
2669455.75
2666163.25
2662461.5
2658180.5
2653300.25
2647771.5
2641279.75
2633197.5
2623537
2611698.5
2597582.75
2580534.25
2560596.25
2535673.5
2522756.5
2470939.75
2406422.5
2336716.5
2264386
2179345
2039819.75
1863519.75
1657588.25
2701012.25
2701020.5
2700968
2700956.75
2700888
2700862.5
2700821.75
2700764
2700737.25
2700610.5
2700619.75
2700527.25
2700492
2700409.5
2700352
2700272.75
2700200.5
2700119.25
2700039.75
2699963
2699882
2699797.75
2699709.75
2699618.25
2699523
2699424.75
2699321.5
2699213.5
2699101.75
2698985.75
2698863.25
2698733.5
2698597.75
2698456.25
2698306.75
2698147.75
2697979.25
2697800.25
2697610
2697409.5
2697196
2696968
2696723.75
2696463.75
2696185.25
2695886.5
2695565.75
2695221.5
2694849.75
2694449.75
2694015.5
2693547.75
2693036.25
2692484.75
2691882
2691228
2690508.75
2689726.5
2688862.75
2687918.75
2686871.25
2685722.75
2684441
2683030.75
2681447
2679695.75
2677717.25
2675518.25
2673015.75
2670218.75
2667011.75
2663402.5
2659234.25
2654475.25
2649094.25
2642767
2634897.5
2625481.5
2613944
2600189.25
2583566.5
2564129
2539730
2527420.5
2476710.5
2412007.5
2340914.75
2266602.5
2179058.5
2036169.875
1853812.375
1632938.625
2701046.75
2701065.5
2701006.75
2701003.25
2700931.5
2700909.25
2700867
2700810.75
2700782.25
2700653.5
2700665.25
2700571.25
2700537
2700453
2700396
2700317.25
2700245.25
2700164.25
2700086
2700009
2699928.5
2699844.75
2699758
2699667.5
2699573
2699475.5
2699373.5
2699267.5
2699157.75
2699043.75
2698923.25
2698796.5
2698662
2698522.75
2698375.75
2698220
2698054
2697878.75
2697691.5
2697494.25
2697285.75
2697062
2696822.75
2696567.75
2696293.75
2696002
2695688
2695350.75
2694987.25
2694595.5
2694170
2693712.25
2693212.75
2692672.75
2692083.75
2691443.75
2690740.5
2689975.75
2689131.5
2688208.75
2687185.5
2686063.75
2684812
2683433.75
2681887.75
2680176.75
2678245.75
2676097.75
2673656
2670923.75
2667796.25
2664272
2660208
2655561
2650316.5
2644140.75
2636472
2627280.5
2616038.5
2602617.5
2586424.25
2567471.75
2543628.25
2531817.25
2482472.5
2417789
2345370
2268918.25
2178699.5
2032783.5
1844663.75
1607348.625
2701075.75
2701107.75
2701040.75
2701045.25
2700970.75
2700951.5
2700908
2700851.75
2700822.75
2700690.25
2700704.25
2700608.5
2700575.25
2700491
2700434.25
2700354.75
2700283.5
2700202.5
2700124.25
2700046.75
2699967.75
2699885
2699798.75
2699709.25
2699615.75
2699519.25
2699418.25
2699313.75
2699205.75
2699093.75
2698974.75
2698849.75
2698718
2698579.75
2698435.75
2698282.75
2698120
2697948
2697764
2697569.25
2697364.5
2697145.75
2696910.75
2696660.25
2696391.75
2696104.75
2695796.75
2695466.25
2695110.25
2694726.75
2694310.75
2693861.5
2693372.75
2692843
2692266.75
2691640
2690952.75
2690203.25
2689377.75
2688474.5
2687474
2686374.75
2685152
2683802.75
2682292.25
2680617.75
2678731.5
2676629
2674245.75
2671572.5
2668519
2665071
2661105.5
2656560
2651442.5
2645404.5
2637925
2628938
2617980
2604871.5
2589097.5
2570613.5
2547348.25
2535934
2488174.5
2423726.5
2350057.25
2271300.25
2178248.5
2029607.875
1836185.125
1580760.25
2701104.5
2701151.75
2701075.5
2701089.25
2701011.5
2700995.75
2700951.5
2700895.5
2700864.5
2700729.75
2700745.75
2700649
2700616.75
2700531.75
2700474.75
2700395.75
2700324.75
2700244.25
2700166
2700089.75
2700009.75
2699927.75
2699842.25
2699753.75
2699661.5
2699566.5
2699467.25
2699363
2699256
2699145.25
2699028.75
2698906
2698776
2698639.25
2698496.75
2698345.75
2698186.25
2698016.75
2697835.75
2697644.75
2697443.25
2697227.5
2696997.25
2696751.5
2696487.5
2696205
2695903
2695578.75
2695229.25
2694852.75
2694444.75
2694004.75
2693525
2693006.75
2692441.75
2691827.25
2691153.75
2690418.5
2689609.75
2688724.75
2687745.75
2686668.75
2685470.5
2684148.75
2682670
2681030.25
2679183.75
2677125.5
2674793
2672176.25
2669189.25
2665814.5
2661937
2657488.5
2652484.5
2646572.75
2639269.5
2630473.75
2619778.75
2606968.5
2591592.5
2573569.5
2550878.25
2539776
2493777.25
2429813.25
2354963
2273771.25
2177693.75
2026740.125
1828584.5
1553126.5
2701127.75
2701191.5
2701104.75
2701126.75
2701045.75
2701032.25
2700986
2700929.5
2700897
2700758.75
2700776.75
2700678.5
2700646.25
2700561.75
2700504.25
2700424.75
2700353.75
2700273.25
2700195.75
2700119.75
2700039.75
2699958.75
2699873
2699784.75
2699693.75
2699599.75
2699502.5
2699399.5
2699292.75
2699183.75
2699068.75
2698947.75
2698819.75
2698685.25
2698544.5
2698396.25
2698238.75
2698072.75
2697894.75
2697705.25
2697506.75
2697295.5
2697068.75
2696826.75
2696567.25
2696289.75
2695992.25
2695673.5
2695330.75
2694960.25
2694559.75
2694126.75
2693656.75
2693146.75
2692593
2691989.25
2691329.75
2690607
2689815.25
2688944.75
2687985.75
2686927.5
2685755.75
2684455.75
2683009.75
2681396.75
2679593.25
2677568.75
2675291
2672718
2669801.25
2666483
2662698.5
2658324.5
2653439.75
2647628.75
2640502
2631869
2621434.5
2608882.75
2593905.5
2576296.25
2554206.25
2543303
2499229
2435935.5
2360020.75
2276214.75
2176960.25
2023970.5
1821652.875
1524270.5
2701150.25
2701233
2701136
2701167
2701085.75
2701074.25
2701029.25
2700972.25
2700940
2700797.25
2700817.75
2700718.5
2700686.5
2700602.75
2700544.5
2700465
2700394.75
2700314.5
2700237.5
2700161.75
2700082.75
2700000.75
2699915.5
2699828.25
2699738
2699645.25
2699548.75
2699447.5
2699341.75
2699233
2699119.25
2699000.25
2698874.5
2698741.25
2698602
2698455.75
2698301.25
2698136.75
2697962
2697776.25
2697580.5
2697372.25
2697149.75
2696911.5
2696656.25
2696383.25
2696089.75
2695776.25
2695439.75
2695075.75
2694682.75
2694257.75
2693795.75
2693295.75
2692751.75
2692158
2691509.75
2690800.5
2690023
2689168.75
2688227.75
2687189
2686038
2684762.75
2683343.75
2681761.75
2679990.75
2678006.25
2675769.75
2673248
2670384.75
2667133.5
2663419.75
2659134
2654336.5
2648642.5
2641653
2633200.5
2622976.75
2610707.75
2596062.25
2578912.25
2557345.5
2546626.5
2504559.75
2442267
2365360.75
2278886.75
2176201.25
2021719.875
1816298.875
1494252
2701166.75
2701267.75
2701156.5
2701195.75
2701111.25
2701101.75
2701053.75
2700993.75
2700960
2700813.75
2700835.5
2700734.75
2700703.25
2700619.5
2700560.25
2700481.75
2700410.5
2700331
2700254.5
2700179.75
2700100.75
2700019.75
2699933.5
2699846.75
2699757.5
2699666
2699571
2699471.25
2699366.5
2699258.25
2699145.75
2699028
2698903.25
2698772.75
2698634
2698489.75
2698337
2698175
2698002
2697819
2697625.25
2697419
2697199.25
2696964.5
2696712.75
2696443.5
2696153.75
2695843.5
2695511.25
2695152.75
2694765.75
2694346.75
2693892.75
2693399.25
2692863.75
2692279
2691641
2690941.75
2690177
2689335.5
2688410
2687387
2686256.25
2684999.75
2683604.75
2682047
2680308.75
2678354.75
2676159.75
2673676.75
2670868.75
2667667.75
2664027
2659807.75
2655101.25
2649493.5
2642646.5
2634330.5
2624326.5
2612269.5
2597978.25
2581176
2560186
2549475.75
2509510
2448207
2370439.75
2281018
2174937.5
2019114.625
1810428.125
1462841.875
2701180.75
2701302.75
2701182.75
2701229.75
2701151.75
2701145.25
2701103
2701042.5
2701007.25
2700859.25
2700880
2700780.75
2700747.75
2700664.75
2700605.25
2700526.75
2700456.25
2700377.75
2700301.5
2700226.75
2700148.5
2700067.5
2699982.25
2699894.75
2699806.75
2699715.75
2699621.5
2699522.5
2699419.5
2699312.25
2699201
2699085.25
2698962.75
2698833.75
2698697
2698554.75
2698405.75
2698245.75
2698076.5
2697895.75
2697705.5
2697502.75
2697286.75
2697056.25
2696809
2696544.25
2696260.25
2695955.25
2695628.75
2695277.5
2694897.25
2694485.75
2694040.5
2693555.75
2693030
2692455.75
2691830
2691144
2690393.5
2689567.75
2688659.5
2687656
2686546.5
2685313.75
2683944.75
2682415.75
2680710.75
2678793.25
2676639.75
2674203.75
2671448.75
2668307.75
2664736.5
2660597.25
2655971.75
2650467
2643751.5
2635597
2625791.75
2613990
2600014.25
2583659.25
2563184.25
2552516.25
2514910
2455149.75
2377101.5
2284468.75
2174699.25
2017292.5
1810189.25
1428896.25
2701192.75
2701321.25
2701189.25
2701241.5
2701159.5
2701151.75
2701104.25
2701039.75
2701004.25
2700854
2700876.5
2700777.75
2700745.25
2700663
2700603.5
2700525
2700454.75
2700376.75
2700301.5
2700227.25
2700148.75
2700068.25
2699983.5
2699897.25
2699808.25
2699718.25
2699625
2699527
2699424.25
2699316.75
2699205.75
2699090.75
2698968.75
2698840.5
2698704.5
2698562.75
2698413.75
2698255.25
2698086.75
2697907.25
2697717.75
2697516
2697301.5
2697071.5
2696826
2696562.75
2696280.5
2695976.5
2695652.25
2695302.25
2694925
2694516.75
2694074
2693593.75
2693071
2692500.75
2691879.25
2691198.25
2690453.5
2689634
2688733.5
2687738
2686637.5
2685415.25
2684058.75
2682543.75
2680854
2678954.75
2676822.75
2674410.75
2671684.25
2668576.25
2665043.75
2660950.25
2656369.5
2650923
2644284.5
2636226.75
2626543
2614902.25
2601139.25
2585033.5
2565089.25
2554162.25
2518145.5
2459131.75
2379303.5
2284316
2171061.75
2014487.625
1800655.875
1395530.5
2701185.75
2701341
2701212
2701268.5
2701207.5
2701209.75
2701178.75
2701110.75
2701070.75
2700921.5
2700935
2700840.75
2700804.5
2700724.25
2700663.75
2700585.75
2700515.75
2700439.25
2700364.5
2700290.25
2700213.5
2700133.5
2700049.5
2699963.25
2699875.75
2699786.75
2699695.5
2699599.25
2699499
2699393.75
2699284.75
2699172.25
2699053.25
2698928
2698796
2698657
2698511.5
2698357.25
2698193.75
2698018.75
2697834.5
2697638.25
2697429.75
2697206.75
2696968.75
2696713.75
2696439.5
2696144.75
2695830.25
2695491.5
2695125.5
2694729.5
2694301
2693835.5
2693329.75
2692777.75
2692176.25
2691517
2690796.25
2690003
2689131.5
2688168.75
2687104.25
2685922.5
2684609.75
2683144.25
2681510.25
2679674.5
2677612.5
2675281.5
2672645.75
2669643
2666231.75
2662277.5
2657835.5
2652566.5
2646155
2638377
2629033.5
2617816
2604578.5
2589197.25
2570041
2559284.5
2528043.5
2474488.25
2397406
2298508.75
2177247
2019575.625
1817416.375
1333225.25
1821038.5
1688431.375
1542330.5
1397829.5
1263530.25
1134141.5
1015216.375
907560.25
806423.5
713435.5
632088.1875
560560.6875
495997.625
441152.15625
396414.5625
356995.5
321774.03125
293232.03125
270812.9375
251945.8125
235300.96875
220423.234375
209178.65625
199508.859375
190585.0625
181546.765625
172776.125
165071.171875
157401.921875
149156.34375
140632.3125
133093.265625
125135.90625
117098.1953125
109574.1015625
102274.6484375
95133.6484375
88368.0078125
82087.3515625
77940.078125
1799166.25
1673061.25
1535836.5
1400192.625
1275450.25
1156355.75
1045666.0625
944470.875
850858
764903.75
685142
613061.5
551884.3125
499837.15625
452076.375
408236
371386.21875
341763.625
316652.8125
294349.125
272455.03125
254925.71875
240879.796875
228533.546875
217236.703125
205268.015625
194972.90625
186063.125
177476.96875
168252.96875
159648.65625
151533
143310.0625
135498.8125
127701.1171875
120037.796875
112902.7578125
105949.1875
99275.265625
92810.90625
1790638.75
1663361.625
1525676.375
1390078
1265530.5
1147492.25
1038514.6875
937732.0625
844548.3125
760449.25
682431.4375
611376.4375
551758.5625
501021.21875
453443.6875
410250.4375
375085.4375
346415.3125
320833.5625
296005.59375
275069.21875
258434.609375
244255.90625
231186.1875
217514.984375
206068.078125
196326.015625
187229.453125
177838.046875
168022
159689.9375
151820.484375
143426.296875
135449.015625
127808.5703125
120244.0234375
113174.109375
106276.5234375
99790.6328125
94076.4765625
1777817.5
1648573.125
1509783.125
1376467
1254262
1135418.5
1027637.9375
931865.375
841077.1875
755900.8125
678480.0625
611912.375
555605.125
504318.96875
456563.625
415562.75
382339.96875
354267.5
329017.5625
304052.75
283274.28125
266449.84375
251913.703125
238684.296875
224731.78125
212243.328125
201789.8125
192126.578125
182377.140625
172104.015625
163501.1875
155015.875
146473.078125
138365.078125
130524.5234375
122871.78125
115685.3828125
108715.25
102231.71875
96390.8515625
1764330.125
1632664.5
1491762.875
1357145.75
1237199.875
1120995
1011785.75
915699.0625
829049.8125
747087.5
669905.875
604364.1875
550624
502326.3125
456547.03125
416582.125
384241.125
357143.8125
332715.78125
308365.34375
287586.46875
270695.6875
255908.890625
242102.65625
227384.515625
214720.578125
203937.21875
193767.40625
182965.234375
172834.5
164019.28125
155018.015625
146320.171875
138168.46875
130260.7578125
122514.9609375
115346.25
108426.5625
102045.6484375
96354.9453125
1748615.25
1613018.75
1471071.875
1337442.375
1215858.625
1100443.875
995319.9375
900487.4375
813637.375
734023.9375
660381.375
597608.0625
545928.625
499014.53125
454997.6875
417346.0625
386859.46875
360678.1875
336281.53125
312120.8125
292122.5
275420.6875
260378.765625
245666.65625
230401.421875
217675.40625
206495.328125
195714.5
184068.609375
173895.09375
164844.03125
155574.625
146544.171875
138306.421875
130454.984375
122578.625
115329.7734375
108466.9296875
102152.2734375
96472.546875
1732007.625
1591345.875
1446322.875
1315378.75
1194996.25
1077377.625
973489.1875
883214.3125
798632.625
719359.5
648186.4375
589493.3125
540611.875
495203.125
453099.6875
417609.59375
388625.78125
363346.0625
339438.875
315649
295877.25
279071.875
263686
248252.65625
232624.515625
219578.15625
207954.703125
196566.671875
184449
174285.9375
164676.859375
155275.859375
146177.203125
137698.65625
129824.5078125
121970
114680.8203125
107803.8125
101608.7265625
96041.6328125
1713512.25
1569050.75
1420006.5
1289000.875
1172296.125
1054734.25
950492.375
864033.75
782222.625
704383.375
636403.625
581677.5625
535110.125
491377.25
451460.78125
418238.6875
390671.1875
366125.875
342301.59375
318836.5
299290.3125
282330.6875
266545.8125
250386.390625
234423.546875
221097.53125
209059.171875
197068
184733.046875
174463.453125
164390.6875
154791.515625
145818.015625
137161.03125
129066.609375
121300.578125
114085.421875
107175.7890625
101030.125
95547.046875
1692453.625
1544236.5
1394554
1261961
1144866.375
1031606.1875
928398.875
842856.8125
764884.0625
690594.25
625316.625
573599.6875
529827.0625
488571.90625
450739.875
419144.6875
392637.78125
368720.5625
344990.28125
321735.3125
302172.0625
284966.5
268761.6875
251847.015625
235683.375
222158.390625
209750.28125
197015.109375
184728.3125
174351.484375
163853.609375
154089.8125
145179.46875
136460.75
128232.1796875
120451.375
113302.171875
106391.890625
100312.15625
94937.8359375
1671355.75
1516204.875
1365696
1236869.375
1118453.5
1004081.625
906692.875
823861.5625
746980.25
676331.25
615444.0625
566931
525301.4375
485896.09375
450351.4375
420592.65625
395027.09375
371334
346879.46875
324125.8125
304739.5
287272.78125
270462.125
252463.109375
236587.296875
223012.984375
210158.375
196538.671875
184615.796875
173984.5625
163261.53125
153385.40625
144385.703125
135673.53125
127425.0078125
119588.203125
112481.046875
105626.640625
99600.765625
94304.859375
1648755.125
1490050.125
1334102.125
1207562.375
1094365.75
979594
881691.125
803975.6875
732186.6875
663619.625
605909.125
560731.375
521963.25
484816.65625
450704.53125
421959.4375
396951.84375
373471.65625
349022.78125
326166.78125
306584.09375
288797.125
271478.9375
253043.0625
237121.328125
223361.15625
210084.53125
196095.09375
184309.28125
173471.828125
162520.5625
152584.5625
143629.28125
134848.765625
126543.5078125
118741.3125
111669.3828125
104821.703125
98870.4453125
93673.4375
1623456.75
1462350.375
1306000.125
1175678
1065974.25
957240.875
860215.4375
782952.0625
715987.375
653781.4375
598317.125
555364.8125
519215.6875
484378.0625
451519.375
423481.84375
398845.34375
375306.9375
350569.84375
327703.21875
308011.75
289925.4375
271933.625
253257.15625
237407.25
223469.4375
209694.59375
195619.359375
183887.859375
172805.25
161786.1875
151815.796875
142798.453125
134026.46875
125716.1328125
117907.5703125
110867.3046875
104056.9453125
98169.5546875
93074.1328125
1596981.375
1432057.25
1277435
1146888
1036406.1875
932310.25
841206.375
764605.75
700810.625
644134.6875
592372.625
551528.9375
517503.84375
484141.71875
452470.1875
425047.0625
400602.875
376682.78125
351519.53125
328805.375
309059.25
290665.5625
271861.28125
253215.46875
237483
223350.890625
209132.59375
195015.71875
183327.859375
172140.140625
160997.625
151012.921875
142007.59375
133219.640625
124895.1171875
117103.1953125
110092.1640625
103313.765625
97501.765625
92518.53125
1570015.625
1400476.125
1247206.5
1119578.125
1008535.8125
906957.5625
822278.5625
748919.8125
687738.8125
635421.25
587628
549076.875
516608.6875
484361.46875
453459.21875
426437
401975.375
377573.5
352235.59375
329524.875
309671.40625
290986
271610.1875
253031.71875
237315.21875
223020.3125
208479.875
194457.0625
182688.28125
171383.140625
160305.875
150222.984375
141156.953125
132478.984375
124156.8046875
116302.15625
109352.9140625
102647.0390625
96885.1640625
92026.328125
1542596.125
1368558.75
1215844.375
1092490.875
982729.9375
882904.8125
802693.75
735679.75
676929.75
627981.875
583953.875
547621.875
516237.34375
484681.5
454320.96875
427555.5
402950.34375
378044.21875
352570.28125
329872.1875
309929.96875
290988.34375
271129.28125
252689.90625
237027.75
222583.734375
207636.140625
193900.90625
182069.421875
170521.59375
159556.1875
149549.609375
140338.21875
131684.703125
123468.640625
115584.3125
108635.6015625
101995.4609375
96327.875
91626.984375
1514425.5
1336795.875
1184154.75
1065529.75
958667.375
860585
784829.375
723028.3125
668227.625
622165.4375
581253.3125
546929.875
516228.03125
485013.3125
455074.875
428488.8125
403607.5
378019.875
352592.03125
330051.46875
310048.21875
290683.09375
270375.71875
252308.890625
236768.390625
222064.6875
206656.984375
193328.203125
181451.046875
169731.890625
158749.875
148879.015625
139649.921875
130920.734375
122782.8125
114935.4609375
107982.8515625
101385.53125
95833.3984375
91347.8984375
1485499
1305217.75
1152805
1038317.6875
936441.6875
840322.3125
768574.5625
711402.875
661271.1875
618011.75
579317.6875
546407.25
516353.34375
485471.65625
455582.875
428883.15625
403746.21875
377850.3125
352464.09375
329962.3125
309852.25
290030.40625
269656.3125
252001.203125
236477.09375
221030.390625
206034.59375
192697.453125
180694.59375
169042.71875
158001.953125
148134.84375
139008.46875
130248.796875
122097.6875
114309.6484375
107394.5625
100816.375
95397.9140625
91216.765625
1455626.375
1274375.5
1122262.625
1011645.625
915346.5625
821744.375
753287.125
701968.5625
655911.6875
614741
578021.5625
546398.625
516494.4375
485625.34375
455834.96875
429044.34375
403592.375
377464.375
352164.125
329762.96875
309470.78125
289041.78125
269176.1875
251713.703125
235618.5
220249.828125
205428.796875
192021.234375
179928.546875
168339.734375
157365.703125
147455.09375
138335.59375
129652.171875
121494.8671875
113699.9921875
106858.0625
100317.8046875
95035.8203125
91282.09375
1424601.25
1243387
1093479.375
986647.8125
894579.75
805069.4375
740104.9375
693491.5
652044.375
612780.4375
577186
546037.4375
516601.03125
485967.15625
455801.4375
428551.65625
403107.53125
377408.28125
351798.5625
329019.625
308715.09375
288715.84375
268500.96875
250934.6875
235060.796875
219548.734375
204666.9375
191407.109375
179283.640625
167592.5625
156695.640625
146881.140625
137709.96875
129024.0546875
120930.625
113169.890625
106331.5625
99856.5546875
94756.875
91602.859375
1393146.625
1212596.75
1065612.25
962590.375
875601.75
790090.5625
728925.1875
686331.0625
648525
612073.3125
576755.375
545504.875
516154.4375
486397.84375
455739.46875
427751.46875
402197.59375
377235.25
351558.125
328141.0625
307636.46875
288225.34375
268184.375
249824.734375
234241.375
219072.78125
203928.640625
190721.4375
178674.828125
166929.671875
156073.65625
146305.265625
137126.109375
128467.2734375
120417.625
112669.9453125
105861.453125
99443.7265625
94607.015625
92471.3984375
1361238.25
1181929.75
1039527.4375
940581.5625
857471.4375
776331.375
719682.1875
680924.75
645841.4375
611850.4375
576609.0625
544998.6875
515566.03125
486271.71875
455710.6875
427056.21875
401215.75
376466.40625
351463.84375
327468.03125
306734.875
287320.0625
267739.9375
249218.984375
233580.09375
218301
203268.359375
190103.765625
178009.21875
166286.96875
155483.5625
145745.421875
136559.546875
127939.28125
119924.125
112205.765625
105416.5625
99066.6796875
94573.765625
93430.6328125
1329058.25
1151790.875
1014986.75
919951.6875
840601.6875
764117.8125
712020.8125
676803.4375
644086.0625
611472.4375
576455.5
544460.4375
514853.21875
485530.8125
455551.28125
426302.75
400202.375
375482.5
351031.90625
326734.3125
305821.0625
286474.4375
267086.875
248510.90625
232863.546875
217625.078125
202603.84375
189515
177424.140625
165741.828125
154944.59375
145248.59375
136064.90625
127496.7578125
119475.921875
111775.4453125
105015.8359375
98739.515625
94657.3203125
94695.3984375
1296844.625
1122168.625
992384.625
901404.75
824996.8125
753130.25
705987.75
673937.6875
643053.0625
610961.1875
576508.5625
543967.6875
514163.84375
484814.84375
455218.59375
425672.96875
399386.21875
374730.375
350460.9375
326094.6875
305089.125
285749.15625
266298.4375
247939.609375
232110.1875
216953.125
201909.65625
188864.78125
176763.296875
165176.96875
154312.5625
144726.640625
135547.71875
127060.328125
119022.359375
111425.765625
104680.421875
98499.9921875
95025.3203125
96378.953125
1264491.5
1093338.125
971619.1875
884277.0625
810233.4375
743237.125
701352.3125
672089.875
642407.9375
610399.25
575975.8125
543248.0625
513347.625
483919.84375
454297.6875
424724.40625
398442.9375
373771.25
349518.4375
325238.71875
304322.90625
285065.5
265515.125
247426.65625
231457
216436.953125
201496.1875
188463.984375
176275.578125
164869.125
153937.96875
144373.203125
135090.515625
126695.796875
118542.1640625
111016.890625
104188.3046875
98261.0546875
95871.5859375
99523.765625
1232496
1065494.25
953365
869081
796717.1875
734566
697943.0625
670966.6875
641996.9375
610102.1875
575674.0625
542696.3125
512697.46875
483366.75
453684.59375
424072.34375
397834.375
373302.625
348731.03125
324598.03125
303852
284222.6875
264540.15625
246693.953125
230655.6875
215459.984375
200787.53125
187694.875
175525.234375
164124.28125
153395.90625
143778.53125
134644.28125
126273.328125
118255.125
110745.7421875
104084.2578125
98354.2265625
96880.84375
104119.375
1199758.5
1036942.375
936038.25
853624.6875
782057.125
726436.6875
695698.125
670532.5625
641645.9375
609239.5
574460.8125
541919.875
511987.96875
482331.59375
451883.0625
423257.46875
397269.28125
372065.03125
347268.59375
324076.59375
303093.25
283275.59375
263947.40625
246189
230093.390625
214874.484375
200354.171875
187225.375
175067.625
163653.796875
152989
143318.171875
134219.234375
125813.078125
117848.5
110319.5078125
103751.6171875
98168.8203125
97927.4453125
108180.390625
1168432.625
1010134.25
921132.4375
839828.1875
769370.0625
721154.625
695301.75
670940.9375
641758.3125
608916.4375
574087.8125
541484.1875
511115.03125
481144.8125
450949.3125
422282.0625
395983.59375
370793.28125
346044
322787.15625
301765.34375
281910.84375
262597.5625
244886.65625
228799.234375
213576.03125
199137.25
186046.0625
173924.859375
162544.828125
151961.03125
142316.25
133278.8125
124901.3828125
117010.296875
109524.7265625
103003.6953125
97558.8515625
98800.09375
113242.484375
1120383.375
968691
905012.375
821066.4375
750820.125
713530.0625
694930.125
670797.25
640304.5
606760.9375
571396.1875
538531.5625
507971.375
477863.09375
447534.4375
418770.65625
392544.6875
367414.75
342638.84375
319402.625
298564.8125
278829.875
259535.3125
241974.28125
226063.78125
210951.671875
196612.828125
183691.953125
171705.046875
160440.71875
149984.46875
140475.546875
131547.703125
123279.6015625
115493.109375
108110.765625
101644.7109375
96018.203125
99425.2109375
121312.203125
)
;

boundaryField
{
    inlet
    {
        type            fixedValue;
        value           uniform 2.7035e+06;
    }
    outlet
    {
        type            waveTransmissive;
        psi             psi;
        gamma           1.2;
        fieldInf        101325;
        lInf            0.0693549;
        value           nonuniform List<scalar> 
28
(
77633.2
92221
93463.1
95645.2
95611.9
95656.3
95181.2
94658.9
94002
93357.4
92692.9
92124.1
91564.4
91025.4
90555.7
90211.2
90001.8
90038.3
90343.5
90917.3
91884.6
93502.8
95655.8
97958.9
100486
104074
110031
120766
)
;
    }
    fluid_to_graphite
    {
        type            zeroGradient;
    }
    wedgeBack
    {
        type            wedge;
    }
    wedgeFront
    {
        type            wedge;
    }
    defaultFaces
    {
        type            empty;
    }
}


                                                                               
