                                                                               
                             
                                                                   
                                                            
                                          
                             
                                                                               
FoamFile
{
    format          ascii;
    class           volScalarField;
    location        1 / fluid;
    object          rho;
}
                                                                               

dimensions      [ 1 -3 0 0 0 0 0 ];

internalField   nonuniform List<scalar> 
4592
(
2.9428515434265137
2.9427421092987061
2.9426505565643311
2.9424283504486084
2.9423477649688721
2.9422512054443359
2.942124605178833
2.9420149326324463
2.9419167041778564
2.9418501853942871
2.9417855739593506
2.9417622089385986
2.9416768550872803
2.941601037979126
2.9415102005004883
2.941403865814209
2.9413313865661621
2.9412567615509033
2.9411797523498535
2.9411139488220215
2.9410378932952881
2.9409661293029785
2.9409046173095703
2.9408354759216309
2.9407505989074707
2.9406728744506836
2.9406068325042725
2.940544605255127
2.9404881000518799
2.9404315948486328
2.940375804901123
2.9403221607208252
2.9428503513336182
2.942741870880127
2.9426462650299072
2.9424362182617188
2.9423501491546631
2.9422407150268555
2.9421162605285645
2.9419956207275391
2.9418830871582031
2.9418115615844727
2.9417450428009033
2.9417216777801514
2.9416449069976807
2.9415631294250488
2.941462516784668
2.9413559436798096
2.9412801265716553
2.9412100315093994
2.9411475658416748
2.9410820007324219
2.9410009384155273
2.9409241676330566
2.9408559799194336
2.9407882690429688
2.9407045841217041
2.9406147003173828
2.9405381679534912
2.9404730796813965
2.9404189586639404
2.9403591156005859
2.940291166305542
2.9402289390563965
2.9428575038909912
2.9427483081817627
2.942641019821167
2.942434549331665
2.9423348903656006
2.9422359466552734
2.942115306854248
2.9419722557067871
2.9418697357177734
2.9417974948883057
2.9417283535003662
2.9417059421539307
2.9416244029998779
2.9415543079376221
2.9414780139923096
2.9413833618164062
2.9413125514984131
2.9412412643432617
2.9411759376525879
2.9411141872406006
2.9410343170166016
2.9409472942352295
2.9408829212188721
2.9408228397369385
2.9407565593719482
2.9406719207763672
2.9405848979949951
2.9405200481414795
2.9404664039611816
2.9404067993164062
2.940342903137207
2.9402811527252197
2.942861795425415
2.942756175994873
2.9426407814025879
2.9424581527709961
2.9423391819000244
2.9422407150268555
2.9421188831329346
2.9419779777526855
2.9418728351593018
2.9417972564697266
2.9417324066162109
2.941704273223877
2.9416284561157227
2.9415595531463623
2.9414844512939453
2.9413962364196777
2.9413313865661621
2.9412636756896973
2.9411993026733398
2.9411346912384033
2.9410581588745117
2.9409596920013428
2.9408817291259766
2.9408102035522461
2.9407417774200439
2.9406754970550537
2.9405989646911621
2.9405331611633301
2.9404802322387695
2.9404239654541016
2.9403645992279053
2.9402999877929688
2.9428606033325195
2.9427673816680908
2.94264817237854
2.9424631595611572
2.9423372745513916
2.9422512054443359
2.9421255588531494
2.9420015811920166
2.9419040679931641
2.9418313503265381
2.9417643547058105
2.9417343139648438
2.9416563510894775
2.9415855407714844
2.9415102005004883
2.9414281845092773
2.941373348236084
2.9413001537322998
2.9412209987640381
2.9411535263061523
2.9410805702209473
2.9409949779510498
2.9409074783325195
2.9408385753631592
2.9407763481140137
2.9407172203063965
2.9406518936157227
2.940589427947998
2.9405367374420166
2.9404873847961426
2.9404315948486328
2.9403665065765381
2.9428658485412598
2.9427728652954102
2.9426496028900146
2.9424622058868408
2.9423174858093262
2.9422485828399658
2.9421212673187256
2.9420123100280762
2.9419155120849609
2.941838264465332
2.9417765140533447
2.9417524337768555
2.9416673183441162
2.9415960311889648
2.9415271282196045
2.9414501190185547
2.94138503074646
2.941317081451416
2.9412336349487305
2.9411675930023193
2.9410953521728516
2.9410033226013184
2.940922737121582
2.9408600330352783
2.9408004283905029
2.9407444000244141
2.9406790733337402
2.9406161308288574
2.9405598640441895
2.9405214786529541
2.9404690265655518
2.9404017925262451
2.9428718090057373
2.9427824020385742
2.9426462650299072
2.9424610137939453
2.942324161529541
2.9422450065612793
2.9421188831329346
2.9420228004455566
2.9419176578521729
2.9418413639068604
2.9417850971221924
2.9417533874511719
2.9416704177856445
2.9416046142578125
2.9415452480316162
2.9414646625518799
2.9414029121398926
2.941333532333374
2.941253662109375
2.9411897659301758
2.9411137104034424
2.9410276412963867
2.9409317970275879
2.9408636093139648
2.9408056735992432
2.9407498836517334
2.940699577331543
2.9406471252441406
2.9405992031097412
2.9405484199523926
2.9404969215393066
2.9404354095458984
2.9428756237030029
2.9427881240844727
2.9426543712615967
2.9424796104431152
2.9423332214355469
2.9422409534454346
2.9421162605285645
2.9420139789581299
2.9419188499450684
2.9418430328369141
2.9417860507965088
2.9417567253112793
2.9416754245758057
2.9416117668151855
2.9415507316589355
2.9414718151092529
2.9414010047912598
2.9413349628448486
2.9412631988525391
2.9411945343017578
2.9411277770996094
2.9410474300384521
2.9409663677215576
2.9408934116363525
2.9408295154571533
2.9407660961151123
2.9407098293304443
2.9406633377075195
2.9406161308288574
2.9405615329742432
2.9405121803283691
2.9404635429382324
2.9428794384002686
2.9427964687347412
2.9426589012145996
2.9424850940704346
2.94234299659729
2.9422404766082764
2.9421164989471436
2.9420185089111328
2.9419221878051758
2.9418480396270752
2.9417827129364014
2.9417524337768555
2.9416873455047607
2.9416224956512451
2.9415609836578369
2.9414634704589844
2.9413926601409912
2.9413316249847412
2.9412639141082764
2.9411995410919189
2.9411282539367676
2.9410603046417236
2.9409904479980469
2.9409165382385254
2.9408516883850098
2.9407889842987061
2.9407377243041992
2.9407010078430176
2.9406569004058838
2.9406013488769531
2.9405560493469238
2.9405117034912109
2.9428849220275879
2.942802906036377
2.9426624774932861
2.9424891471862793
2.942349910736084
2.9422414302825928
2.9421186447143555
2.9420192241668701
2.9419293403625488
2.9418501853942871
2.9417881965637207
2.941756010055542
2.9416978359222412
2.9416317939758301
2.9415657520294189
2.941472053527832
2.9414033889770508
2.9413514137268066
2.9412875175476074
2.9412124156951904
2.9411435127258301
2.9410812854766846
2.9410076141357422
2.9409337043762207
2.9408650398254395
2.9408061504364014
2.9407603740692139
2.9407336711883545
2.9406962394714355
2.9406468868255615
2.9406077861785889
2.9405701160430908
2.9428877830505371
2.9428033828735352
2.9426743984222412
2.9424872398376465
2.9423491954803467
2.9422392845153809
2.9421181678771973
2.9420168399810791
2.9419200420379639
2.9418463706970215
2.9417872428894043
2.9417541027069092
2.9416911602020264
2.9416298866271973
2.9415688514709473
2.9414818286895752
2.941411018371582
2.9413623809814453
2.9413092136383057
2.9412281513214111
2.9411582946777344
2.9410884380340576
2.9410228729248047
2.9409537315368652
2.940882682800293
2.9408342838287354
2.940791130065918
2.940762996673584
2.9407243728637695
2.9406847953796387
2.9406423568725586
2.9405965805053711
2.9428908824920654
2.9428079128265381
2.9426774978637695
2.9424874782562256
2.9423542022705078
2.9422445297241211
2.9421234130859375
2.9420247077941895
2.9419317245483398
2.9418540000915527
2.9417963027954102
2.9417579174041748
2.9416928291320801
2.9416370391845703
2.9415812492370605
2.941497802734375
2.9414308071136475
2.9413795471191406
2.9413278102874756
2.941246509552002
2.9411675930023193
2.9410974979400635
2.9410312175750732
2.940969705581665
2.9409024715423584
2.9408540725708008
2.9408142566680908
2.9407863616943359
2.9407601356506348
2.9407234191894531
2.9406788349151611
2.9406383037567139
2.94289231300354
2.9428114891052246
2.9426822662353516
2.9424912929534912
2.9423582553863525
2.9422430992126465
2.9421243667602539
2.9420242309570312
2.9419374465942383
2.941856861114502
2.9418027400970459
2.9417638778686523
2.9416964054107666
2.9416401386260986
2.9415891170501709
2.9415111541748047
2.9414536952972412
2.941408634185791
2.9413471221923828
2.9412708282470703
2.9412047863006592
2.9411270618438721
2.9410550594329834
2.9409842491149902
2.9409193992614746
2.9408771991729736
2.9408419132232666
2.9408235549926758
2.9408047199249268
2.9407680034637451
2.9407241344451904
2.9406869411468506
2.942896842956543
2.9428164958953857
2.9426865577697754
2.9424939155578613
2.9423565864562988
2.9422461986541748
2.9421286582946777
2.9420261383056641
2.9419379234313965
2.9418535232543945
2.9418003559112549
2.9417679309844971
2.9416983127593994
2.9416482448577881
2.941603422164917
2.9415318965911865
2.9414634704589844
2.9414279460906982
2.9413695335388184
2.9412975311279297
2.9412300586700439
2.9411487579345703
2.9410800933837891
2.9409995079040527
2.9409501552581787
2.9409148693084717
2.9408824443817139
2.9408681392669678
2.9408502578735352
2.9408137798309326
2.9407687187194824
2.9407315254211426
2.942899227142334
2.9428203105926514
2.9426872730255127
2.9424986839294434
2.9423620700836182
2.9422516822814941
2.9421381950378418
2.9420292377471924
2.9419360160827637
2.9418542385101318
2.9417996406555176
2.9417717456817627
2.9417057037353516
2.941662073135376
2.9416208267211914
2.941537618637085
2.9414701461791992
2.9414336681365967
2.941380500793457
2.9413115978240967
2.9412469863891602
2.9411680698394775
2.9410889148712158
2.941035270690918
2.9409945011138916
2.9409592151641846
2.9409265518188477
2.9409093856811523
2.9408860206604004
2.9408614635467529
2.9408202171325684
2.9407868385314941
2.9429013729095459
2.9428219795227051
2.9426960945129395
2.942502498626709
2.942368745803833
2.9422521591186523
2.9421398639678955
2.9420318603515625
2.941943883895874
2.941864013671875
2.9418106079101562
2.9417779445648193
2.9417181015014648
2.9416708946228027
2.9416258335113525
2.9415555000305176
2.9414849281311035
2.9414491653442383
2.9414069652557373
2.9413442611694336
2.9412810802459717
2.9411969184875488
2.941119909286499
2.9410727024078369
2.9410297870635986
2.9409928321838379
2.9409642219543457
2.9409456253051758
2.9409201145172119
2.9409003257751465
2.940871000289917
2.9408419132232666
2.9429035186767578
2.9428236484527588
2.9426977634429932
2.9425017833709717
2.9423584938049316
2.9422519207000732
2.9421403408050537
2.9420406818389893
2.9419574737548828
2.9418759346008301
2.9418187141418457
2.9417908191680908
2.9417374134063721
2.941692590713501
2.9416463375091553
2.9415757656097412
2.9415016174316406
2.9414632320404053
2.941420316696167
2.941359281539917
2.9413018226623535
2.9412109851837158
2.9411449432373047
2.9410991668701172
2.9410529136657715
2.9410204887390137
2.940990686416626
2.9409711360931396
2.9409575462341309
2.9409580230712891
2.9409193992614746
2.9408831596374512
2.9429049491882324
2.9428243637084961
2.9427042007446289
2.9424984455108643
2.9423561096191406
2.9422430992126465
2.942138671875
2.9420516490936279
2.9419624805450439
2.9418826103210449
2.9418251514434814
2.9417870044708252
2.9417481422424316
2.9417059421539307
2.9416642189025879
2.941591739654541
2.9415178298950195
2.941476583480835
2.9414329528808594
2.9413676261901855
2.9413065910339355
2.9412293434143066
2.9411792755126953
2.9411342144012451
2.941087007522583
2.9410429000854492
2.941011905670166
2.940997838973999
2.9410004615783691
2.9410014152526855
2.940955638885498
2.9409215450286865
2.9429078102111816
2.9428253173828125
2.942713737487793
2.9425017833709717
2.9423704147338867
2.9422464370727539
2.9421443939208984
2.9420688152313232
2.941983699798584
2.9418911933898926
2.9418323040008545
2.9418015480041504
2.9417545795440674
2.9417238235473633
2.9416830539703369
2.9416062831878662
2.9415347576141357
2.9414956569671631
2.9414520263671875
2.9413771629333496
2.9413065910339355
2.9412374496459961
2.9411931037902832
2.9411506652832031
2.9411075115203857
2.9410665035247803
2.9410398006439209
2.9410457611083984
2.9410510063171387
2.941037654876709
2.9409923553466797
2.9409675598144531
2.9429080486297607
2.9428310394287109
2.9427103996276855
2.9425015449523926
2.9423654079437256
2.9422488212585449
2.942150354385376
2.9420781135559082
2.9419929981231689
2.9418990612030029
2.9418478012084961
2.9418094158172607
2.941758394241333
2.9417250156402588
2.9416863918304443
2.9416112899780273
2.9415433406829834
2.9415113925933838
2.9414706230163574
2.9413869380950928
2.9413142204284668
2.9412574768066406
2.941209077835083
2.9411675930023193
2.9411153793334961
2.9410836696624756
2.9410662651062012
2.9410855770111084
2.941084623336792
2.9410767555236816
2.9410290718078613
2.9410078525543213
2.9429121017456055
2.9428322315216064
2.9427142143249512
2.9425048828125
2.9423656463623047
2.9422488212585449
2.9421522617340088
2.9420883655548096
2.9420018196105957
2.9419155120849609
2.9418661594390869
2.9418196678161621
2.9417672157287598
2.9417324066162109
2.9416911602020264
2.9416131973266602
2.9415469169616699
2.9415154457092285
2.9414706230163574
2.9413943290710449
2.9413309097290039
2.9412655830383301
2.941215991973877
2.9411721229553223
2.9411213397979736
2.941098690032959
2.9410905838012695
2.9411189556121826
2.9411106109619141
2.941105842590332
2.9410486221313477
2.9410443305969238
2.9429111480712891
2.9428339004516602
2.942713737487793
2.9425070285797119
2.9423785209655762
2.9422605037689209
2.9421658515930176
2.942086935043335
2.942002534866333
2.9419217109680176
2.9418609142303467
2.941821813583374
2.9417669773101807
2.9417238235473633
2.9416866302490234
2.9416186809539795
2.9415562152862549
2.9415214061737061
2.9414751529693604
2.9414031505584717
2.9413435459136963
2.9412786960601807
2.9412243366241455
2.941176176071167
2.9411249160766602
2.9411110877990723
2.9411170482635498
2.9411404132843018
2.9411287307739258
2.9411330223083496
2.9410858154296875
2.9410867691040039
2.9429118633270264
2.9428374767303467
2.9427115917205811
2.9425179958343506
2.9423773288726807
2.9422726631164551
2.9421768188476562
2.9420928955078125
2.9420077800750732
2.9419257640838623
2.9418618679046631
2.9418404102325439
2.9417765140533447
2.9417309761047363
2.9416923522949219
2.9416320323944092
2.9415695667266846
2.9415352344512939
2.9414801597595215
2.9414060115814209
2.9413313865661621
2.9412682056427002
2.9412212371826172
2.9411683082580566
2.9411377906799316
2.9411325454711914
2.9411394596099854
2.9411735534667969
2.9411604404449463
2.9411683082580566
2.9411215782165527
2.9411249160766602
2.9429123401641846
2.942854642868042
2.9427170753479004
2.9425163269042969
2.9423813819885254
2.9422645568847656
2.9421732425689697
2.9421036243438721
2.9420192241668701
2.941927433013916
2.9418737888336182
2.9418349266052246
2.9417805671691895
2.9417486190795898
2.9417080879211426
2.9416377544403076
2.9415657520294189
2.9415357112884521
2.9414849281311035
2.9413936138153076
2.9413297176361084
2.9412569999694824
2.9412052631378174
2.9411759376525879
2.9411561489105225
2.9411532878875732
2.9411592483520508
2.9411864280700684
2.9411771297454834
2.9411928653717041
2.9411411285400391
2.9411380290985107
2.9429163932800293
2.9428846836090088
2.9427073001861572
2.9425168037414551
2.9423954486846924
2.9422693252563477
2.9421765804290771
2.9421172142028809
2.9420316219329834
2.9419410228729248
2.9418718814849854
2.9418473243713379
2.9417874813079834
2.9417650699615479
2.9417319297790527
2.9416534900665283
2.9415667057037354
2.941530704498291
2.941481351852417
2.941389799118042
2.9413270950317383
2.9412508010864258
2.9412140846252441
2.9411940574645996
2.94118332862854
2.9411885738372803
2.9411919116973877
2.9412095546722412
2.9411923885345459
2.9412004947662354
2.9411246776580811
2.94110107421875
2.9429185390472412
2.9428753852844238
2.9427223205566406
2.9425036907196045
2.9423682689666748
2.9422626495361328
2.9421768188476562
2.9421143531799316
2.9420278072357178
2.941941499710083
2.9418659210205078
2.9418294429779053
2.9417762756347656
2.9417786598205566
2.9417448043823242
2.9416756629943848
2.9415614604949951
2.9414980411529541
2.9414308071136475
2.9413349628448486
2.941272497177124
2.9412319660186768
2.9412107467651367
2.9412209987640381
2.9412055015563965
2.9412078857421875
2.9411990642547607
2.9412071704864502
2.9411814212799072
2.9411873817443848
2.9411027431488037
2.9410650730133057
2.9429278373718262
2.942857027053833
2.942734956741333
2.9424879550933838
2.9423542022705078
2.9422512054443359
2.9421758651733398
2.9421305656433105
2.9420449733734131
2.941946268081665
2.9418754577636719
2.9418325424194336
2.9418015480041504
2.9417834281921387
2.9417405128479004
2.9416594505310059
2.9415278434753418
2.9414498805999756
2.9413714408874512
2.9412863254547119
2.941251277923584
2.9412286281585693
2.941241979598999
2.9412484169006348
2.9412357807159424
2.9412376880645752
2.9412169456481934
2.941209077835083
2.9411575794219971
2.9411606788635254
2.9410521984100342
2.9410388469696045
2.9429230690002441
2.9428496360778809
2.9427077770233154
2.9424686431884766
2.9423427581787109
2.9422228336334229
2.9421336650848389
2.9421017169952393
2.942000150680542
2.941899299621582
2.9418458938598633
2.9418222904205322
2.9417829513549805
2.9417321681976318
2.9416477680206299
2.9415218830108643
2.9414486885070801
2.9413876533508301
2.941319465637207
2.9412734508514404
2.9412581920623779
2.9412481784820557
2.9412531852722168
2.9412550926208496
2.9412503242492676
2.941239595413208
2.9411947727203369
2.9411449432373047
2.9410924911499023
2.9410808086395264
2.9409592151641846
2.9410018920898438
2.9402725696563721
2.9402382373809814
2.940211296081543
2.9401698112487793
2.9401488304138184
2.9401099681854248
2.9400777816772461
2.940037727355957
2.939995288848877
2.9399406909942627
2.9398970603942871
2.939831018447876
2.9397611618041992
2.9396789073944092
2.9396066665649414
2.9395303726196289
2.9394369125366211
2.9393465518951416
2.9392538070678711
2.9391653537750244
2.9390766620635986
2.938992977142334
2.938896656036377
2.9388113021850586
2.9387192726135254
2.9385979175567627
2.9384839534759521
2.9383411407470703
2.9381976127624512
2.938056468963623
2.9379239082336426
2.9377853870391846
2.9376332759857178
2.9374797344207764
2.9372894763946533
2.9370937347412109
2.9368896484375
2.9366686344146729
2.9364387989044189
2.9362037181854248
2.9359281063079834
2.9356539249420166
2.9353351593017578
2.9350228309631348
2.9347217082977295
2.9343481063842773
2.9340023994445801
2.9335665702819824
2.9331150054931641
2.9326331615447998
2.9320778846740723
2.9315574169158936
2.9308974742889404
2.9302616119384766
2.9295125007629395
2.9287383556365967
2.9278607368469238
2.9269065856933594
2.9258432388305664
2.9246349334716797
2.9233424663543701
2.9219295978546143
2.9203341007232666
2.9185378551483154
2.9166011810302734
2.9143726825714111
2.911970853805542
2.9091501235961914
2.9060928821563721
2.9025750160217285
2.8986694812774658
2.8941974639892578
2.8890905380249023
2.8832926750183105
2.8767397403717041
2.8690698146820068
2.8602409362792969
2.8498580455780029
2.8377528190612793
2.8234708309173584
2.8066930770874023
2.7869834899902344
2.7636516094207764
2.7392477989196777
2.7051372528076172
2.6639397144317627
2.61643385887146
2.5628080368041992
2.5020139217376709
2.4260056018829346
2.3341460227966309
2.2302031517028809
2.9401774406433105
2.9401547908782959
2.9401311874389648
2.9400863647460938
2.9400367736816406
2.9399936199188232
2.9399573802947998
2.9399080276489258
2.9398574829101562
2.939786434173584
2.9397327899932861
2.939659595489502
2.9395923614501953
2.939507007598877
2.9394257068634033
2.9393484592437744
2.9392483234405518
2.9391489028930664
2.9390480518341064
2.9389584064483643
2.9388613700866699
2.9387667179107666
2.9386601448059082
2.9385576248168945
2.9384615421295166
2.9383308887481689
2.9381983280181885
2.9380450248718262
2.9378900527954102
2.9377341270446777
2.9375708103179932
2.9374160766601562
2.9372513294219971
2.9370632171630859
2.9368586540222168
2.9366445541381836
2.936413049697876
2.9361579418182373
2.9359009265899658
2.9356474876403809
2.9353423118591309
2.9350306987762451
2.9346752166748047
2.9343311786651611
2.9339592456817627
2.9335746765136719
2.9331221580505371
2.9326467514038086
2.9321181774139404
2.9315824508666992
2.9309604167938232
2.9303407669067383
2.9296510219573975
2.928861141204834
2.9280576705932617
2.9272263050079346
2.9261853694915771
2.9251289367675781
2.9239237308502197
2.9226305484771729
2.9211142063140869
2.9195036888122559
2.9177265167236328
2.9157474040985107
2.9135503768920898
2.9110631942749023
2.9083309173583984
2.9053230285644531
2.9018895626068115
2.8980050086975098
2.8936395645141602
2.8887081146240234
2.8830661773681641
2.8766870498657227
2.8693552017211914
2.861013650894165
2.8512027263641357
2.8398101329803467
2.8264298439025879
2.8108575344085693
2.7926836013793945
2.7715795040130615
2.7470073699951172
2.7213163375854492
2.6843810081481934
2.6411144733428955
2.5925235748291016
2.5382413864135742
2.4763143062591553
2.3982141017913818
2.3058938980102539
2.2038297653198242
2.9402294158935547
2.9401900768280029
2.9401683807373047
2.9401178359985352
2.9400646686553955
2.9400346279144287
2.939995288848877
2.9399375915527344
2.9398980140686035
2.9397995471954346
2.9397487640380859
2.9396698474884033
2.9396200180053711
2.9395267963409424
2.9394373893737793
2.9393613338470459
2.9392662048339844
2.9391663074493408
2.9390664100646973
2.9389822483062744
2.9388906955718994
2.9387800693511963
2.9386684894561768
2.9385688304901123
2.9384768009185791
2.938352108001709
2.938220739364624
2.9380755424499512
2.9379370212554932
2.937786340713501
2.9376180171966553
2.9374592304229736
2.9372999668121338
2.9371087551116943
2.9369022846221924
2.9367036819458008
2.9364645481109619
2.9362218379974365
2.9359660148620605
2.9357004165649414
2.9354090690612793
2.9350898265838623
2.9347403049468994
2.934412956237793
2.9340181350708008
2.9336276054382324
2.9331750869750977
2.9327051639556885
2.932208776473999
2.9316651821136475
2.9310624599456787
2.9304306507110596
2.9297003746032715
2.9289991855621338
2.928131103515625
2.9272716045379639
2.926276683807373
2.9252347946166992
2.9239673614501953
2.9227159023284912
2.9212307929992676
2.9196445941925049
2.9178266525268555
2.9158546924591064
2.9136373996734619
2.9112105369567871
2.9084877967834473
2.9054253101348877
2.9019234180450439
2.8980984687805176
2.8936867713928223
2.8887567520141602
2.8831374645233154
2.8767082691192627
2.8694226741790771
2.8610038757324219
2.8511407375335693
2.8396077156066895
2.8260676860809326
2.8102576732635498
2.7918765544891357
2.7705631256103516
2.74574875831604
2.7208795547485352
2.6825859546661377
2.6384155750274658
2.5896058082580566
2.5356485843658447
2.4739794731140137
2.3942837715148926
2.3001439571380615
2.1972081661224365
2.9402515888214111
2.9402227401733398
2.9401919841766357
2.9401602745056152
2.9401040077209473
2.9400784969329834
2.9400308132171631
2.9399688243865967
2.9399182796478271
2.9398036003112793
2.9397604465484619
2.9396796226501465
2.9396321773529053
2.9395461082458496
2.9394600391387939
2.9393658638000488
2.9392828941345215
2.939180850982666
2.9390759468078613
2.9389810562133789
2.9388782978057861
2.9387781620025635
2.9386641979217529
2.9385650157928467
2.9384636878967285
2.9383621215820312
2.9382383823394775
2.9380934238433838
2.9379465579986572
2.9377853870391846
2.9376137256622314
2.9374454021453857
2.9372727870941162
2.9370930194854736
2.936892032623291
2.9367008209228516
2.9364609718322754
2.9362237453460693
2.9359540939331055
2.9356913566589355
2.9353861808776855
2.9350850582122803
2.9347348213195801
2.9344062805175781
2.934009313583374
2.9336133003234863
2.9331703186035156
2.9326956272125244
2.9321808815002441
2.9316661357879639
2.9310483932495117
2.9304523468017578
2.9297337532043457
2.9290030002593994
2.9281380176544189
2.9272844791412354
2.9262933731079102
2.9252603054046631
2.9240314960479736
2.9227731227874756
2.9212923049926758
2.9197185039520264
2.9179165363311768
2.9159591197967529
2.913743257522583
2.9113330841064453
2.908585786819458
2.9055497646331787
2.9021024703979492
2.898282527923584
2.8938755989074707
2.8889608383178711
2.8833127021789551
2.876920223236084
2.8696238994598389
2.8612236976623535
2.8513047695159912
2.8396737575531006
2.8259813785552979
2.8100385665893555
2.7914409637451172
2.7699270248413086
2.7448482513427734
2.7209234237670898
2.6810808181762695
2.6355752944946289
2.5861244201660156
2.5320563316345215
2.4702093601226807
2.3880832195281982
2.2911050319671631
2.1863031387329102
2.9403157234191895
2.9402718544006348
2.9402470588684082
2.9401977062225342
2.9401464462280273
2.9401226043701172
2.9400713443756104
2.9400050640106201
2.9399552345275879
2.9398336410522461
2.9397947788238525
2.939708948135376
2.9396567344665527
2.9395906925201416
2.9395086765289307
2.9394090175628662
2.9393265247344971
2.9392237663269043
2.9391238689422607
2.9390199184417725
2.9389142990112305
2.9388144016265869
2.9386992454528809
2.9385957717895508
2.9385087490081787
2.9384236335754395
2.9383165836334229
2.9381818771362305
2.9380364418029785
2.9378650188446045
2.9376986026763916
2.9375348091125488
2.9373669624328613
2.937183141708374
2.9370012283325195
2.9367988109588623
2.9365701675415039
2.9363420009613037
2.9360718727111816
2.9358060359954834
2.935509204864502
2.9352219104766846
2.9348828792572021
2.9345519542694092
2.9341645240783691
2.9337852001190186
2.9333517551422119
2.9329166412353516
2.9323937892913818
2.9318797588348389
2.931286096572876
2.9306838512420654
2.9300162792205811
2.9292569160461426
2.928452730178833
2.9275896549224854
2.9266026020050049
2.9255757331848145
2.9244046211242676
2.9231340885162354
2.9217133522033691
2.9201812744140625
2.9184067249298096
2.9165074825286865
2.9142887592315674
2.911942720413208
2.9092273712158203
2.9062495231628418
2.9028422832489014
2.899085521697998
2.8947737216949463
2.8899075984954834
2.8843450546264648
2.8780126571655273
2.8708341121673584
2.8625307083129883
2.8526656627655029
2.8410801887512207
2.827387809753418
2.811387300491333
2.7926785945892334
2.7710886001586914
2.7458491325378418
2.7230191230773926
2.6817665100097656
2.6349377632141113
2.5848293304443359
2.5305933952331543
2.468590259552002
2.3837950229644775
2.2835631370544434
2.1763460636138916
2.940352201461792
2.9403159618377686
2.9402868747711182
2.9402334690093994
2.9401700496673584
2.9401464462280273
2.9401125907897949
2.9400398731231689
2.9399850368499756
2.9398655891418457
2.9398338794708252
2.9397456645965576
2.9397017955780029
2.939612865447998
2.9395291805267334
2.9394271373748779
2.9393348693847656
2.9392578601837158
2.9391524791717529
2.9390528202056885
2.9389512538909912
2.938859224319458
2.9387528896331787
2.9386513233184814
2.9385652542114258
2.9384794235229492
2.9383647441864014
2.9382429122924805
2.9380908012390137
2.9379279613494873
2.937769889831543
2.9376091957092285
2.9374377727508545
2.9372799396514893
2.9370937347412109
2.9368956089019775
2.9366695880889893
2.9364492893218994
2.9361860752105713
2.9359214305877686
2.9356400966644287
2.9353499412536621
2.9350049495697021
2.9346721172332764
2.9343032836914062
2.9339301586151123
2.9334850311279297
2.9330618381500244
2.9325757026672363
2.932060718536377
2.9314770698547363
2.930936336517334
2.9302403926849365
2.9295608997344971
2.9287607669830322
2.9278745651245117
2.9269261360168457
2.9259119033813477
2.9247574806213379
2.9235882759094238
2.9221799373626709
2.9206748008728027
2.9189269542694092
2.917149543762207
2.9149613380432129
2.9126808643341064
2.910015344619751
2.906998872756958
2.9037549495697021
2.9000101089477539
2.8957901000976562
2.8910086154937744
2.8855695724487305
2.8793654441833496
2.8723082542419434
2.8641519546508789
2.8544082641601562
2.8429391384124756
2.8292806148529053
2.8132545948028564
2.7945029735565186
2.7728877067565918
2.7475180625915527
2.7258799076080322
2.6832003593444824
2.6349904537200928
2.5840306282043457
2.5294511318206787
2.4670441150665283
2.3792603015899658
2.275076150894165
2.1645820140838623
2.9403884410858154
2.9403469562530518
2.9403083324432373
2.940260648727417
2.9402012825012207
2.9401886463165283
2.9401779174804688
2.9401135444641113
2.9400684833526611
2.9399404525756836
2.9399151802062988
2.9398279190063477
2.9397835731506348
2.9396994113922119
2.9396131038665771
2.9395098686218262
2.9394245147705078
2.9393372535705566
2.93923020362854
2.9391298294067383
2.9390249252319336
2.9389474391937256
2.9388411045074463
2.9387328624725342
2.9386372566223145
2.9385402202606201
2.9384472370147705
2.9383220672607422
2.9381864070892334
2.9380276203155518
2.9378750324249268
2.9377233982086182
2.9375488758087158
2.9373927116394043
2.9372110366821289
2.9370181560516357
2.9367949962615967
2.9365785121917725
2.9363281726837158
2.9360637664794922
2.9357798099517822
2.9355008602142334
2.9351720809936523
2.9348239898681641
2.9344935417175293
2.9340927600860596
2.9337034225463867
2.9332871437072754
2.9327871799468994
2.932321310043335
2.931755542755127
2.9311902523040771
2.9305157661437988
2.9298403263092041
2.9290719032287598
2.9281778335571289
2.9273111820220947
2.9263296127319336
2.9252009391784668
2.9240880012512207
2.92268967628479
2.9212267398834229
2.9195210933685303
2.9177374839782715
2.9157063961029053
2.9134242534637451
2.9108226299285889
2.9079470634460449
2.9048416614532471
2.9011859893798828
2.8970680236816406
2.8923904895782471
2.8870539665222168
2.881051778793335
2.8741693496704102
2.8661155700683594
2.856525182723999
2.8452050685882568
2.8316712379455566
2.8157660961151123
2.7970075607299805
2.7754170894622803
2.7498931884765625
2.7295219898223877
2.6854162216186523
2.6358475685119629
2.5838968753814697
2.5288898944854736
2.4659075736999512
2.3748965263366699
2.2664885520935059
2.1518597602844238
2.9404258728027344
2.9403800964355469
2.9403347969055176
2.9402945041656494
2.9402663707733154
2.9402444362640381
2.9402153491973877
2.9401469230651855
2.9401075839996338
2.9399862289428711
2.9399707317352295
2.9398815631866455
2.9398298263549805
2.9397480487823486
2.939666748046875
2.9395768642425537
2.9394872188568115
2.9393985271453857
2.9392862319946289
2.9391896724700928
2.9390885829925537
2.9390137195587158
2.9389095306396484
2.9388020038604736
2.9387133121490479
2.9386222362518311
2.938514232635498
2.938410758972168
2.9382774829864502
2.9381208419799805
2.9379689693450928
2.9378135204315186
2.9376399517059326
2.9374856948852539
2.9373135566711426
2.9371097087860107
2.9369018077850342
2.9366960525512695
2.9364502429962158
2.9362006187438965
2.935938835144043
2.9356372356414795
2.935344934463501
2.9350044727325439
2.9346446990966797
2.934295654296875
2.9338696002960205
2.933441162109375
2.9329984188079834
2.9325392246246338
2.9319708347320557
2.9314241409301758
2.9307544231414795
2.9301142692565918
2.9293339252471924
2.9285814762115479
2.9276835918426514
2.9267058372497559
2.9256236553192139
2.9245133399963379
2.9231698513031006
2.9217865467071533
2.9201741218566895
2.9184253215789795
2.9164021015167236
2.9142589569091797
2.9117004871368408
2.9089827537536621
2.9058880805969238
2.902369499206543
2.898313045501709
2.893782377243042
2.8885979652404785
2.8826467990875244
2.8760161399841309
2.868187427520752
2.8587939739227295
2.8476088047027588
2.8342165946960449
2.8184576034545898
2.7998180389404297
2.7783229351043701
2.7527694702148438
2.7336223125457764
2.6882467269897461
2.637251615524292
2.58428955078125
2.5286600589752197
2.4649558067321777
2.3703720569610596
2.2574265003204346
2.1384909152984619
2.9404759407043457
2.9404311180114746
2.9403977394104004
2.9403665065765381
2.9403164386749268
2.9402897357940674
2.9402623176574707
2.9402055740356445
2.9401757717132568
2.9400489330291748
2.9400260448455811
2.9399240016937256
2.9398720264434814
2.9397895336151123
2.9397172927856445
2.9396240711212158
2.9395325183868408
2.9394369125366211
2.9393305778503418
2.9392342567443848
2.9391493797302246
2.9390721321105957
2.9389848709106445
2.9388933181762695
2.9387969970703125
2.938685417175293
2.9386019706726074
2.9384925365447998
2.938373327255249
2.938239574432373
2.9380838871002197
2.9379167556762695
2.9377620220184326
2.9375936985015869
2.9374005794525146
2.93721604347229
2.9370222091674805
2.9368064403533936
2.9365911483764648
2.9363386631011963
2.9360883235931396
2.9358067512512207
2.9355132579803467
2.9351708889007568
2.9348173141479492
2.9344472885131836
2.9340410232543945
2.9336204528808594
2.9331870079040527
2.9326786994934082
2.9322049617767334
2.9316611289978027
2.9310731887817383
2.9304385185241699
2.9296796321868896
2.9289505481719971
2.928044319152832
2.9271459579467773
2.9260451793670654
2.9249451160430908
2.9237112998962402
2.9223151206970215
2.9207916259765625
2.9190635681152344
2.9171528816223145
2.9151151180267334
2.9125633239746094
2.9099423885345459
2.9069271087646484
2.9035398960113525
2.8996410369873047
2.8952620029449463
2.8902158737182617
2.8844606876373291
2.8780281543731689
2.8704307079315186
2.8611745834350586
2.8501815795898438
2.8370184898376465
2.821488618850708
2.8030564785003662
2.7816958427429199
2.756101131439209
2.7382068634033203
2.6915948390960693
2.6391890048980713
2.5851120948791504
2.5287718772888184
2.4641923904418945
2.3658168315887451
2.2476785182952881
2.1238951683044434
2.9405295848846436
2.9404909610748291
2.9404604434967041
2.9404168128967285
2.9403507709503174
2.9403185844421387
2.940288782119751
2.9402525424957275
2.9402391910552979
2.9401047229766846
2.9400708675384521
2.9399666786193848
2.9399185180664062
2.9398469924926758
2.9397647380828857
2.9396598339080811
2.9395661354064941
2.9394757747650146
2.9393806457519531
2.9392886161804199
2.9392027854919434
2.9391369819641113
2.9390554428100586
2.9389626979827881
2.9388618469238281
2.9387607574462891
2.9386532306671143
2.9385693073272705
2.9384582042694092
2.9383230209350586
2.9381644725799561
2.9380195140838623
2.9378654956817627
2.9376969337463379
2.9375238418579102
2.9373283386230469
2.937122106552124
2.9369046688079834
2.9366981983184814
2.9364585876464844
2.936211109161377
2.9359350204467773
2.9356420040130615
2.935307502746582
2.9349691867828369
2.9346146583557129
2.9342324733734131
2.9338204860687256
2.9334120750427246
2.9329395294189453
2.9324729442596436
2.9319005012512207
2.9313266277313232
2.9307105541229248
2.9299898147583008
2.9292690753936768
2.9283843040466309
2.9275176525115967
2.9265320301055908
2.9254651069641113
2.9242775440216064
2.9228971004486084
2.9214060306549072
2.9198288917541504
2.9179224967956543
2.9159219264984131
2.9135141372680664
2.9109532833099365
2.9079999923706055
2.9047183990478516
2.9009051322937012
2.8966426849365234
2.8917286396026611
2.886181116104126
2.8799757957458496
2.8725826740264893
2.8635880947113037
2.8528275489807129
2.8399255275726318
2.8245918750762939
2.8063657283782959
2.7851884365081787
2.75966477394104
2.7430264949798584
2.6953420639038086
2.6416046619415283
2.5863578319549561
2.5291857719421387
2.4636173248291016
2.3613297939300537
2.2377593517303467
2.107370138168335
2.9405546188354492
2.9405238628387451
2.940504789352417
2.9404513835906982
2.9403762817382812
2.9403514862060547
2.9403233528137207
2.9402861595153809
2.940279483795166
2.9401381015777588
2.9401113986968994
2.9400215148925781
2.9399816989898682
2.9398930072784424
2.9398069381713867
2.9397115707397461
2.939619779586792
2.9395339488983154
2.9394481182098389
2.9393570423126221
2.9392645359039307
2.9392154216766357
2.9391441345214844
2.93904709815979
2.9389560222625732
2.9388399124145508
2.9387242794036865
2.9386262893676758
2.9385402202606201
2.9384047985076904
2.9382774829864502
2.93813157081604
2.9379756450653076
2.9378151893615723
2.9376368522644043
2.9374415874481201
2.937244176864624
2.9370377063751221
2.9368212223052979
2.9365723133087158
2.9363296031951904
2.9360523223876953
2.9357707500457764
2.9354536533355713
2.9351391792297363
2.9347805976867676
2.9344117641448975
2.9340493679046631
2.9336249828338623
2.9331760406494141
2.9327178001403809
2.9321630001068115
2.9316282272338867
2.9310259819030762
2.9303207397460938
2.9296512603759766
2.9288015365600586
2.9279382228851318
2.9269773960113525
2.9258565902709961
2.9247746467590332
2.9234147071838379
2.9220428466796875
2.9204428195953369
2.9186053276062012
2.916710376739502
2.9144554138183594
2.9117727279663086
2.9090454578399658
2.9058611392974854
2.9022500514984131
2.8979876041412354
2.8933794498443604
2.8878889083862305
2.8820011615753174
2.8746654987335205
2.866034984588623
2.8553688526153564
2.8428707122802734
2.8276872634887695
2.809884786605835
2.7888624668121338
2.7635350227355957
2.748072624206543
2.6996126174926758
2.6445047855377197
2.5881190299987793
2.5299196243286133
2.4632644653320312
2.3567531108856201
2.2279279232025146
2.0908370018005371
2.9405996799468994
2.9405710697174072
2.9405515193939209
2.9404983520507812
2.9404211044311523
2.9403951168060303
2.9403555393218994
2.9403290748596191
2.9403038024902344
2.9401702880859375
2.9401464462280273
2.9400568008422852
2.9400131702423096
2.939915657043457
2.9398343563079834
2.9397408962249756
2.9396545886993408
2.9395689964294434
2.9394879341125488
2.939394474029541
2.9393072128295898
2.9392697811126709
2.9391982555389404
2.9391119480133057
2.9390146732330322
2.9388971328735352
2.9387779235839844
2.9386866092681885
2.9385979175567627
2.9384841918945312
2.9383594989776611
2.9382092952728271
2.9380624294281006
2.9379098415374756
2.937730073928833
2.9375452995300293
2.937366247177124
2.9371631145477295
2.9369471073150635
2.9367132186889648
2.9364666938781738
2.9361898899078369
2.9359173774719238
2.935633659362793
2.9353013038635254
2.9349799156188965
2.9346165657043457
2.9342553615570068
2.9338629245758057
2.933441162109375
2.9329946041107178
2.9324500560760498
2.9319231510162354
2.9313445091247559
2.9306974411010742
2.9299814701080322
2.9291715621948242
2.9282894134521484
2.927466869354248
2.926384449005127
2.9253072738647461
2.9239711761474609
2.9226572513580322
2.9210178852081299
2.9193847179412842
2.9173448085784912
2.9153041839599609
2.9127364158630371
2.9101371765136719
2.9068808555603027
2.9035642147064209
2.8993613719940186
2.8950362205505371
2.8894984722137451
2.8839201927185059
2.8766243457794189
2.8684704303741455
2.8579437732696533
2.8459091186523438
2.8308284282684326
2.8134591579437256
2.7925689220428467
2.7675337791442871
2.753093957901001
2.7041535377502441
2.6477158069610596
2.5901954174041748
2.5309059619903564
2.4630491733551025
2.3521199226379395
2.2175397872924805
2.0741298198699951
2.9406502246856689
2.9406254291534424
2.9406030178070068
2.9405572414398193
2.9404778480529785
2.9404382705688477
2.9404106140136719
2.9403963088989258
2.9403717517852783
2.9402298927307129
2.9402103424072266
2.9401133060455322
2.9400553703308105
2.9399542808532715
2.9398841857910156
2.9397907257080078
2.939708948135376
2.9396157264709473
2.9395248889923096
2.939434289932251
2.9393494129180908
2.9393072128295898
2.939251184463501
2.9391767978668213
2.939079761505127
2.9389593601226807
2.9388413429260254
2.9387404918670654
2.9386601448059082
2.9385709762573242
2.938450813293457
2.9383103847503662
2.9381601810455322
2.9379997253417969
2.9378330707550049
2.9376537799835205
2.9374773502349854
2.9372761249542236
2.9370622634887695
2.9368269443511963
2.9365963935852051
2.9363377094268799
2.9360754489898682
2.9357900619506836
2.9354732036590576
2.9351727962493896
2.9348275661468506
2.9344706535339355
2.9340839385986328
2.933682918548584
2.9332523345947266
2.9327263832092285
2.9322183132171631
2.9316203594207764
2.9310264587402344
2.9302928447723389
2.9295761585235596
2.9286932945251465
2.9278402328491211
2.9267895221710205
2.9257583618164062
2.9244694709777832
2.9232006072998047
2.9216125011444092
2.9200339317321777
2.9180614948272705
2.9160835742950439
2.913607120513916
2.9111011028289795
2.9079487323760986
2.904740571975708
2.9006764888763428
2.8964838981628418
2.8911211490631104
2.8857331275939941
2.8786618709564209
2.8707852363586426
2.8604280948638916
2.8487493991851807
2.8339588642120361
2.8169434070587158
2.796381950378418
2.7716078758239746
2.758310079574585
2.7089626789093018
2.6513991355895996
2.5925929546356201
2.5321938991546631
2.4629220962524414
2.3476412296295166
2.2066340446472168
2.0558481216430664
2.9406967163085938
2.9406776428222656
2.9406509399414062
2.9406070709228516
2.9405241012573242
2.9404792785644531
2.9404475688934326
2.9404456615447998
2.940434455871582
2.9403023719787598
2.9402980804443359
2.9401857852935791
2.9401190280914307
2.94002366065979
2.9399609565734863
2.9398653507232666
2.9397776126861572
2.9396810531616211
2.9395923614501953
2.9395051002502441
2.939420223236084
2.939361572265625
2.9393019676208496
2.9392189979553223
2.9391310214996338
2.9390311241149902
2.9389140605926514
2.9388191699981689
2.9387290477752686
2.9386296272277832
2.9384970664978027
2.938368558883667
2.9382190704345703
2.9380679130554199
2.9379150867462158
2.9377481937408447
2.9375686645507812
2.9373679161071777
2.9371600151062012
2.9369361400604248
2.9367153644561768
2.936481237411499
2.936206579208374
2.9359369277954102
2.9356253147125244
2.9353179931640625
2.9349875450134277
2.934636116027832
2.9342887401580811
2.9338552951812744
2.9334585666656494
2.9329655170440674
2.9324760437011719
2.9318821430206299
2.9313066005706787
2.9305973052978516
2.9298982620239258
2.9290397167205811
2.9282093048095703
2.9271821975708008
2.9261810779571533
2.9249343872070312
2.9237124919891357
2.9221827983856201
2.9206671714782715
2.918759822845459
2.9168508052825928
2.9144482612609863
2.9120206832885742
2.908966064453125
2.9058389663696289
2.9018964767456055
2.8978292942047119
2.8926351070404053
2.8874263763427734
2.8805763721466064
2.8729128837585449
2.8628685474395752
2.8514642715454102
2.8370041847229004
2.8203692436218262
2.8001866340637207
2.7757165431976318
2.7635138034820557
2.7140183448791504
2.6554579734802246
2.5953435897827148
2.5337018966674805
2.462899923324585
2.3433341979980469
2.1956312656402588
2.0356912612915039
2.9407432079315186
2.9407165050506592
2.9406733512878418
2.9406430721282959
2.9405655860900879
2.940518856048584
2.9404864311218262
2.9404878616333008
2.9404957294464111
2.9403696060180664
2.9403741359710693
2.9402477741241455
2.9401881694793701
2.9400959014892578
2.9400243759155273
2.939927339553833
2.9398407936096191
2.9397492408752441
2.9396607875823975
2.9395768642425537
2.9394867420196533
2.9394025802612305
2.9393179416656494
2.9392516613006592
2.9391834735870361
2.9390890598297119
2.9389846324920654
2.9388847351074219
2.9388060569763184
2.9386923313140869
2.9385733604431152
2.9384410381317139
2.9382963180541992
2.9381594657897949
2.9380090236663818
2.9378421306610107
2.9376544952392578
2.9374597072601318
2.9372477531433105
2.9370353221893311
2.9368324279785156
2.9365854263305664
2.93631911277771
2.9360494613647461
2.9357433319091797
2.9354381561279297
2.935128927230835
2.9348037242889404
2.9344463348388672
2.9340260028839111
2.9336485862731934
2.9331696033477783
2.9326856136322021
2.9321050643920898
2.9315500259399414
2.9308664798736572
2.9302017688751221
2.9293909072875977
2.9285898208618164
2.9275953769683838
2.9266252517700195
2.9254109859466553
2.9242234230041504
2.9227373600006104
2.9212596416473389
2.9194080829620361
2.9175519943237305
2.9152243137359619
2.9128663539886475
2.909904956817627
2.9068825244903564
2.9030575752258301
2.8991119861602783
2.8940713405609131
2.8890233039855957
2.8823800086975098
2.8749401569366455
2.8651840686798096
2.8540380001068115
2.8400061130523682
2.8236925601959229
2.8039565086364746
2.7798130512237549
2.7686574459075928
2.7192783355712891
2.6599106788635254
2.5984382629394531
2.5354628562927246
2.4629170894622803
2.3392355442047119
2.184805154800415
2.0141623020172119
2.9407804012298584
2.9407458305358887
2.9406933784484863
2.9406623840332031
2.9405860900878906
2.9405505657196045
2.9405207633972168
2.94053053855896
2.9405412673950195
2.9404227733612061
2.9404385089874268
2.9403176307678223
2.9402472972869873
2.9401519298553467
2.9400794506072998
2.9399850368499756
2.9398980140686035
2.9398117065429688
2.9397273063659668
2.9396390914916992
2.9395506381988525
2.9394526481628418
2.9393606185913086
2.9392828941345215
2.9392247200012207
2.9391531944274902
2.9390590190887451
2.9389591217041016
2.9388492107391357
2.9387288093566895
2.9386374950408936
2.9385132789611816
2.9383871555328369
2.9382436275482178
2.9380779266357422
2.937899112701416
2.9377279281616211
2.9375298023223877
2.9373300075531006
2.9371297359466553
2.936931848526001
2.9366934299468994
2.9364442825317383
2.9361636638641357
2.9358756542205811
2.9355683326721191
2.9352803230285645
2.9349374771118164
2.9346046447753906
2.9342007637023926
2.9338135719299316
2.9333555698394775
2.9329245090484619
2.9323656558990479
2.9318273067474365
2.9311509132385254
2.9304990768432617
2.9297065734863281
2.9289233684539795
2.9279634952545166
2.9270086288452148
2.9258286952972412
2.9246780872344971
2.9232323169708252
2.9217984676361084
2.9200010299682617
2.9182033538818359
2.9159481525421143
2.9136676788330078
2.9107937812805176
2.9078586101531982
2.9041388034820557
2.9003047943115234
2.8954083919525146
2.8905158042907715
2.8840682506561279
2.8768355846405029
2.8673763275146484
2.8564903736114502
2.842841625213623
2.8268897533416748
2.8076581954956055
2.783832311630249
2.7736611366271973
2.724635124206543
2.6646738052368164
2.6018650531768799
2.5374658107757568
2.4629752635955811
2.335355281829834
2.1742608547210693
1.991578221321106
2.9408082962036133
2.9407820701599121
2.9407296180725098
2.9406988620758057
2.9406304359436035
2.9406113624572754
2.940584659576416
2.9405753612518311
2.9405970573425293
2.9404852390289307
2.9404993057250977
2.940380334854126
2.9403049945831299
2.940213680267334
2.9401445388793945
2.9400520324707031
2.939967155456543
2.9398818016052246
2.9397962093353271
2.9397048950195312
2.9395995140075684
2.9394984245300293
2.9394059181213379
2.9393219947814941
2.9392416477203369
2.9391818046569824
2.9391064643859863
2.9390022754669189
2.9388928413391113
2.9387915134429932
2.9386792182922363
2.9385738372802734
2.93845534324646
2.9382994174957275
2.9381418228149414
2.9379732608795166
2.9378082752227783
2.9376077651977539
2.9374217987060547
2.9372267723083496
2.9370279312133789
2.9367871284484863
2.9365537166595459
2.9362897872924805
2.9360098838806152
2.9357032775878906
2.9354064464569092
2.9350640773773193
2.9347257614135742
2.9343562126159668
2.9339721202850342
2.9335105419158936
2.9330985546112061
2.9325566291809082
2.9320282936096191
2.9313702583312988
2.9307382106781006
2.9299602508544922
2.9292092323303223
2.9282886981964111
2.9273567199707031
2.9262070655822754
2.9250853061676025
2.9236850738525391
2.922304630279541
2.9205634593963623
2.9188232421875
2.9166264533996582
2.9144032001495361
2.9116034507751465
2.9087390899658203
2.9051270484924316
2.9014096260070801
2.8966517448425293
2.8919031620025635
2.8856363296508789
2.8786087036132812
2.8694212436676025
2.8587937355041504
2.8455410003662109
2.8298969268798828
2.8112397193908691
2.7877483367919922
2.7785289287567139
2.7300479412078857
2.6697032451629639
2.6055343151092529
2.5396146774291992
2.4630048274993896
2.3316555023193359
2.1641128063201904
1.9680815935134888
2.940840482711792
2.9408242702484131
2.9407622814178467
2.9407417774200439
2.9406819343566895
2.9406740665435791
2.9406466484069824
2.940619945526123
2.9406204223632812
2.940516471862793
2.9405448436737061
2.9404382705688477
2.9403717517852783
2.9402730464935303
2.9401974678039551
2.9401063919067383
2.940021276473999
2.9399378299713135
2.9398510456085205
2.9397580623626709
2.9396488666534424
2.9395425319671631
2.9394478797912598
2.9393723011016846
2.939302921295166
2.939220666885376
2.9391415119171143
2.9390263557434082
2.9389331340789795
2.9388406276702881
2.9387326240539551
2.9386382102966309
2.9385159015655518
2.9383640289306641
2.9382081031799316
2.9380476474761963
2.9378809928894043
2.9376974105834961
2.9375131130218506
2.9373133182525635
2.9371182918548584
2.9368970394134521
2.9366600513458252
2.9363908767700195
2.9361236095428467
2.9358119964599609
2.9355065822601318
2.9351685047149658
2.9348645210266113
2.9344937801361084
2.9341244697570801
2.9336824417114258
2.933276891708374
2.9327371120452881
2.9322090148925781
2.9315629005432129
2.9309415817260742
2.9301908016204834
2.9294662475585938
2.9285538196563721
2.9276702404022217
2.9265687465667725
2.9254894256591797
2.9241249561309814
2.9227795600891113
2.9210796356201172
2.9193747043609619
2.9172306060791016
2.9150571823120117
2.9123246669769287
2.9095416069030762
2.9060256481170654
2.9024126529693604
2.8977787494659424
2.8931624889373779
2.8870635032653809
2.8802506923675537
2.8712608814239502
2.8609054088592529
2.8480465412139893
2.8328070640563965
2.8146078586578369
2.7915942668914795
2.7831046581268311
2.7356104850769043
2.6749627590179443
2.609539270401001
2.5418798923492432
2.4630968570709229
2.3280923366546631
2.1544420719146729
1.9440484046936035
2.9408869743347168
2.9408676624298096
2.9408018589019775
2.9407899379730225
2.940730094909668
2.9407210350036621
2.9406788349151611
2.9406242370605469
2.9406285285949707
2.940535306930542
2.9405703544616699
2.9404706954956055
2.9404232501983643
2.9403245449066162
2.9402379989624023
2.940133810043335
2.9400465488433838
2.9399654865264893
2.9398865699768066
2.9397923946380615
2.9396810531616211
2.9395780563354492
2.9394824504852295
2.9394063949584961
2.9393274784088135
2.9392518997192383
2.939171314239502
2.9390671253204346
2.9389746189117432
2.9389033317565918
2.9387974739074707
2.9386842250823975
2.938554048538208
2.9384057521820068
2.9382491111755371
2.9380950927734375
2.9379417896270752
2.9377765655517578
2.9375777244567871
2.9373767375946045
2.9371778964996338
2.9369559288024902
2.936725378036499
2.9364686012268066
2.9362082481384277
2.9359211921691895
2.9356229305267334
2.9352912902832031
2.9349997043609619
2.9346368312835693
2.9342813491821289
2.9338374137878418
2.9334127902984619
2.9328963756561279
2.9323747158050537
2.9317479133605957
2.9311554431915283
2.9304232597351074
2.9297218322753906
2.9288384914398193
2.9279892444610596
2.926908016204834
2.9258432388305664
2.9245057106018066
2.9231777191162109
2.9215147495269775
2.9198486804962158
2.9177556037902832
2.9156436920166016
2.9129867553710938
2.9102838039398193
2.9068553447723389
2.9033410549163818
2.8988187313079834
2.894331693649292
2.8883862495422363
2.8817846775054932
2.8729367256164551
2.8629958629608154
2.8503153324127197
2.8356008529663086
2.8177204132080078
2.7953286170959473
2.7872867584228516
2.7411916255950928
2.6804370880126953
2.6138367652893066
2.5442733764648438
2.4630753993988037
2.3247115612030029
2.1450338363647461
1.9190235137939453
2.9409291744232178
2.940915584564209
2.9408388137817383
2.9408297538757324
2.9407553672790527
2.940737247467041
2.9406909942626953
2.9406423568725586
2.9406583309173584
2.9405603408813477
2.9406003952026367
2.9405021667480469
2.9404711723327637
2.9403777122497559
2.9402902126312256
2.9401805400848389
2.9400906562805176
2.9399988651275635
2.9399139881134033
2.9398128986358643
2.9397096633911133
2.9396147727966309
2.9395241737365723
2.9394435882568359
2.9393725395202637
2.9392986297607422
2.9392211437225342
2.9391155242919922
2.939014196395874
2.9389431476593018
2.938840389251709
2.9387168884277344
2.9385900497436523
2.9384572505950928
2.938312292098999
2.9381623268127441
2.9379942417144775
2.9378185272216797
2.9376356601715088
2.9374353885650635
2.9372272491455078
2.9370112419128418
2.9367973804473877
2.9365453720092773
2.9362976551055908
2.93601393699646
2.9357254505157471
2.9353995323181152
2.9351096153259277
2.9347529411315918
2.9344215393066406
2.9339895248413086
2.9335739612579346
2.9330630302429199
2.9325606822967529
2.9319601058959961
2.9313802719116211
2.9306554794311523
2.9299471378326416
2.9290769100189209
2.9282348155975342
2.9271783828735352
2.9261493682861328
2.924860954284668
2.9235920906066895
2.9219717979431152
2.920344352722168
2.9182970523834229
2.916236400604248
2.913637638092041
2.9109933376312256
2.9076442718505859
2.9042141437530518
2.8997998237609863
2.8954212665557861
2.8896169662475586
2.8831861019134521
2.8745453357696533
2.8648738861083984
2.8524866104125977
2.8381807804107666
2.8207252025604248
2.7988922595977783
2.7912907600402832
2.7466952800750732
2.6861441135406494
2.6183724403381348
2.5468292236328125
2.4629745483398438
2.3216197490692139
2.1361775398254395
1.8928428888320923
2.9409589767456055
2.9409544467926025
2.9408688545227051
2.9408638477325439
2.9407789707183838
2.9407649040222168
2.9407188892364502
2.940666675567627
2.9406819343566895
2.9405922889709473
2.9406354427337646
2.9405388832092285
2.9405069351196289
2.9404044151306152
2.9403135776519775
2.9402017593383789
2.940112829208374
2.9400210380554199
2.9399354457855225
2.9398322105407715
2.9397294521331787
2.9396376609802246
2.9395456314086914
2.9394645690917969
2.9393811225891113
2.9393177032470703
2.9392504692077637
2.9391562938690186
2.9390597343444824
2.9389629364013672
2.9388692378997803
2.938755989074707
2.9386324882507324
2.9384963512420654
2.9383509159088135
2.9381930828094482
2.9380266666412354
2.9378426074981689
2.9376640319824219
2.93747878074646
2.9372837543487549
2.9370694160461426
2.9368646144866943
2.9366350173950195
2.9363963603973389
2.9361116886138916
2.9358277320861816
2.9355061054229736
2.9352078437805176
2.9348697662353516
2.9345300197601318
2.934105396270752
2.9336991310119629
2.9331977367401123
2.9327166080474854
2.9321222305297852
2.9315533638000488
2.9308457374572754
2.9301548004150391
2.9292964935302734
2.9284651279449463
2.9274299144744873
2.9264297485351562
2.9251646995544434
2.9239292144775391
2.9223482608795166
2.9207825660705566
2.9187791347503662
2.9167637825012207
2.9142203330993652
2.9116401672363281
2.9083623886108398
2.9050166606903076
2.9006969928741455
2.896425724029541
2.8907485008239746
2.8844327926635742
2.8760747909545898
2.866565465927124
2.8545224666595459
2.8405475616455078
2.8235905170440674
2.8022265434265137
2.7950713634490967
2.7520534992218018
2.6920266151428223
2.6231038570404053
2.5494956970214844
2.4627015590667725
2.3187551498413086
2.1279313564300537
1.8654930591583252
2.9409887790679932
2.9409890174865723
2.9408750534057617
2.9408800601959229
2.9408032894134521
2.9408001899719238
2.9407491683959961
2.9406998157501221
2.9407041072845459
2.9406325817108154
2.9406783580780029
2.9405732154846191
2.9405312538146973
2.9404239654541016
2.940330982208252
2.9402246475219727
2.9401285648345947
2.9400386810302734
2.9399549961090088
2.9398610591888428
2.9397637844085693
2.9396777153015137
2.9395811557769775
2.9394948482513428
2.9394080638885498
2.9393453598022461
2.939265251159668
2.9391894340515137
2.9390923976898193
2.938983678817749
2.9388818740844727
2.9387669563293457
2.9386427402496338
2.9385156631469727
2.9383876323699951
2.9382362365722656
2.9380693435668945
2.9378831386566162
2.9377095699310303
2.9375514984130859
2.9373643398284912
2.9371552467346191
2.9369378089904785
2.9366946220397949
2.9364609718322754
2.9361844062805176
2.9359114170074463
2.9355950355529785
2.9352936744689941
2.934955358505249
2.9346175193786621
2.934218168258667
2.9338235855102539
2.9333341121673584
2.932868480682373
2.9322779178619385
2.9317193031311035
2.9310266971588135
2.9303510189056396
2.929511547088623
2.9287014007568359
2.9276928901672363
2.9267184734344482
2.9254779815673828
2.9242727756500244
2.9227268695831299
2.9211912155151367
2.9192302227020264
2.9172623157501221
2.9147696495056152
2.9122440814971924
2.9090354442596436
2.9057676792144775
2.901540994644165
2.8973386287689209
2.8918604850769043
2.885568380355835
2.8775277137756348
2.8681368827819824
2.8564467430114746
2.8427433967590332
2.8263099193572998
2.8053970336914062
2.7985472679138184
2.7573113441467285
2.6980538368225098
2.6280696392059326
2.5522580146789551
2.4623212814331055
2.3161592483520508
2.1205668449401855
1.837066650390625
2.9410009384155273
2.940997838973999
2.940871000289917
2.9408929347991943
2.9408235549926758
2.9408259391784668
2.9407830238342285
2.9407343864440918
2.9407258033752441
2.9406299591064453
2.9406960010528564
2.9405982494354248
2.9405548572540283
2.9404325485229492
2.9403219223022461
2.9402031898498535
2.9401035308837891
2.9400207996368408
2.9399378299713135
2.9398550987243652
2.9397659301757812
2.9396741390228271
2.9395811557769775
2.9394910335540771
2.9394104480743408
2.9393489360809326
2.939267635345459
2.9391827583312988
2.9390740394592285
2.9389784336090088
2.9388828277587891
2.9387781620025635
2.9386663436889648
2.9385464191436768
2.9384274482727051
2.9382796287536621
2.9381120204925537
2.9379363059997559
2.937774658203125
2.9376010894775391
2.9374191761016846
2.9372138977050781
2.9369807243347168
2.9367496967315674
2.936495304107666
2.9362607002258301
2.935985803604126
2.9357044696807861
2.9353773593902588
2.9350745677947998
2.9347109794616699
2.9343581199645996
2.933917760848999
2.9335086345672607
2.9329993724822998
2.9324882030487061
2.9318616390228271
2.9312572479248047
2.9305102825164795
2.9297754764556885
2.9288637638092041
2.9279828071594238
2.9268815517425537
2.9258246421813965
2.9244728088378906
2.9231393337249756
2.9214434623718262
2.9197561740875244
2.9175856113433838
2.9153852462768555
2.9126605987548828
2.9098048210144043
2.906280517578125
2.9024815559387207
2.8979933261871338
2.8930199146270752
2.8864789009094238
2.8789741992950439
2.8694376945495605
2.8583536148071289
2.8446478843688965
2.8288962841033936
2.8082699775695801
2.8018407821655273
2.762291431427002
2.704160213470459
2.6331520080566406
2.5550177097320557
2.4616720676422119
2.3136389255523682
2.1138677597045898
1.8072925806045532
2.9409704208374023
2.9410085678100586
2.9408702850341797
2.9409041404724121
2.9408388137817383
2.9408547878265381
2.9408159255981445
2.9407756328582764
2.9407649040222168
2.9406523704528809
2.9407148361206055
2.9406013488769531
2.9405462741851807
2.9404211044311523
2.940321683883667
2.9401950836181641
2.9401037693023682
2.9400200843811035
2.939948558807373
2.9398672580718994
2.9397742748260498
2.9396810531616211
2.9395875930786133
2.9394974708557129
2.9394149780273438
2.9393467903137207
2.9392616748809814
2.9391932487487793
2.9391021728515625
2.9390010833740234
2.9389097690582275
2.9388258457183838
2.9387202262878418
2.9386117458343506
2.9384975433349609
2.9383516311645508
2.9381866455078125
2.9380114078521729
2.9378480911254883
2.9376697540283203
2.9374904632568359
2.9372913837432861
2.9370694160461426
2.9368448257446289
2.9365949630737305
2.9363529682159424
2.9360911846160889
2.9358284473419189
2.9355013370513916
2.9351844787597656
2.9348442554473877
2.9344961643218994
2.9340696334838867
2.9336643218994141
2.9331650733947754
2.9326598644256592
2.9320487976074219
2.9314641952514648
2.9307372570037842
2.9300003051757812
2.9291164875030518
2.928184986114502
2.9271528720855713
2.9260714054107666
2.9247784614562988
2.923431396484375
2.9218239784240723
2.9201083183288574
2.9180893898010254
2.9158320426940918
2.9132513999938965
2.910355806350708
2.906989574432373
2.9031622409820557
2.8988838195800781
2.893855094909668
2.887601375579834
2.8800711631774902
2.8709273338317871
2.8598799705505371
2.8467228412628174
2.8311383724212646
2.8112301826477051
2.8045806884765625
2.7674331665039062
2.7102713584899902
2.638695240020752
2.5578916072845459
2.4612610340118408
2.3113958835601807
2.1088147163391113
1.7765909433364868
2.9409248828887939
2.9409945011138916
2.9408605098724365
2.9409153461456299
2.9408566951751709
2.9408884048461914
2.9408576488494873
2.9408004283905029
2.9407708644866943
2.9406304359436035
2.9406871795654297
2.9405789375305176
2.9405291080474854
2.9403982162475586
2.940291166305542
2.940159797668457
2.9400708675384521
2.9399855136871338
2.9399197101593018
2.9398469924926758
2.9397585391998291
2.9396712779998779
2.9395825862884521
2.9394917488098145
2.9394090175628662
2.9393460750579834
2.9392735958099365
2.9392101764678955
2.9391231536865234
2.9390270709991455
2.9389419555664062
2.9388618469238281
2.9387636184692383
2.9386553764343262
2.9385249614715576
2.9383859634399414
2.9382312297821045
2.9380645751953125
2.9378902912139893
2.9377243518829346
2.9375278949737549
2.937340259552002
2.9371147155761719
2.9368937015533447
2.9366545677185059
2.9364058971405029
2.9361495971679688
2.9358906745910645
2.9355731010437012
2.9352731704711914
2.9349138736724854
2.934577465057373
2.934157133102417
2.9337530136108398
2.9332592487335205
2.9327859878540039
2.9321839809417725
2.9316065311431885
2.9308819770812988
2.9301712512969971
2.9292855262756348
2.9284162521362305
2.9273397922515869
2.9262983798980713
2.9249870777130127
2.9237146377563477
2.9220762252807617
2.920459508895874
2.9183778762817383
2.9162900447845459
2.9136178493499756
2.9109170436859131
2.9074563980102539
2.9038829803466797
2.8994419574737549
2.8947691917419434
2.8883152008056641
2.8813157081604004
2.8718631267547607
2.861605167388916
2.8480453491210938
2.8334901332855225
2.8134450912475586
2.8074672222137451
2.7715682983398438
2.7164161205291748
2.6434624195098877
2.5607302188873291
2.4593267440795898
2.3095831871032715
2.1020674705505371
1.7435160875320435
2.9409072399139404
2.9410221576690674
2.9408895969390869
2.9409573078155518
2.9409289360046387
2.9409582614898682
2.940922737121582
2.940866231918335
2.9408161640167236
2.9406559467315674
2.9406886100769043
2.9405808448791504
2.9405274391174316
2.9403796195983887
2.9402773380279541
2.940178394317627
2.9401001930236816
2.9400174617767334
2.9399495124816895
2.9398791790008545
2.939795970916748
2.9397151470184326
2.9396181106567383
2.939532995223999
2.9394538402557373
2.9394016265869141
2.9393546581268311
2.9392936229705811
2.9392082691192627
2.9391083717346191
2.9390213489532471
2.9389514923095703
2.938856840133667
2.9387495517730713
2.9386129379272461
2.9384760856628418
2.9383194446563721
2.9381532669067383
2.9379823207855225
2.9378211498260498
2.9376401901245117
2.9374291896820068
2.9372177124023438
2.9370143413543701
2.9367706775665283
2.9365298748016357
2.9362673759460449
2.9360120296478271
2.9357001781463623
2.9354004859924316
2.9350683689117432
2.9347395896911621
2.9343178272247314
2.9339139461517334
2.9334425926208496
2.9329738616943359
2.9323885440826416
2.9318180084228516
2.9311027526855469
2.9304003715515137
2.9295306205749512
2.9286835193634033
2.9276313781738281
2.9266111850738525
2.9253230094909668
2.9240584373474121
2.9224460124969482
2.9208438396453857
2.9187939167022705
2.9167320728302002
2.914116382598877
2.9114551544189453
2.9080595970153809
2.9045445919036865
2.9001765251159668
2.895573616027832
2.8892443180084229
2.882359504699707
2.8730881214141846
2.8630094528198242
2.8497383594512939
2.8355941772460938
2.8159084320068359
2.8098948001861572
2.7763373851776123
2.7243220806121826
2.6486685276031494
2.5655543804168701
2.4572067260742188
2.3100624084472656
2.0999565124511719
1.7061499357223511
2.9409036636352539
2.9410369396209717
2.940899133682251
2.940990686416626
2.9409565925598145
2.9409821033477783
2.9409446716308594
2.940859317779541
2.9408056735992432
2.9406421184539795
2.9406671524047852
2.9405608177185059
2.9405069351196289
2.9403650760650635
2.9402611255645752
2.9401750564575195
2.9400935173034668
2.94002366065979
2.9399774074554443
2.939906120300293
2.9398369789123535
2.9397525787353516
2.9396555423736572
2.9395709037780762
2.9394962787628174
2.939457893371582
2.9394030570983887
2.9393513202667236
2.9392740726470947
2.9391727447509766
2.9390709400177002
2.939007043838501
2.9389183521270752
2.9387998580932617
2.938664436340332
2.9385170936584473
2.9383594989776611
2.9382011890411377
2.9380316734313965
2.9378700256347656
2.9376826286315918
2.9374854564666748
2.9372725486755371
2.9370644092559814
2.936821460723877
2.9365770816802979
2.9363086223602295
2.9360415935516357
2.9357380867004395
2.9354462623596191
2.9351100921630859
2.9347589015960693
2.9343421459197998
2.9339463710784912
2.9334559440612793
2.9329910278320312
2.932403564453125
2.9318208694458008
2.9311037063598633
2.9303820133209229
2.9295113086700439
2.9286363124847412
2.92759108543396
2.9265530109405518
2.9252622127532959
2.9239585399627686
2.9223415851593018
2.9206900596618652
2.9186465740203857
2.9165408611297607
2.9139256477355957
2.9112093448638916
2.9078278541564941
2.9042584896087646
2.8999028205871582
2.8952112197875977
2.8889117240905762
2.881927490234375
2.8727161884307861
2.8625288009643555
2.8494021892547607
2.8351020812988281
2.8159730434417725
2.8089652061462402
2.7772400379180908
2.724881649017334
2.6499354839324951
2.5612819194793701
2.4531476497650146
2.301544189453125
2.0907142162322998
1.6625957489013672
2.9409148693084717
2.9410955905914307
2.9409856796264648
2.9411263465881348
2.9410748481750488
2.9411072731018066
2.9410758018493652
2.9410145282745361
2.9409432411193848
2.9407737255096436
2.9407885074615479
2.9406912326812744
2.9406626224517822
2.9405272006988525
2.940413236618042
2.940326452255249
2.9402575492858887
2.9401910305023193
2.9401469230651855
2.9400947093963623
2.9400169849395752
2.939934253692627
2.939847469329834
2.9397621154785156
2.9396882057189941
2.9396402835845947
2.9395723342895508
2.9394831657409668
2.9394166469573975
2.9393234252929688
2.9392266273498535
2.9391279220581055
2.9390451908111572
2.9389121532440186
2.9387717247009277
2.9386312961578369
2.9384863376617432
2.9383270740509033
2.9381601810455322
2.9379820823669434
2.9377877712249756
2.9375805854797363
2.937361478805542
2.9371323585510254
2.9368827342987061
2.9366214275360107
2.9363532066345215
2.9360725879669189
2.935767650604248
2.9354488849639893
2.9350836277008057
2.9346964359283447
2.9342737197875977
2.9338173866271973
2.9333295822143555
2.9327950477600098
2.9321973323822021
2.9315574169158936
2.9308249950408936
2.9300322532653809
2.9291465282440186
2.9281911849975586
2.9271399974822998
2.9259936809539795
2.9246876239776611
2.9232661724090576
2.9216208457946777
2.9198276996612549
2.9177460670471191
2.9154763221740723
2.9128212928771973
2.9098968505859375
2.9064750671386719
2.9026436805725098
2.8981919288635254
2.8931105136871338
2.8867130279541016
2.8792247772216797
2.8699090480804443
2.8590719699859619
2.845853328704834
2.8310823440551758
2.8114643096923828
2.8035461902618408
2.7735595703125
2.723914623260498
2.6504731178283691
2.5537223815917969
2.4320290088653564
2.2734293937683105
2.0732517242431641
1.5603585243225098
2.1129386425018311
1.9811501502990723
1.8336899280548096
1.6876410245895386
1.5504301786422729
1.4164559841156006
1.2899352312088013
1.1727269887924194
1.0631976127624512
0.96070104837417603
0.8648991584777832
0.780007004737854
0.7076561450958252
0.64285314083099365
0.58313620090484619
0.53224974870681763
0.49162942171096802
0.45706963539123535
0.42517349123954773
0.39725291728973389
0.37581795454025269
0.35915234684944153
0.34366464614868164
0.32840681076049805
0.31469818949699402
0.30325064063072205
0.29238221049308777
0.28066962957382202
0.26848873496055603
0.25688111782073975
0.24550434947013855
0.23364628851413727
0.22173632681369781
0.21013517677783966
0.19863145053386688
0.18726137280464172
0.17637938261032104
0.165872722864151
0.15585887432098389
0.14920856058597565
2.0898158550262451
1.964308500289917
1.826208233833313
1.6896449327468872
1.5616865158081055
1.4377566576004028
1.322293758392334
1.2149516344070435
1.1113196611404419
1.0136284828186035
0.92547273635864258
0.84688323736190796
0.77443397045135498
0.70755058526992798
0.64940887689590454
0.60055434703826904
0.55747890472412109
0.51754587888717651
0.48164057731628418
0.45188301801681519
0.42770767211914062
0.40613806247711182
0.38563922047615051
0.36679497361183167
0.3506111204624176
0.3366464376449585
0.32320100069046021
0.30959519743919373
0.29644614458084106
0.28421899676322937
0.27224928140640259
0.26018542051315308
0.2482965886592865
0.23662158846855164
0.22518633306026459
0.21391169726848602
0.20298005640506744
0.19231641292572021
0.18217018246650696
0.1722029447555542
2.0817816257476807
1.9548728466033936
1.815520167350769
1.6792746782302856
1.5528489351272583
1.4289950132369995
1.3131140470504761
1.2073515653610229
1.1059755086898804
1.0093851089477539
0.92175400257110596
0.84437644481658936
0.77360063791275024
0.70864468812942505
0.65240049362182617
0.60420864820480347
0.56053829193115234
0.52055060863494873
0.48608759045600891
0.4574492871761322
0.43230345845222473
0.40889573097229004
0.38763061165809631
0.36942857503890991
0.35368388891220093
0.33870896697044373
0.32390373945236206
0.30985987186431885
0.29707708954811096
0.28490519523620605
0.2724912166595459
0.26012334227561951
0.24832229316234589
0.2368466705083847
0.22548307478427887
0.21422325074672699
0.20341598987579346
0.19291514158248901
0.18305559456348419
0.17421610653400421
2.0685510635375977
1.9401239156723022
1.8004865646362305
1.6642361879348755
1.5384633541107178
1.4177969694137573
1.3047939538955688
1.1987099647521973
1.0979019403457642
1.0057315826416016
0.92173385620117188
0.84447532892227173
0.77392172813415527
0.71207976341247559
0.65935009717941284
0.61243844032287598
0.56881546974182129
0.52941745519638062
0.49625366926193237
0.46871572732925415
0.44388771057128906
0.42021310329437256
0.39832034707069397
0.37936460971832275
0.36307907104492188
0.34764036536216736
0.33213552832603455
0.31716969609260559
0.30352917313575745
0.29071500897407532
0.27786114811897278
0.26517218351364136
0.25299158692359924
0.24120064079761505
0.22966663539409637
0.21825471520423889
0.20739284157752991
0.19683347642421722
0.18694168329238892
0.1779533177614212
2.0552902221679688
1.9228887557983398
1.7817723751068115
1.647438645362854
1.5211049318313599
1.3978047370910645
1.2874195575714111
1.1858453750610352
1.0848193168640137
0.99178159236907959
0.91069841384887695
0.83768373727798462
0.76967358589172363
0.70902490615844727
0.65779274702072144
0.6131327748298645
0.57172852754592896
0.53373271226882935
0.50110995769500732
0.47382009029388428
0.44923257827758789
0.42560908198356628
0.40352120995521545
0.38415193557739258
0.36716818809509277
0.35086530447006226
0.33460095524787903
0.31916609406471252
0.30510300397872925
0.29161161184310913
0.27819159626960754
0.26526939868927002
0.252890944480896
0.24087949097156525
0.22921817004680634
0.21775391697883606
0.20692792534828186
0.19640430808067322
0.18666492402553558
0.1779075413942337
2.0401039123535156
1.9037699699401855
1.7589198350906372
1.6248421669006348
1.5019203424453735
1.3787877559661865
1.2661142349243164
1.1662460565567017
1.0697380304336548
0.97929197549819946
0.89903634786605835
0.82785665988922119
0.76301634311676025
0.70571291446685791
0.65702438354492188
0.61390179395675659
0.57371491193771362
0.53726696968078613
0.50624841451644897
0.47970342636108398
0.45495209097862244
0.43099549412727356
0.40884754061698914
0.38945305347442627
0.37187886238098145
0.35458940267562866
0.33753404021263123
0.32170307636260986
0.30722704529762268
0.29311442375183105
0.27916613221168518
0.26594778895378113
0.2534368634223938
0.24126364290714264
0.22941315174102783
0.2178557813167572
0.20706865191459656
0.19654670357704163
0.18685691058635712
0.17814129590988159
2.0225913524627686
1.8826966285705566
1.7358478307723999
1.5996220111846924
1.476533055305481
1.3569295406341553
1.2457649707794189
1.1449304819107056
1.0499035120010376
0.96395206451416016
0.8870890736579895
0.81765615940093994
0.75518840551376343
0.70130109786987305
0.65555733442306519
0.61430084705352783
0.57551103830337524
0.54040002822875977
0.51049727201461792
0.48447436094284058
0.4597027599811554
0.43550312519073486
0.41306710243225098
0.39328652620315552
0.37507820129394531
0.35702294111251831
0.33930698037147522
0.32301631569862366
0.30804696679115295
0.29339560866355896
0.27908459305763245
0.26556628942489624
0.25280812382698059
0.24051031470298767
0.22854335606098175
0.21685738861560822
0.20608024299144745
0.19560374319553375
0.18601894378662109
0.17744536697864532
2.0034048557281494
1.8576357364654541
1.710347056388855
1.5755668878555298
1.4500155448913574
1.3300042152404785
1.2226073741912842
1.1238236427307129
1.0301860570907593
0.94765937328338623
0.8740125298500061
0.80700081586837769
0.74770128726959229
0.69747167825698853
0.65446686744689941
0.61485016345977783
0.57734823226928711
0.54351603984832764
0.5146297812461853
0.48898801207542419
0.46403887867927551
0.4394746720790863
0.41666874289512634
0.39648887515068054
0.37771594524383545
0.3589804470539093
0.34066957235336304
0.32394927740097046
0.30851307511329651
0.29340729117393494
0.27883869409561157
0.26507732272148132
0.25203317403793335
0.23962537944316864
0.2276618480682373
0.21587927639484406
0.20506247878074646
0.1946345716714859
0.18517811596393585
0.17671316862106323
1.9840848445892334
1.8321689367294312
1.679962158203125
1.5478922128677368
1.4257134199142456
1.3032190799713135
1.1959254741668701
1.1015617847442627
1.0111258029937744
0.93085342645645142
0.86046379804611206
0.79723662137985229
0.74143940210342407
0.69408249855041504
0.65329152345657349
0.61540347337722778
0.57931625843048096
0.54659146070480347
0.51830142736434937
0.49269288778305054
0.4674522876739502
0.44252485036849976
0.41940009593963623
0.3988039493560791
0.37939703464508057
0.36001437902450562
0.34129953384399414
0.32429897785186768
0.30838721990585327
0.29286617040634155
0.27812054753303528
0.2642081081867218
0.2509428858757019
0.23840606212615967
0.22644422948360443
0.21464583277702332
0.20383332669734955
0.19344283640384674
0.18410277366638184
0.17576484382152557
1.9616092443466187
1.8074681758880615
1.6514579057693481
1.5152121782302856
1.3960464000701904
1.2787580490112305
1.1710306406021118
1.0773831605911255
0.99151921272277832
0.9155762791633606
0.84803760051727295
0.78803449869155884
0.73599672317504883
0.69181817770004272
0.65295636653900146
0.6162036657333374
0.58117645978927612
0.5496031641960144
0.52188026905059814
0.49589011073112488
0.46994489431381226
0.44462677836418152
0.42150998115539551
0.40064379572868347
0.38044413924217224
0.36036312580108643
0.34147188067436218
0.32433372735977173
0.30795365571975708
0.29208502173423767
0.27720046043395996
0.26318520307540894
0.24982014298439026
0.23719115555286407
0.22518368065357208
0.21337306499481201
0.20258709788322449
0.1922229677438736
0.18298433721065521
0.17477281391620636
1.9362452030181885
1.7778527736663818
1.6246681213378906
1.4871892929077148
1.3630738258361816
1.2487348318099976
1.1483542919158936
1.0568773746490479
0.97159051895141602
0.89984053373336792
0.83734422922134399
0.78099179267883301
0.73164796829223633
0.68981462717056274
0.65292680263519287
0.61761254072189331
0.58344656229019165
0.5522114634513855
0.5244821310043335
0.49826383590698242
0.47196590900421143
0.44629573822021484
0.42289051413536072
0.40161246061325073
0.38087505102157593
0.36039119958877563
0.34134781360626221
0.32395833730697632
0.30723041296005249
0.29115653038024902
0.27617901563644409
0.26206895709037781
0.2485969215631485
0.23591503500938416
0.22389860451221466
0.21206112205982208
0.20129881799221039
0.19098377227783203
0.18184897303581238
0.1737651526927948
1.9114880561828613
1.7454066276550293
1.5927492380142212
1.4613209962844849
1.3363583087921143
1.2168132066726685
1.1213951110839844
1.0384957790374756
0.9562300443649292
0.88531142473220825
0.82689917087554932
0.77538728713989258
0.72902178764343262
0.6887977123260498
0.65323567390441895
0.61905670166015625
0.58556079864501953
0.55449926853179932
0.52658140659332275
0.49996185302734375
0.47323453426361084
0.44730710983276367
0.42375251650810242
0.40209057927131653
0.38082548975944519
0.36003604531288147
0.3409460186958313
0.32336047291755676
0.30635136365890503
0.29013234376907349
0.2750803530216217
0.26088640093803406
0.24735507369041443
0.23464515805244446
0.2226170152425766
0.21076576411724091
0.20004169642925262
0.18977785110473633
0.18074390292167664
0.1727968156337738
1.8867471218109131
1.7143694162368774
1.5574855804443359
1.4309124946594238
1.3121293783187866
1.1900100708007812
1.0937542915344238
1.0179250240325928
0.94243413209915161
0.87383872270584106
0.81820958852767944
0.77075260877609253
0.72744071483612061
0.68875128030776978
0.65399283170700073
0.62033873796463013
0.58723801374435425
0.55644667148590088
0.52833414077758789
0.50112289190292358
0.47388225793838501
0.4478285014629364
0.42427343130111694
0.40225186944007874
0.38048076629638672
0.35946467518806458
0.340383380651474
0.322683185338974
0.30544683337211609
0.28907290101051331
0.27397578954696655
0.25974899530410767
0.24615654349327087
0.23341459035873413
0.22140225768089294
0.20955543220043182
0.19886203110218048
0.18864107131958008
0.17970821261405945
0.1719147115945816
1.8604018688201904
1.6845879554748535
1.522852897644043
1.3970373868942261
1.2856212854385376
1.1670254468917847
1.0693272352218628
0.99705195426940918
0.92881208658218384
0.86484873294830322
0.81177628040313721
0.76710242033004761
0.72634994983673096
0.68918424844741821
0.65499305725097656
0.62145513296127319
0.58847087621688843
0.5578155517578125
0.52948200702667236
0.50176846981048584
0.47412565350532532
0.4479542076587677
0.42433902621269226
0.40205773711204529
0.37995710968971252
0.35876712203025818
0.33964985609054565
0.32182776927947998
0.304475337266922
0.28801116347312927
0.27281904220581055
0.25859609246253967
0.24501748383045197
0.23221404850482941
0.22019301354885101
0.20839385688304901
0.19773852825164795
0.18753901124000549
0.17871958017349243
0.17113178968429565
1.8319824934005737
1.6545951366424561
1.490104079246521
1.3629130125045776
1.2566924095153809
1.1448553800582886
1.0486568212509155
0.97807568311691284
0.91571247577667236
0.857383131980896
0.80713975429534912
0.76445859670639038
0.72573006153106689
0.68988794088363647
0.65594226121902466
0.62218791246414185
0.58920753002166748
0.55867016315460205
0.53009355068206787
0.50188779830932617
0.47392919659614563
0.44774898886680603
0.42408546805381775
0.40154504776000977
0.37916556000709534
0.35793837904930115
0.33883818984031677
0.3208014965057373
0.30335614085197449
0.28694507479667664
0.2716774046421051
0.25738570094108582
0.24387240409851074
0.2310841977596283
0.21902032196521759
0.20724564790725708
0.1966637521982193
0.18650631606578827
0.1778016984462738
0.17047169804573059
1.8018226623535156
1.6236838102340698
1.4588468074798584
1.330249547958374
1.2269953489303589
1.1223882436752319
1.0307722091674805
0.96204590797424316
0.90394967794418335
0.8510165810585022
0.80388402938842773
0.76277565956115723
0.72546154260635376
0.69054204225540161
0.65654283761978149
0.62239992618560791
0.58948683738708496
0.55914038419723511
0.53022795915603638
0.50140851736068726
0.47324645519256592
0.4473593533039093
0.42368295788764954
0.40067985653877258
0.37803924083709717
0.35704323649406433
0.3379518985748291
0.31967076659202576
0.30213546752929688
0.28582057356834412
0.27058887481689453
0.25621125102043152
0.24269656836986542
0.2299911230802536
0.21793286502361298
0.20614716410636902
0.19563265144824982
0.18554222583770752
0.17697402834892273
0.1699807196855545
1.7701209783554077
1.5914658308029175
1.4287954568862915
1.3000607490539551
1.1978554725646973
1.0997805595397949
1.0145171880722046
0.9488263726234436
0.89403772354125977
0.84574073553085327
0.80172193050384521
0.76187026500701904
0.72529441118240356
0.69082337617874146
0.65675985813140869
0.62238270044326782
0.58949649333953857
0.55916982889175415
0.52988380193710327
0.50059109926223755
0.47244343161582947
0.44693821668624878
0.42299929261207581
0.39949467778205872
0.37694078683853149
0.3562329113483429
0.33689123392105103
0.31848487257957458
0.30099368095397949
0.28468373417854309
0.269511878490448
0.255147784948349
0.24157771468162537
0.22891309857368469
0.21692143380641937
0.20513562858104706
0.19465102255344391
0.18463470041751862
0.17624750733375549
0.16971312463283539
1.737740159034729
1.557758092880249
1.3988864421844482
1.2726072072982788
1.1707268953323364
1.0779354572296143
0.99974405765533447
0.9374815821647644
0.88583803176879883
0.84205770492553711
0.8006020188331604
0.76122391223907471
0.72490489482879639
0.69093018770217896
0.65686208009719849
0.62212395668029785
0.58903229236602783
0.55877012014389038
0.52932476997375488
0.49968478083610535
0.47152993083000183
0.44633162021636963
0.42204046249389648
0.39817607402801514
0.37593114376068115
0.35530126094818115
0.3357301652431488
0.31733766198158264
0.29993504285812378
0.28359851241111755
0.26840516924858093
0.25409024953842163
0.2405390739440918
0.22788004577159882
0.21593619883060455
0.20418603718280792
0.19372944533824921
0.18377967178821564
0.17563609778881073
0.16974148154258728
1.7053656578063965
1.5239192247390747
1.3686257600784302
1.2465400695800781
1.1464633941650391
1.05760657787323
0.9862094521522522
0.92831516265869141
0.87931060791015625
0.8391338586807251
0.80010706186294556
0.76117497682571411
0.72426015138626099
0.69020694494247437
0.65669494867324829
0.62215638160705566
0.58835172653198242
0.55751943588256836
0.52843022346496582
0.4992184042930603
0.47078710794448853
0.44498014450073242
0.42088186740875244
0.39731833338737488
0.37493163347244263
0.35415619611740112
0.33464834094047546
0.31622159481048584
0.29883146286010742
0.28257986903190613
0.26736545562744141
0.2530275285243988
0.23953807353973389
0.22693754732608795
0.21500782668590546
0.20327913761138916
0.1928802877664566
0.18300797045230865
0.17516899108886719
0.1701638251543045
1.6724059581756592
1.4902579784393311
1.3393473625183105
1.221993088722229
1.1239020824432373
1.0384207963943481
0.9739956259727478
0.92176693677902222
0.87490653991699219
0.83626717329025269
0.79939234256744385
0.76158922910690308
0.72390532493591309
0.68874931335449219
0.6557997465133667
0.62219345569610596
0.58793056011199951
0.5558239221572876
0.52689939737319946
0.49869269132614136
0.47032296657562256
0.44340038299560547
0.41937857866287231
0.39657598733901978
0.37401852011680603
0.35291185975074768
0.33352676033973694
0.31515386700630188
0.29773521423339844
0.28155690431594849
0.26636573672294617
0.25203806161880493
0.23860436677932739
0.22605465352535248
0.21413104236125946
0.20243042707443237
0.19209155440330505
0.18229778110980988
0.17485938966274261
0.1714426726102829
1.6389304399490356
1.4568734169006348
1.3111432790756226
1.1988809108734131
1.1034165620803833
1.0213021039962769
0.96304398775100708
0.91648370027542114
0.87219834327697754
0.83386534452438354
0.79835617542266846
0.76182562112808228
0.72392940521240234
0.68729609251022339
0.65421193838119507
0.62167507410049438
0.58776277303695679
0.55459433794021606
0.52514892816543579
0.49766731262207031
0.46979629993438721
0.44237774610519409
0.4179750382900238
0.39543384313583374
0.37300401926040649
0.35187453031539917
0.33245477080345154
0.3140682578086853
0.29668322205543518
0.28056329488754272
0.26538896560668945
0.25108882784843445
0.2376956045627594
0.22518311440944672
0.21328112483024597
0.20162339508533478
0.19134759902954102
0.18164251744747162
0.17471525073051453
0.17278265953063965
1.6050708293914795
1.4237675666809082
1.2843458652496338
1.1774462461471558
1.0845187902450562
1.0057415962219238
0.9535101056098938
0.91234278678894043
0.87077730894088745
0.8320501446723938
0.79690569639205933
0.76138210296630859
0.7237551212310791
0.68609213829040527
0.65230727195739746
0.62043708562850952
0.5871778130531311
0.55357736349105835
0.52337050437927246
0.49619224667549133
0.46883136034011841
0.44139379262924194
0.41666406393051147
0.39409464597702026
0.37183111906051636
0.35078573226928711
0.33143189549446106
0.31305417418479919
0.29568138718605042
0.27960282564163208
0.26449716091156006
0.25020715594291687
0.23682743310928345
0.22433382272720337
0.21246899664402008
0.20082847774028778
0.19058534502983093
0.18093881011009216
0.17465420067310333
0.17454010248184204
1.5708924531936646
1.3911677598953247
1.2593473196029663
1.1575971841812134
1.0672671794891357
0.99208968877792358
0.94555246829986572
0.90912342071533203
0.86997610330581665
0.83086395263671875
0.79544264078140259
0.7605167031288147
0.72327166795730591
0.68515783548355103
0.65064406394958496
0.61904925107955933
0.58632838726043701
0.55270242691040039
0.52199238538742065
0.49482861161231995
0.46766889095306396
0.44029369950294495
0.41551488637924194
0.39275279641151428
0.370565265417099
0.34949809312820435
0.33023262023925781
0.31187000870704651
0.2944774329662323
0.27834039926528931
0.26332786679267883
0.24901264905929565
0.23564985394477844
0.22315756976604462
0.21137367188930511
0.19971549510955811
0.1895412802696228
0.17985649406909943
0.17452910542488098
0.17651112377643585
1.537040114402771
1.3587851524353027
1.2354898452758789
1.1387960910797119
1.0512913465499878
0.98008620738983154
0.93875277042388916
0.90616679191589355
0.86887770891189575
0.82968872785568237
0.79385387897491455
0.75900405645370483
0.72183012962341309
0.68355643749237061
0.64882504940032959
0.61730575561523438
0.5846487283706665
0.55099207162857056
0.52035480737686157
0.49309921264648438
0.46583026647567749
0.43869060277938843
0.41401436924934387
0.39107957482337952
0.36899513006210327
0.34787619113922119
0.32850798964500427
0.31015264987945557
0.29274439811706543
0.27638402581214905
0.26125440001487732
0.24680209159851074
0.23328348994255066
0.22053065896034241
0.20860029757022858
0.19668839871883392
0.18639793992042542
0.1765826940536499
0.17285114526748657
0.17910574376583099
1.5040799379348755
1.3277239799499512
1.2131049633026123
1.1208328008651733
1.0356885194778442
0.96885770559310913
0.93275803327560425
0.90328299999237061
0.86723935604095459
0.82807904481887817
0.7917981743812561
0.75668847560882568
0.71946442127227783
0.68139195442199707
0.64675086736679077
0.61468493938446045
0.58170920610427856
0.54829639196395874
0.51770341396331787
0.48960661888122559
0.46178463101387024
0.43473511934280396
0.40962553024291992
0.38611927628517151
0.36372053623199463
0.34233003854751587
0.32251736521720886
0.30380648374557495
0.28609517216682434
0.26941671967506409
0.25401118397712708
0.23937293887138367
0.22569704055786133
0.21275554597377777
0.20064686238765717
0.18862402439117432
0.17827808856964111
0.16826479136943817
0.16508203744888306
0.17876656353473663
1.4680459499359131
1.2946097850799561
1.1897690296173096
1.1003682613372803
1.0166795253753662
0.95470225811004639
0.92390072345733643
0.89697247743606567
0.8612896203994751
0.82159817218780518
0.7845454216003418
0.74828261137008667
0.71013557910919189
0.67222815752029419
0.63766878843307495
0.60354506969451904
0.56909722089767456
0.53643286228179932
0.50558125972747803
0.47575625777244568
0.44744446873664856
0.42053374648094177
0.39480578899383545
0.37072569131851196
0.34805142879486084
0.32652199268341064
0.30631142854690552
0.28748947381973267
0.26973655819892883
0.25309708714485168
0.23761478066444397
0.22315345704555511
0.20959901809692383
0.19692686200141907
0.18501511216163635
0.17339791357517242
0.16335500776767731
0.1537557989358902
0.15181583166122437
0.169722780585289
1.4273189306259155
1.2548047304153442
1.1597360372543335
1.0703473091125488
0.98859703540802002
0.93122076988220215
0.90277773141860962
0.87497025728225708
0.83810710906982422
0.79820704460144043
0.75798690319061279
0.71847307682037354
0.67978811264038086
0.64241582155227661
0.60601866245269775
0.57043015956878662
0.53632503747940063
0.50390768051147461
0.472688227891922
0.4428957998752594
0.41508707404136658
0.38882040977478027
0.36363077163696289
0.34022197127342224
0.31843429803848267
0.29791763424873352
0.27859044075012207
0.26075857877731323
0.24407356977462769
0.22850804030895233
0.21399757266044617
0.20058868825435638
0.18802604079246521
0.17636330425739288
0.16536663472652435
0.15469944477081299
0.14569450914859772
0.13698196411132812
0.13700839877128601
0.15726090967655182
1.3321948051452637
1.1658475399017334
1.0853731632232666
0.98831808567047119
0.90771526098251343
0.85638725757598877
0.82991522550582886
0.79798483848571777
0.75892037153244019
0.71734154224395752
0.67522656917572021
0.63637858629226685
0.59996634721755981
0.56408333778381348
0.52875357866287231
0.49575963616371155
0.46478241682052612
0.43495100736618042
0.40624356269836426
0.37938275933265686
0.35463824868202209
0.33118951320648193
0.30878937244415283
0.28815782070159912
0.26915550231933594
0.25127753615379333
0.23442690074443817
0.21905668079853058
0.20473413169384003
0.19137595593929291
0.17894017696380615
0.16757047176361084
0.15688571333885193
0.14700566232204437
0.13768364489078522
0.128800168633461
0.12113750725984573
0.11408012360334396
0.11657365411520004
0.14133135974407196
)
;

boundaryField
{
    inlet
    {
        type            calculated;
        value           nonuniform List<scalar> 
28
(
2.94314
2.94314
2.94314
2.94314
2.94314
2.94315
2.94315
2.94315
2.94316
2.94316
2.94317
2.94317
2.94318
2.94319
2.9432
2.94321
2.94322
2.94324
2.94325
2.94327
2.94329
2.94332
2.94333
2.94339
2.94342
2.94369
2.94501
2.97307
)
;
    }
    outlet
    {
        type            zeroGradient;
    }
    fluid_to_graphite
    {
        type            zeroGradient;
    }
    wedgeBack
    {
        type            wedge;
    }
    wedgeFront
    {
        type            wedge;
    }
    defaultFaces
    {
        type            empty;
    }
}


                                                                               
