                                                                               
                             
                                                                   
                                                            
                                          
                             
                                                                               
FoamFile
{
    format      ascii;
    class       volScalarField;
    location    "1.0050000000000052/fluid";
    object      k;
}
                                                                               

dimensions      [0 2 -2 0 0 0 0];

internalField   nonuniform List<scalar> 
4592
(
1.515339684444901
1.5079496701920545
1.5017904693926372
1.4958427607841469
1.4903694195342685
1.485135975883429
1.4804089364177893
1.4760936286197843
1.4723666215905749
1.4692518438740361
1.4669166171016081
1.4654512132884929
1.4649231418873061
1.4651916878283815
1.4660452583562962
1.4674137054433445
1.4693575094710751
1.4718518689312872
1.4748779091630753
1.478424556586537
1.4824896874007933
1.4870658013890115
1.4921469055649355
1.4977212846608594
1.503777628904909
1.5102984387837795
1.5172704020865406
1.5246699974137921
1.5324817228012193
1.5406782924278219
1.5492549827956326
1.5581757708527511
1.5154463619660485
1.5081859918604994
1.5022250027283759
1.4964882695820565
1.4912893114838495
1.4863771533420516
1.4820600602716978
1.4782517836886286
1.4751663407415239
1.4728505680798902
1.471498230322507
1.4711826192311801
1.4717864587281433
1.4730452944035786
1.4750333426447644
1.4777512307753207
1.4811724504931818
1.4852725500515032
1.4900413620457427
1.4954638169283667
1.5015241529325274
1.5081978558593696
1.5154590639860532
1.5232789832723006
1.5316287188716833
1.540473780479191
1.5497833739377074
1.5595175998698887
1.5696451130504183
1.580122785200978
1.5909277330639162
1.6020229232889032
1.5154777641638379
1.5081777945078212
1.5022078286835587
1.4964069992139017
1.4911560959683139
1.4861525430965092
1.4817521109473222
1.4778393849837599
1.4746621171421714
1.4722540765053664
1.4708334788847626
1.470481714622381
1.4711435354109359
1.4724927799916909
1.4745690832195604
1.477385757606082
1.4809269563462784
1.4851695208531663
1.4901046461657312
1.4957174249351033
1.5019937072048648
1.5089099358729188
1.5164416876090978
1.5245583829808136
1.5332310851676418
1.5424238421742746
1.5521042217352909
1.562230955865946
1.5727711014905525
1.5836782305249526
1.5949273905274075
1.6064855535305946
1.5155345583726743
1.5081807502859641
1.5022012043398627
1.4963167756275313
1.4910001830378021
1.485879972763094
1.4813747870972773
1.4773308035221657
1.4740394084548527
1.471516264698032
1.4700095680303535
1.4695993342975799
1.470270328987509
1.4716400288646878
1.4737579780934018
1.4766344739882895
1.4802607607212483
1.4846145157031192
1.4896882966808564
1.4954662976666726
1.5019352637147985
1.5090716046764947
1.5168519304549277
1.5252447061046948
1.5342212838387443
1.5437448515996268
1.5537828335607684
1.5642927386739969
1.5752409238498635
1.5865783523236932
1.5982812919344345
1.6103243402412941
1.5155912260725668
1.5081885122205785
1.5022147295651713
1.4962488049493123
1.4908686764461032
1.4856176021027303
1.4809892130427789
1.4767760028319312
1.4733230812636087
1.4706163497629396
1.4689426682462559
1.4683841506135769
1.4690395404695522
1.4704704974966656
1.4726587644827438
1.4756312234230409
1.4793936233330993
1.483924679103672
1.4892184540803246
1.4952575717482042
1.5020299030249644
1.5095110143311719
1.5176789273173521
1.5265006225834903
1.5359472486518162
1.5459796513126609
1.5565649082662376
1.5676569096510933
1.5792219270539145
1.5912061722375435
1.6035862158270571
1.6163398190510849
1.5156460695713423
1.5082555489641909
1.5023429905960277
1.4963537183369862
1.4909538242084144
1.4856056767956407
1.4808686142342511
1.4764786278611057
1.4728324357662166
1.4698801064523597
1.4679467672190698
1.4671075793022641
1.4675554702452251
1.4690011624485626
1.4712028813062912
1.4741953114040307
1.4780059702610893
1.4826212457279386
1.4880415972588048
1.4942502107248907
1.5012381601260607
1.5089815169799048
1.5174613480744574
1.5266447295899308
1.536504914954238
1.547000472127025
1.558099981452624
1.569753655129482
1.58192876412438
1.5945662941918681
1.6076442394891195
1.6211461098224755
1.5157807628426987
1.5086039776623124
1.502938145605057
1.4971393252952574
1.4919180771682496
1.4866747210506084
1.4820209418412023
1.4776358700654069
1.4739709909088448
1.4709344595595901
1.4688955013411125
1.4679111091509027
1.4682341412157793
1.4697524742490593
1.4720479368799881
1.4751341546026597
1.4790598983956675
1.483826118359336
1.4894443328318157
1.4958990700705679
1.5031846773972157
1.5112773467566645
1.5201617984144546
1.5298048968261759
1.5401832792624559
1.5512533862430384
1.5629861069041742
1.5753276502390612
1.5882471685019051
1.6016804523028714
1.6156074382260681
1.6300182108954739
1.516063930352239
1.5095060296403702
1.5044168600042822
1.4991850368363184
1.4944572686560371
1.489628152739815
1.4853224673279797
1.4811770957163364
1.4776924586662021
1.4747350875539156
1.4727186374758074
1.4716793590706514
1.471915120968575
1.4734094795742188
1.4757960536301697
1.4789689666416652
1.4829763641638549
1.4878455451431998
1.4936115604228044
1.5002667096572655
1.5078115829992007
1.5162238172028744
1.5254936338094667
1.5355889713362578
1.5464917241991984
1.5581571756102153
1.570560542037337
1.5836442939610331
1.5973811095326078
1.6117014862289427
1.6265880536664876
1.6420402369060478
1.5166091422330168
1.5112943348075241
1.5072737856412164
1.5031609526953136
1.4993901801332299
1.4954311179493962
1.4918791280271895
1.4883443710140225
1.4853763356097474
1.4827990563161499
1.4810752681930419
1.4802131242372356
1.4805422703406532
1.4820372661560257
1.484492604397706
1.4877274999707577
1.4917976847967016
1.4967524409568409
1.5026488007145447
1.5094878756935726
1.5172795878293228
1.5260052402551456
1.5356629818271605
1.5462233151961295
1.5576754749919242
1.5699750750736186
1.5831038002170641
1.5970017595786143
1.61164722263871
1.626966291696879
1.6429462156259043
1.6595981898520791
1.5175055731111875
1.5142729753173607
1.5119137188339629
1.5095478951207517
1.5072184284327284
1.5045951426473396
1.5021957219907165
1.4996333632961463
1.4975000489802108
1.495571141384985
1.494358473601106
1.4938315998262386
1.494344690301612
1.4958223235569019
1.4982104148320439
1.5013820440040133
1.5054185468504149
1.5103743925548889
1.5163182344087573
1.5232584555887525
1.5312189704515502
1.5401886666968903
1.5501776946366084
1.5611615302540964
1.5731397697572309
1.5860710048973441
1.5999461129795638
1.6147059144583475
1.6303364960329101
1.6467621131303696
1.6639774744962956
1.6820082071958442
1.5188149321105338
1.5183559209391613
1.5182260222221329
1.5180802757920899
1.5175506813492003
1.5165868968375105
1.51565264022038
1.5143534819581272
1.5133283326109057
1.5122943890346312
1.5117873733166023
1.5117340601710345
1.5124878599575431
1.5139486456918043
1.5162305866258916
1.5193122950044595
1.5233103817268081
1.5282643267311811
1.5342453688348385
1.5412685283465939
1.5493773403491116
1.5585720682156836
1.5688802951859067
1.5802854774726991
1.5928025692581849
1.6063972564759015
1.621073988563299
1.6367801583592005
1.65351231781796
1.6711998238702093
1.6898481929376801
1.7095038639998184
1.5206395815656377
1.5225649726881887
1.5250587711909551
1.526791687384575
1.5285238305206104
1.5293989790559692
1.5303013149074611
1.5305852102303228
1.5309182052999462
1.5309779361729441
1.5313302589513134
1.5318760987425815
1.5329627278965279
1.5345791229992702
1.5369214795056019
1.540043397481166
1.5440907032917588
1.549097427936823
1.555149332776169
1.5622736902452155
1.5705406955506296
1.5799653138700096
1.5906011259133481
1.602443769622439
1.6155329243792276
1.6298465049903652
1.6454105033048381
1.6621870665281242
1.6801870331411262
1.6993585960941757
1.7197201409880409
1.7413549501741326
1.5229959096046282
1.5275362303702404
1.5324887528907261
1.5365205221768452
1.5403704230570276
1.5431135377063208
1.5457243571613402
1.5474732271006988
1.5491686959124975
1.5504300805546594
1.5518145749205046
1.5531984361362809
1.5549546375344439
1.5570645719768801
1.5597663178432666
1.5631250652126161
1.5673297393291257
1.5724522159621739
1.5786223365151266
1.5858843877080735
1.594340010068221
1.6040187027808082
1.6150113446609549
1.627328279716024
1.6410488800528331
1.6561658670279154
1.6727416123205918
1.6907601499001581
1.7102556421997521
1.7312168428844794
1.753675695572998
1.7777929739297078
1.5255790889749461
1.5330871221701703
1.5407998800158622
1.5472909191591988
1.5534536894631885
1.5582012020644163
1.5627169419209481
1.5661396352067234
1.5693662261621215
1.5719435066126273
1.5744769948937993
1.5768184052946042
1.579383247989981
1.5821682831892352
1.5854245958085718
1.5891706712450482
1.5936185332514567
1.5988840798277744
1.6051629812389199
1.6125376367762536
1.62115876591991
1.6310676260058292
1.642403098700467
1.6551874135743216
1.6695614890304076
1.685530851120173
1.703224153316899
1.7226487953767144
1.7438886507034721
1.7670006980673263
1.79203564752452
1.8193236834484094
1.5280472280936903
1.5390092070414496
1.5496836859802283
1.5587677395373125
1.5673598420119699
1.5742162020973045
1.5807454446826144
1.5859719330388224
1.5908953225693141
1.5950029813669038
1.5989254673335498
1.602477438911911
1.6060814231729525
1.6097252144378376
1.6137087865763693
1.6180931558561944
1.6230885791046583
1.6287318778370623
1.6352456133407538
1.6427756130971038
1.6515634530258241
1.6616896073471807
1.6733698674969413
1.6866290500254251
1.7016967477327543
1.7185785240525295
1.7375213015735704
1.7585405903955698
1.7818345228795873
1.8075434836930477
1.8357823520246976
1.8672388026546676
1.5308579153656765
1.5455665105424734
1.5593370659259704
1.5710166089284232
1.5820552875012897
1.5910092087162409
1.5995625560139801
1.6066162249858398
1.6132889125044161
1.6190192758170741
1.624470574413255
1.6294252688618651
1.6343043690608128
1.6390709754437356
1.6440344017048727
1.6492517283735535
1.6549960512183621
1.6613562864717086
1.6685420198959782
1.6765692943555757
1.6857152574788554
1.6961518964156697
1.7082260630748949
1.7219903112110047
1.7378134752479562
1.7556772349564884
1.7760188717233585
1.7988147771847234
1.8245143016106318
1.853307046829342
1.8855566559250634
1.9228573822979278
1.5337652382060645
1.5525673090232108
1.5695818847688123
1.5839693933957795
1.5975499735795546
1.6087084196264518
1.6193842291701543
1.6283720440036487
1.636890730897457
1.6443445751173527
1.6514267096586897
1.6579024732623744
1.664196659627736
1.6702557619665506
1.6763952672353784
1.6826584164690743
1.6893396855472407
1.6965254547548199
1.7045194739249154
1.7134032494747897
1.7234550344267594
1.734624116363825
1.7472950617613359
1.7616509478608668
1.7782981505660311
1.7972122190534086
1.8191416395084805
1.8439359014257313
1.8724815679861557
1.9048701769046366
1.9424904161411956
1.9903324133608606
1.5372842706433774
1.560576307721032
1.5810510027144549
1.5980794752273304
1.6141811997775153
1.6274861725005318
1.6402714876240732
1.6512035513895897
1.6616149171845875
1.6708759660381989
1.6797121313815595
1.6878740203270404
1.6957873661775416
1.703375767069901
1.7109527901222261
1.7185370323317153
1.7264354897734975
1.7347138534988482
1.7437240026032235
1.7535468505731382
1.7646020620648366
1.7769339371425468
1.7910213043893279
1.8066817396050703
1.8245348507141448
1.8446492002897423
1.8682805087517882
1.8950567528155984
1.9266792508925974
1.9630438093188483
2.0104797383467408
2.0922070452088484
1.5407832301666429
1.5689875258919423
1.5931234015733464
1.6131210984156734
1.6320832440081645
1.6479423996109153
1.6632318541079361
1.6765135752944238
1.6891885790187675
1.7006023801708663
1.7114956975885951
1.7216205151470758
1.7314047015189691
1.740767803248211
1.7500361159477653
1.7592260869669039
1.7686784339608943
1.7784584488871762
1.7890134030238187
1.8004327212027778
1.8131698581548872
1.8271687447022442
1.8430551833039881
1.8607432364830572
1.881187602891782
1.9039324991194786
1.9301618722548555
1.9592435959318113
1.9949096183004864
2.0399279822530847
2.1264637333445666
2.375328850380614
1.5459955063428275
1.5798984184075426
1.6084409544549145
1.631615743342953
1.6537730297641473
1.6724585322484455
1.6905799159032657
1.7065565588409768
1.7218790539017022
1.7358895095606668
1.7494195715085916
1.7623212521966198
1.7749902282753036
1.7872979038644721
1.7995670708732361
1.8117994534076276
1.8244059329824367
1.8375075395948983
1.8516834139238452
1.8670656683538447
1.8842809976568502
1.9032863958611448
1.9249878737074035
1.9493778955618242
1.9780162025439971
2.0107572073898408
2.0498412166298476
2.094414587653072
2.1500116751284404
2.2439944667408369
2.5639247064757966
3.6601011923076969
1.5531854558100091
1.5944961096105732
1.6289835450961865
1.6573785742769593
1.6849345055025711
1.7088027610146019
1.7320157530637894
1.7529262166373893
1.7731273343380911
1.7921109112487161
1.8108708653756043
1.829363501584873
1.8481537434023219
1.867471068919291
1.8879532780215609
1.9095833607465129
1.9333288109180211
1.9600322770180958
1.9911369830610397
2.0275617927890481
2.0712636292060265
2.1231245769775868
2.1857925940695595
2.2602557872933287
2.3524120044610042
2.4646105758525834
2.6063894539336268
2.7840049566920388
3.0369775508698984
3.5998068190815986
5.5488768269677617
9.9185608690569111
1.5744871931365809
1.6292274803611222
1.6759489187108809
1.7141855452523003
1.7513887591607704
1.7844526673648708
1.8175147364945963
1.8493122926361787
1.8821801928063351
1.9167788286541616
1.9556852014076653
1.9993221851067953
2.0500129273548646
2.1105555662785673
2.1841562310243403
2.2710117108973757
2.3766388796143278
2.5074949229080437
2.672873387515041
2.8810705821207732
3.1456196259026363
3.4771725130938109
3.8924252378833657
4.399637873102126
5.0255956326324736
5.7848894795730921
6.73991705561237
7.9549254622848959
9.763922440640421
13.70941835291787
20.226105542231753
29.11692206142558
1.642336887783459
1.7270568011902174
1.8009083870060127
1.8677368768408831
1.9387689675247908
2.0148805759312114
2.1053221195248399
2.2083710692832006
2.3322578597612313
2.4871997167862938
2.6900182399967858
2.9461690961496769
3.2758391425585427
3.703130025264123
4.2522285992828799
4.9483039815531624
5.8187203459593935
6.8839480041506906
8.1708492683273821
9.6897719166624121
11.467643498374921
13.498685090629126
15.765404815759007
18.224638303138679
20.954086445250432
23.952594559856944
27.472607771881236
31.763311297412724
38.460532791689822
46.306665476271654
55.004472036217457
64.066318185797471
1.9317818853601678
2.1168796732513466
2.3147327751113131
2.5666360334535216
2.9034996680705873
3.3597938926641664
3.9711636342222678
4.7185863360261209
5.6655581190879412
6.8760510663535239
8.4174619258309367
10.356022905763218
12.748528428711531
15.591957582598139
18.826838270027075
22.432510758976182
26.403159743168438
30.695319924552745
35.297551944554741
40.132613820783
45.199748386154567
50.391949363183969
55.60613926362219
60.756955004214241
66.054864479136853
71.445132890705636
77.950475314207964
85.28159813418965
92.557981727422202
98.794839747823517
103.97802853132561
107.97558413234957
3.1569861141683502
3.9877411449374702
5.3012142178524844
7.3762676555626134
9.9390296948705732
13.040884662816971
16.797326893294692
21.273253698921774
26.500508795118066
32.458509343272411
39.103127411909611
46.356702456924488
54.118416954464692
62.15949165095703
70.174412201406639
78.093984715026806
85.911700185249487
93.522789603773376
100.93445816918513
108.01090657932339
114.79742797639578
121.14622815412611
127.25445301371464
133.09571857339913
138.92575115816177
144.33812751673099
149.0045719692458
152.45333739278684
154.55638661588429
154.60321975722263
152.64314210116549
148.68238418447942
8.279518237148622
14.853075944268687
24.019913099723681
34.88274145035718
47.035893914109259
59.956131048757747
73.321249369361539
86.792803530195002
100.12878753441574
113.07860887143137
125.53919813504253
137.45606847910381
148.63867746993859
158.89615261401624
168.24903847021932
176.51753204097773
183.81693318354903
190.03925563615957
195.38544451782926
199.75481336231232
203.38667987768798
206.1586783368561
208.22753300003282
209.29148354298817
209.48258514166952
208.73825238171534
206.68335229967531
203.22732847998287
198.3342334102268
191.77902138530359
183.19990856251647
172.39936594352395
25.803550680904305
60.167894038666724
96.822624860327437
131.81683267789001
163.89363076785318
191.87980665513487
215.33559221201494
234.12551257204564
248.63196523072273
259.34607739139045
266.86773336628579
271.64858081378799
274.31322434810568
275.29313596497235
274.90291830577053
273.47006931871658
271.16504783453325
268.22611422767045
264.71309414887764
260.82674321372713
256.5518641156952
252.04903226248695
246.86848769252163
241.31798685598133
235.28260773543769
228.97164327844371
222.06645861267953
214.58978419631941
205.9123069145999
195.76238961624759
183.2413461459571
167.97167157610951
44.930393468740256
83.14374122468169
114.99910977592539
139.53963380820591
157.41501160424446
169.75029364315077
177.73812794143694
182.42734536471445
184.66670301432697
185.14664212224346
184.36985922550963
182.7483894599259
180.55050900082455
178.01634642342634
175.26391155067353
172.43362980919201
169.55331320220989
166.71377300352577
163.88760225311125
161.1475647262497
158.43045504485281
155.80844004156236
153.1572646035512
150.56926033477825
147.91645380099826
145.29943436673824
142.55168026559249
139.75657320165962
136.68321988595511
133.34319835951257
129.4009336603828
124.73396511983621
1.5674273411935213
1.5767984282363616
1.5867118965607601
1.5972206429851896
1.6082329015873769
1.6198053333801621
1.632090465914759
1.6451156787116352
1.6591179990552867
1.6736553509704817
1.6889894950102415
1.7050213374520509
1.7219450694916385
1.7396737940593829
1.7583245409021333
1.7778813362487784
1.7984467606203405
1.8200941233821073
1.8429301383140111
1.8669641081721235
1.8922645101440929
1.9189181298248941
1.9470370871501179
1.9767547669848522
2.0082318251386715
2.0416482089494123
2.0772106936477246
2.1151433603673868
2.1557078846884039
2.1994171979759618
2.2458405046517114
2.2941318683578813
2.3443061642483323
2.3963584697827613
2.4502997108995412
2.5061274604378649
2.5638613377679551
2.6235083746350378
2.6850942038414494
2.7485955776908839
2.814038948687724
2.8814160672098921
2.9507549824707699
3.0220412078800738
3.0952940486657754
3.1704917940779325
3.247654075469236
3.3267313755481389
3.4077232861886779
3.4906077523354311
3.5753994989529474
3.6620431582389696
3.7505542733463235
3.8409023764610564
3.9330399207859461
4.0269117452890528
4.1225260044363434
4.2198203849430715
4.3187931247251372
4.4193314150799479
4.5214328454741111
4.6249335684148329
4.7298783052825639
4.8361279573380775
4.9436579893150743
5.0522524568293035
5.1618726135230784
5.2723717520731386
5.3835634416509652
5.4951977252016375
5.6072422202693639
5.7191294231688383
5.8307486165589522
5.941592779320402
6.0518516151001887
6.1612699744832824
6.2692815040969583
6.3752028990731198
6.4783573252031674
6.5775552068322201
6.6715105414760822
6.7590532865344732
6.8379662671366299
6.910746660556061
6.9638965351310391
6.999496711360516
7.0172232034748694
7.01602233711324
6.9922463308522858
6.932248559770958
6.8343049621588481
6.7233647200411157
1.6134840792571523
1.6253344005078534
1.6381081206752708
1.6516011249080722
1.6654706432077353
1.6798766416013988
1.6950873687872392
1.7112536799380638
1.7285001108388234
1.7460742663864934
1.7646095683293705
1.7839732345704971
1.804398296080163
1.8257576679981893
1.848158445936992
1.8715538258883031
1.8960018696340344
1.9214697226313586
1.9480005399882836
1.9757069742431435
2.0046771858058352
2.0350057790367768
2.0668837882984525
2.100355498595635
2.1355586745715494
2.1726508605272157
2.2118094313357615
2.2532336383431115
2.2971439966999014
2.3437870369584419
2.3934326380863196
2.4463793079372933
2.5029307494607753
2.561846260487048
2.6229864012399693
2.6863918752087081
2.7520874240873203
2.8200998507313355
2.8904524864759793
2.9631714790190569
3.0382857298878307
3.1158229152427199
3.1957750752818272
3.2781666400679779
3.3630163740338364
3.450336965719571
3.540142019538365
3.6324431238871973
3.727239994329683
3.8244960122599454
3.924213781065252
4.0263813384095366
4.1309888775919399
4.2380027979462902
4.3474210781669402
4.4592028739528615
4.5732413810680548
4.6895315389234495
4.8079903645673365
4.9285678982776489
5.0511681085296907
5.1757426898232284
5.3021382838533286
5.4301845593946059
5.5597767788940571
5.6907738959854894
5.8229753007222458
5.9561425967685508
6.0900920138739902
6.2244367850455244
6.3589385247097061
6.4931997038784912
6.6267724515117372
6.7595042246265935
6.8908312665275879
7.0197655052583094
7.1455092349975295
7.2673352699732305
7.3845568935433326
7.4960406354589431
7.6006986762721276
7.6977706512620472
7.7879566772504134
7.8600667331768426
7.9087534941086925
7.9420540263691466
7.9601849787323253
7.96001855783088
7.9308027924065909
7.8649445623833669
7.7657181232426256
7.6536907473995583
1.618425690306577
1.6307376596650887
1.6441576900263797
1.6583268560769937
1.6725968006651306
1.6873125971035374
1.7029452879762514
1.7197809471151668
1.7377524027937696
1.7554594927462195
1.7742242453912116
1.7938363127544548
1.8145845201381288
1.8362390117711895
1.8589222443116853
1.882506531639965
1.9070098256726542
1.9323515278080801
1.9586009273665137
1.9858914027673282
2.0142950456791708
2.0438833797001807
2.0747344933467482
2.1069447618048778
2.1406227961415398
2.175898650693088
2.2130421163392584
2.2521021651560971
2.2932595340858639
2.3367189188768775
2.3827021342193024
2.4314585797313604
2.4832589692437845
2.5384045586612922
2.5972265936408525
2.6604875038898905
2.7271305596794715
2.7963762000148833
2.8682768266927345
2.9428905546234181
3.020256927491336
3.1004190813925177
3.1834044596787514
3.2692606206236188
3.3579903471390979
3.4496292491894107
3.5442179646582082
3.6417926694271681
3.7423752914566881
3.846010893621429
3.9527164867275255
4.0625123303804456
4.1753694194949462
4.2913115760262777
4.4103483759429611
4.5324661309764416
4.6576498039253655
4.7859042402102778
4.9171868191078634
5.0514239686042215
5.1885499486957167
5.3285183706371164
5.4712330530588602
5.6166336666330094
5.7645773852189777
5.9149085987667309
6.0674267412802632
6.2219400464957344
6.3782507582522197
6.5360322578155028
6.6949962388680868
6.8546805493817953
7.0146407501480308
7.1746186759036563
7.3342952741507768
7.4924999525779423
7.6479801370724694
7.7996582335313667
7.9463529028375515
8.0867247190452805
8.2193607743086528
8.343428051897428
8.4627037702007222
8.5578905171815016
8.6224870627910946
8.6705337171284054
8.7034558582603445
8.7173053247304075
8.6949354537482773
8.6296120804259981
8.5288571426293878
8.4122252986090036
1.6227857355117539
1.6355724564342156
1.6496479176304017
1.664460426101638
1.679115735570599
1.6941177056895422
1.7101099115651031
1.7274834084391004
1.7460271545917883
1.7638858220522537
1.7828859618440747
1.8027115032995364
1.8237391220285399
1.8456367636506608
1.8685326245796736
1.8922487528214955
1.9167809193554077
1.9420165261918951
1.968049710994864
1.9950041904299736
2.0229402803304906
2.0519129296865541
2.0819796685427145
2.1132157232965758
2.1457054160472881
2.179548946178274
2.214858290435445
2.2517626407233435
2.29040737076566
2.3311055787121466
2.3738977338476697
2.4189883719961358
2.4665952203566199
2.5169648322004856
2.5703617455354584
2.6270856961377809
2.6874550522059049
2.751833514126659
2.8210570771398578
2.8950967599124264
2.9729806025001393
3.0539539960716664
3.1380842985437818
3.2254662834705137
3.3161711432304637
3.4102512310995143
3.5077267374440826
3.6086461487304202
3.713051141863505
3.821015323453032
3.9325661931894831
4.0477728633153101
4.1666382172515082
4.2892409691045374
4.4155443784799324
4.545572528479906
4.6793494448921127
4.8168635106951827
4.9581706706178066
5.1032008315973592
5.2519025224727409
5.404215459201013
5.5600865692589609
5.7194211510807644
5.8820711604358928
6.0479492111898558
6.2168108382530223
6.3885320548768174
6.5627423070137976
6.739085857529016
6.9172643816444657
7.0967786267801003
7.2770572226893568
7.4579635858428306
7.6396033247651127
7.820603912489509
7.9992374102226096
8.1741272912357719
8.3435233793941119
8.5057680682372823
8.6589760959870983
8.8022485894506239
8.9418422640985789
9.059182681724895
9.1367046732925576
9.1947450925146903
9.2378535830089401
9.2633482271653325
9.2491278999487339
9.1833423310038409
9.0795735767941288
8.9778005418357569
1.6295574075680137
1.6431018333685068
1.6581522693036286
1.6739610106861373
1.6893585435856575
1.7050186179862687
1.7217507878239278
1.7400311867069509
1.759529398635465
1.7779754053392212
1.7976893985837556
1.8182276637278645
1.8400700725208341
1.862768821941579
1.8864871541075692
1.9109657910524003
1.9361902151623167
1.9619982426137668
1.9884752621904098
2.0157843434376503
2.0439795556954485
2.0731297279704033
2.1032560765979955
2.1344194727220018
2.1666869727230158
2.200139151447905
2.2348649719245102
2.2709687693311409
2.3085640151899973
2.3477837044199594
2.3887737838145493
2.4318585434971585
2.4770694609103483
2.5246131828496203
2.5747090726015709
2.6276087179782817
2.6835726963365039
2.7429041795762918
2.8059169742726322
2.8729808727040731
2.9449450737542753
3.0217744340677681
3.1039066987046864
3.1918575074995927
3.2852914337744341
3.3825513414272783
3.4837486010276568
3.5890127747325109
3.6984689897874978
3.8122038849563911
3.9302636497379524
4.0527698920841786
4.1797531251778421
4.3113502221723747
4.447585111678225
4.5885652555281711
4.7343454322612679
4.884890231136402
5.0403244260703284
5.2006239337491964
5.3658033540774577
5.5359308404947249
5.7109554276241612
5.8908357430586138
6.0753210547421661
6.2645294277519694
6.4581281208179897
6.656165048622487
6.8581054974711471
7.0637727923977831
7.2728013636087212
7.4845569292368612
7.6984939615974159
7.9141916733113087
8.1315751747012168
8.348674869357259
8.5632795537748123
8.7738675854777366
8.9778600317131101
9.1736569042212093
9.3592454054113468
9.5339896173191576
9.7071507691500365
9.8408665410751688
9.9243437632882454
9.9887476876924612
10.040203504632942
10.073332495547461
10.057751649157046
9.9856201765463162
9.8754355779024312
9.7867321005034835
1.6351447381947155
1.649357390810013
1.6652611814157652
1.6818794501034247
1.6978366140523971
1.7139775900546907
1.7312904092103378
1.7503379839315523
1.7706363549412927
1.7895050499929881
1.8097631609940785
1.8308250066004097
1.8532841559377344
1.8765781664119368
1.9009052245382974
1.9259467132161783
1.9516879532912677
1.9779285417647214
2.0047684476018111
2.0323794117976068
2.0608111197304106
2.0900976659581172
2.1202715158225844
2.1513824368395218
2.1835132202409233
2.2167016784458475
2.2510178009540223
2.2865441371035913
2.3233691168943875
2.3615989011137666
2.401345265139728
2.4427442137629201
2.4859363529388809
2.5310944686185946
2.5785675930286671
2.6283987826838811
2.6807974228475224
2.7360227012417733
2.7943243069699921
2.8560067384011552
2.9213714908268908
2.9907818033664793
3.0646047442935131
3.143790732821746
3.2282519443475515
3.3185067170745
3.4150786860557347
3.5185721869703626
3.6295912452449786
3.7465599340440652
3.8685129589292822
3.9956631950108226
4.1281472180076006
4.266233022847171
4.4100170648876036
4.5597101084408278
4.7154054355475532
4.8772367037021818
5.0452921697408613
5.2197301816277628
5.4005470497414532
5.5878862614641758
5.7816762146317515
5.9820745576379837
6.188929255958433
6.4024304485469568
6.622210372082189
6.8483791215441947
7.08014733042089
7.3176895137029829
7.5602137748042537
7.8073044566455163
8.0583274919033272
8.3123563689187119
8.5703780482554013
8.830356439609309
9.0892483943090419
9.3447688592202898
9.5934991669761356
9.833216331641772
10.061019809000792
10.276029583261616
10.490450342488989
10.661748894250184
10.766474594367097
10.847449094953518
10.915212686912181
10.964914216688108
10.958595222841154
10.885162037483145
10.770167842479021
10.724238495820687
1.6449615271333433
1.6599804096405999
1.6768883968792683
1.694459229540781
1.7111113717819431
1.7278703955820918
1.745876026624898
1.7657580793379282
1.7868976986704763
1.8063497867435301
1.827321960217211
1.8490722823604802
1.8723223122071426
1.896389814135057
1.9215226462854123
1.9473309859631347
1.9738029501416843
2.0006981244693911
2.0281376407844278
2.0563072512037617
2.0852596023932377
2.1150247545119489
2.1456314203269473
2.1771216737623993
2.209539821520949
2.2429395385792623
2.277407699315698
2.3129830381773249
2.3497398397889766
2.3877605615146944
2.4271400648167223
2.4679855220531088
2.5104139873952693
2.5545618252462421
2.6005790384811083
2.6486321432913629
2.6989073782772106
2.7518061273668804
2.8073613055455686
2.8658297602536988
2.9274816597012117
2.9926250330281117
3.0615909630490896
3.1347430394207683
3.2124753307946445
3.2952626315601252
3.3841131770361939
3.4790151181620357
3.5805222209641916
3.6892838109915358
3.8059863137426024
3.931380590096472
4.0662946135230111
4.2116366900047471
4.36564068740946
4.5270969484629848
4.6961889919506641
4.8733416543799306
5.0588456085890412
5.2531991025303899
5.456552455102643
5.6692046482529559
5.8912508559329213
6.1228490311049404
6.3638294002246294
6.6144627421257134
6.8743812078884359
7.1436826491960863
7.4216651433964707
7.7084588980019166
8.0027758120510093
8.3041249347911208
8.6112311029543189
8.9230766701707243
9.2398896063374085
9.5609190849888854
9.8819688988419312
10.200013292879774
10.510858907182321
10.811483854447438
11.098240117392987
11.370784297035421
11.64556863935055
11.849243300927636
11.966933262920818
12.058674205475061
12.139542635900819
12.201247616845659
12.195493206690889
12.11491807468953
11.98958133547035
12.085684366791078
1.6580566969972623
1.6738893102539945
1.6918008942093876
1.7102645664951457
1.7275443070115166
1.7448524390345932
1.7634945450347488
1.7841557394479952
1.8060572332354132
1.8260512425490201
1.8476988226516264
1.8700871844581233
1.8940795403078743
1.9188701781934743
1.9447713051180822
1.9713248501388849
1.9985331983220003
2.0261220619629974
2.0542389657135232
2.0830751681771718
2.112691350685802
2.1431173085508406
2.1743829722179435
2.2065276614975931
2.239594061645922
2.2736268757350961
2.3086784792270523
2.3448025302157176
2.3820666015937739
2.4205734403971775
2.4603808447168216
2.5015795965109975
2.5442869018743628
2.5886250729897888
2.6347484165492432
2.6828161597554825
2.7330327965903649
2.7856093234944428
2.8408125481127633
2.8989230561443891
2.9604903559962694
3.0256601372731935
3.0948482244841533
3.1684938472095601
3.2471044667241609
3.3312286278469014
3.4213975336321241
3.5182850550795473
3.6224969189881193
3.7347558542423425
3.8564166416134968
3.9875508804674955
4.1289224986971931
4.2813902938758437
4.445742773961868
4.6230663901687432
4.8140472860318555
5.0200143981406473
5.2418801198485596
5.4826957775711849
5.7412811703532043
6.0137460972543382
6.3001907636130801
6.6009687868990552
6.9162799089634728
7.2465426448933306
7.5914229563562934
7.9513145367524105
8.3253272124931748
8.7137903851648026
9.1150777461012549
9.529060496457797
9.9530713801346788
10.385406077679619
10.819613894409873
11.258882293215946
11.697395120487768
12.131729434546545
12.556382149503673
12.968610618218259
13.364593904699891
13.746331183909422
14.139142365796484
14.340880514539579
14.424377317595978
14.490501087241496
14.55851844536511
14.600445613114038
14.546884440784117
14.427893862884874
14.269641082241412
14.740415702859693
1.6768708818073013
1.693647608378867
1.7127237408298639
1.7322187957578572
1.7502371255907767
1.768189406834578
1.7875449456096029
1.8090319370675974
1.8317128322378484
1.8523520497636368
1.8747853055825294
1.8979133941971975
1.9227627921625541
1.9483955132538375
1.975202585581612
2.0026474860588657
2.0307533141410015
2.0592083055224348
2.0881913839240815
2.1179055268717435
2.1484245920022174
2.1797850925075108
2.2120217675780904
2.2451798889254215
2.2793064914138066
2.3144524694259725
2.3506767505257935
2.3880449208858692
2.4266398784296892
2.4665588357130925
2.507929238647097
2.5509024220939973
2.5956759916189034
2.6425265386334034
2.691708271082804
2.7435652835533149
2.7985277545604523
2.8570888758074302
2.9198378991476868
2.9874148796245303
3.06055738629856
3.1400629400600275
3.2267964312957842
3.3216726461487522
3.4258989364032528
3.5401608036033814
3.6653487230387483
3.802465112585423
3.9523058097126857
4.1157630190036594
4.2934660713298154
4.4861862375778969
4.6943721897632775
4.9187501269162546
5.1604084574676561
5.4191713891404243
5.6948739108591573
5.9885279368955304
6.2998997197930118
6.6300240127800212
6.978807733692423
7.347525863191283
7.7361535315021808
8.146342542790169
8.5805833116169357
9.03856954764513
9.5210004943917657
10.030928113940377
10.569605385663921
11.14152315278554
11.748376266957367
12.396834232922046
13.072860177473
13.768936914630526
14.464592492317978
15.168952096467272
15.873377024647228
16.573675784146246
17.261574344120099
17.935349268599094
18.590173327091097
19.233210159070666
19.910930540130547
20.067686125694031
20.024607411308978
19.987393927768217
19.987042916581352
19.940380200073381
19.732948814046019
19.507805351885683
19.266474565533684
20.393597362047814
1.7007517726223382
1.7185928782298538
1.7389954197588569
1.7596337554962576
1.7784601192833842
1.7971094302864157
1.8172317918337479
1.839599787345938
1.8630967965634313
1.884433744263416
1.9077152584561738
1.9316327713514485
1.9574058711872324
1.9839489884314441
2.0117529651490775
2.040193424693276
2.069325382553679
2.0988000947011938
2.128836282800207
2.1596481768812095
2.1913298610477239
2.2239315317743613
2.257509098632617
2.292134481325165
2.3278916873376985
2.3648925652014028
2.4032752293228992
2.4432267700214565
2.4849969626042281
2.5289194892922739
2.575442931832097
2.6251427438137465
2.6787167992791643
2.7370312648801267
2.8011414878974179
2.8722806058816017
2.9518791536150282
3.0416072269249814
3.1431155260639874
3.2581884276018487
3.3886979769322729
3.5365263730949663
3.7034444430431859
3.8911057730847802
4.1009544116044889
4.3342354078219545
4.5918635550669551
4.8745959638056897
5.1831956644024597
5.5172980029434529
5.8765546778224591
6.2607162756506263
6.6689015819727935
7.1007430763273263
7.5548362281882531
8.0306991538918862
8.5267067934094403
9.0426340012150277
9.576770102876571
10.130551180434267
10.700625249005906
11.287557049815103
11.889718934777557
12.508235021455381
13.141713977415854
13.792074562991708
14.458141088582382
15.14225306077539
15.843872201232307
16.569417099513434
17.313991450366139
18.081679081635503
18.872153951855143
19.691297583504166
20.502213242909296
21.352458586993865
22.255580185632482
23.235852126517688
24.285822722463866
25.429454777274962
26.57140573699219
27.714966237943305
28.930839091962337
29.294122475385777
29.271465022823598
29.221669999960927
29.235395215593822
29.172918099955076
28.867022951323019
28.574263963869615
28.257337361496571
30.209839802080698
1.7300334171838716
1.7491782788610983
1.7712293318331844
1.7932862091663218
1.8131184157274367
1.8326239695120066
1.8536536341707421
1.877030149164127
1.9014570751234006
1.9236173575453579
1.9478851810214322
1.9727123707598462
1.9995542688559274
2.0271515432282694
2.0561183784428998
2.085727239816805
2.116076057508935
2.1467814665890983
2.178119262847813
2.2103402482509358
2.2435961286910318
2.2780128367419223
2.313756738902669
2.3510678305226889
2.3902842513535045
2.4319263007982608
2.4766354103794246
2.525278524485679
2.5790316739996211
2.6394229271465797
2.7083993155969588
2.7882408909810601
2.8815752291141514
2.9914659815709737
3.1213284027458492
3.2747313257303539
3.4553850702785112
3.6668609228237186
3.912562316114693
4.1954275151248934
4.5179943038549908
4.8822040457087859
5.2888678406281491
5.7381055234813347
6.2295699537712883
6.7618725143469112
7.3334880401750331
7.942072021326533
8.5851118920392757
9.2593663906336374
9.962238920790222
10.690242807336359
11.440991032544728
12.212284412927971
13.000617710993238
13.80318367881083
14.618451295275014
15.444187538444941
16.279363955242101
17.122506874808575
17.973293480793512
18.831024354965798
19.69546006087096
20.566875798967651
21.445325586810888
22.333426869742691
23.22895297373173
24.133306472381982
25.046785961746817
25.971128839479807
26.90694524714192
27.855698146759398
28.818236480351572
29.797314012151634
30.743682486089387
31.658427265984574
32.575678901977717
33.518902648936319
34.512054385460424
35.577072534491705
36.721944580678034
37.954995775613455
39.336285367743102
39.963573853821373
40.350611699843761
40.603724907734666
40.916968699820409
41.158996194216044
41.143597117794258
41.065890877889018
40.83859649699184
43.579213066562978
1.764112270376949
1.7848489086708825
1.808955311853677
1.8327432651655946
1.8537904399770659
1.8743111768727039
1.8963920186862757
1.9209146277348057
1.9464031383570017
1.9694834460084791
1.9948542814978163
2.0206803522810524
2.0487159573778677
2.0774908345111061
2.1077796584775275
2.1387485923263791
2.1705766993533921
2.2029002163174187
2.2361495723443978
2.2707719897048233
2.3072572397692794
2.3462238668764646
2.3884743787058
2.4352311047778166
2.4882964493690478
2.5500945521057408
2.6234997192272362
2.7123013649785062
2.8211444532802585
2.9553910299953396
3.1210482787571432
3.3244979573007321
3.572441323129929
3.871222874641707
4.2267431546956322
4.6435297014257184
5.1250510430690905
5.6730054230307294
6.2877012474977114
6.9674862435622025
7.7098850916382515
8.5099939970622351
9.3629317872278559
10.26240004503242
11.202681584440302
12.176900099906273
13.179768680336691
14.205550900506614
15.248448477409978
16.30261852800961
17.365068469236249
18.430736559179799
19.498380263016628
20.563842943809867
21.627698295458607
22.686410007280728
23.741355025921834
24.790021946884451
25.834782646916928
26.873847204235865
27.912277991280963
28.947691813732305
29.983913599263669
31.020500430400247
32.0614017406931
33.106613513282312
34.160142523802442
35.222529349573932
36.297624086409002
37.386156904903139
38.491220042847104
39.613370525434874
40.756129864143588
41.919438785780571
43.073752829277304
44.15981247879899
45.220088089601596
46.271723311406689
47.333503518099448
48.421416413335237
49.553805017159362
50.754679489296514
52.121315745685386
52.415030212852898
52.471784224121485
52.711166451331486
53.237421391332717
53.97740446025098
54.726341100753864
55.25562990585351
55.37310891974635
58.45075788079874
1.803401970665347
1.8261194854071325
1.8528593645146505
1.8788015836244136
1.9013129626372156
1.9230131033086617
1.9462685565693048
1.9720532257323113
1.9987264382063432
2.0228130184068212
2.0494059134503719
2.0763165350661108
2.1057069593170294
2.1358763822343492
2.1678630766836098
2.2008467851159179
2.2353910741467802
2.2715711194092827
2.3105722733713678
2.3540693367999284
2.4044087750214413
2.4646122098707335
2.5386599310589775
2.6321836714720184
2.7522447381745279
2.9072964965750474
3.1072600427731243
3.3627997225933464
3.6844805583674276
4.0823598562812808
4.5651740094720568
5.1395178774098564
5.8095499108933515
6.5755890065085776
7.4352688779784337
8.3834108286155917
9.4126862306499763
10.513941145840821
11.677060955958105
12.890932155144659
14.145352142877478
15.427969839011846
16.729448942426693
18.04072646291344
19.354458538101522
20.663888320962982
21.964027033667943
23.249766972213795
24.518782599526773
25.767226963044585
26.994059805615748
28.197876694092123
29.381105097359384
30.542951746018986
31.686465347437167
32.81018776337681
33.91781473192512
35.009785570296131
36.090517603692589
37.161217321473657
38.227188045461702
39.289269766684136
40.352785054874232
41.419204791751319
42.493958118083185
43.57872535035763
44.679021534420521
45.796920871517543
46.938030697521569
48.103383684276608
49.297526714093372
50.522633812369797
51.78279174536592
53.084141586866139
54.417320505738601
55.725549038826358
57.022993110768432
58.319234494371941
59.617759011416943
60.923491653106908
62.241588245362813
63.593642179077534
65.081900914209086
65.408767952501094
65.197831545227288
65.101689312626391
65.320218656208368
65.810959153479573
66.551971131509958
67.634779330080036
68.319052732938403
71.352916423923062
1.8486156582116908
1.8737321992575002
1.903838409144911
1.9323929926504997
1.9565939293817425
1.9795762367096426
2.0040366847213598
2.0311102659212699
2.0590528838066353
2.084222128290389
2.1122554667699327
2.1405704955513594
2.1721239684123246
2.2052121153902031
2.2417182506234199
2.2819062544386548
2.3284090180445349
2.3839877811014047
2.4538897686532364
2.5454894054496879
2.6683830956524615
2.8342125103358957
3.0572611324838515
3.353604679079472
3.7400684458284266
4.2327535450956999
4.8448440148296132
5.5835125642121195
6.4491150452377113
7.4406361216481169
8.5523718934675141
9.7748179345590813
11.095636677907905
12.49851443222321
13.968014324867417
15.488271866339543
17.043957165851911
18.620652581719973
20.204826962809079
21.78110298901084
23.339729854423922
24.8723280343829
26.372350773638807
27.83468694105073
29.256167304019915
30.636307631164346
31.973385919167374
33.266992303597554
34.517994596010482
35.726397343604042
36.894813084671675
38.026465247426685
39.124210819505777
40.190180196440345
41.228142292959134
42.241828617682835
43.235920731952376
44.214386527857272
45.182120890716163
46.143083478637358
47.101698036510093
48.061573783909772
49.028283572232596
50.005879757401907
50.999584011730462
52.013507000844598
53.053068757287249
54.122498109479693
55.2269796477878
56.371051190879371
57.55973917993456
58.797602871895812
60.090011355235326
61.447077261247891
62.881715688097664
64.364969634351709
65.87997019608072
67.430351824109977
69.005608410378684
70.599374620700317
72.19549769639255
73.791866703558952
75.512614549048337
76.444043897032827
76.523064394682791
76.455805728018305
76.576794112594627
76.882293311357202
77.330194337838009
77.952667318664282
78.572806317511123
80.928485692051879
1.9014593596420424
1.9295292610671759
1.964182711333218
1.9961247816654077
2.0223805140161732
2.0468449747961017
2.072648856649121
2.1013616278456904
2.1313472988688975
2.1587954391705679
2.1904928137153177
2.2240026926721397
2.2647245500892117
2.3128548285161954
2.3752715178177328
2.4587052942592726
2.574942381292177
2.7382066316511109
2.9681111809315222
3.2880484180588399
3.7224331029330351
4.2885200896353997
5.005377892225594
5.8865095857835685
6.9375906977092727
8.1554951348146538
9.5276478966486895
11.031375567129929
12.642273865844992
14.344497999826093
16.116732437764995
17.93731629981184
19.785059273572674
21.641589833256301
23.490263539536805
25.316268769131504
27.106755945451518
28.850904303653291
30.538952278212431
32.162790690702323
33.721359082940467
35.211405442481123
36.632861431436041
37.986846903407994
39.272532889211874
40.491360345757109
41.645170819424848
42.738396086076165
43.7752769811093
44.761378954002581
45.701204231727019
46.599078688924763
47.458406887058516
48.285151766346367
49.084641345792789
49.862730002034795
50.624804653497129
51.376722921769918
52.123611158248352
52.871297298515671
53.625128137740774
54.390562097623544
55.17285691157997
55.977291712440106
56.809214522917387
57.673917816637548
58.57658972334022
59.522624222663808
60.517289525149842
61.56614413198178
62.674646898083061
63.848700948138308
65.094876221467757
66.425775804403898
67.873474265700636
69.442391053264942
71.089883919200346
72.817788295889727
74.605331455243444
76.43652371380044
78.276485615475025
80.106303483660611
82.050000266244311
83.885821627466882
84.707870848845943
85.101235430411279
85.480096552370583
85.933453672902886
86.346558690828303
86.584035432555297
86.684189501716219
87.564197935002568
1.9648029093149524
1.9968178897562541
2.0387780028329741
2.0768777185560032
2.1071941892804946
2.1351369803034941
2.1647519520195075
2.198764935262667
2.2372948254383531
2.277480794524251
2.330799942823345
2.3982999515115959
2.4970143990525644
2.6400160294369304
2.8578764794387186
3.1793414056475182
3.6335598131457849
4.2495992626766803
5.0549045221682114
6.0749909691443662
7.3116167574910564
8.7446511067510322
10.368244623456844
12.162265142120576
14.098704214045396
16.145760257763683
18.270572276058346
20.442742054595715
22.63580467723871
24.821102483731337
26.973391154745578
29.071192836535452
31.097193812467403
33.041281721406619
34.897487297315337
36.658776264844512
38.32094995925209
39.883068535484114
41.348552666954753
42.721856117626182
44.002358320729314
45.194579047378895
46.303213951436689
47.332305692682674
48.279594806059031
49.150523057666959
49.952747981220938
50.694215574210936
51.381590202905976
52.02117730755046
52.615779837177797
53.172948711277051
53.699040524010449
54.201751611623415
54.686148090529173
55.159165496121936
55.626066979241124
56.09374383573283
56.567355734251443
57.053501528655431
57.55697725092984
58.084079554717121
58.639485835934479
59.229315622177822
59.858153008041583
60.531969748727633
61.255481671302768
62.034649292255203
62.874447740253068
63.780997161133406
64.759857379499692
65.817433531310925
66.961040567312963
68.204679059413976
69.593827639417086
71.145338515104456
72.829616972828049
74.633944320263097
76.532200307400501
78.502090910772438
80.495416957057287
82.47906885951241
84.572677747720604
87.314221310366577
89.063317770120349
90.175870748908494
91.056873627179371
91.94288309240514
92.611284405447364
92.712553072220473
92.392706909825563
91.638698398032687
2.0527686295244272
2.093886994983412
2.1557117853015475
2.2189965713024082
2.2681247686817678
2.3138524494497017
2.364212342010763
2.4276444824719743
2.5170425813862085
2.6414887204117137
2.8356438162841511
3.115708854089442
3.5421701590061501
4.1609818881733265
5.0366906694110174
6.1914672337660317
7.6143430100184482
9.2953755620774228
11.211039912546637
13.349381619330073
15.668740003444247
18.132401352840443
20.69004018011287
23.293617478432239
25.899902373060026
28.470708538281571
30.973615656080039
33.382773048093405
35.684194085491917
37.867269418466279
39.921270143387254
41.839686017674495
43.621755245630126
45.268852698291028
46.780596175077712
48.158137011700084
49.406557616418411
50.532365784366583
51.542028651152478
52.439004649089405
53.231376551661029
53.927819556546936
54.536520174188709
55.066639888429634
55.528549395130177
55.930573872388052
56.279938858870082
56.585143723703425
56.853265178558935
57.088877270912555
57.289679975556631
57.466900988282937
57.627578917864689
57.780161842606631
57.926861253060004
58.075131963224251
58.230182082199285
58.399016449190491
58.585930839874393
58.797924871819959
59.039327142561525
59.31661644947927
59.633834953907105
59.997149971535883
60.410575737535574
60.880055800946351
61.409738778145737
62.005452471215385
62.671768012475468
63.414617419708478
64.239425338877595
65.152415819253434
66.161253253572127
67.280157642368295
68.562141279254348
70.028215739213508
71.666908786234927
73.454765586768019
75.363296534824968
77.367202174427391
79.410495524267603
81.451060037028981
83.60401099120746
87.065532941122399
89.703629605354521
91.603240186017587
93.101594086825514
94.555139689128978
95.637125050178696
95.79790280889857
95.274020081459852
92.841530866947011
2.2464338212380675
2.3238771476086773
2.4790356272884551
2.6963119046628172
2.8557387095863809
3.0036295585570336
3.1695611971892754
3.4016226915002949
3.7981425626318637
4.3905383663841722
5.2658860456094772
6.4271704176057858
7.9535359201893767
9.8569495144435617
12.122390863266506
14.696490236416727
17.506977894190189
20.455967851872067
23.478641488804833
26.549322070814291
29.60930512350517
32.60717494962411
35.501134403505262
38.266186110337912
40.885538516493092
43.341676926236303
45.623776172593047
47.729804777262956
49.660608385150425
51.41385907929763
52.990892081767846
54.397947769440997
55.64221784440106
56.729166781832973
57.66424887157298
58.456881239004616
59.116514577958405
59.652927653090536
60.075710358786559
60.394415338514513
60.618340252814519
60.757176666474692
60.819902815724888
60.816477877432128
60.755704866841612
60.647084928129154
60.499103271637352
60.321234306745154
60.121628144364195
59.910125791985074
59.694475761966231
59.482804803652321
59.281162763089917
59.097064719763189
58.917485648472663
58.752672408949785
58.608838988822427
58.49298336490282
58.408195141380311
58.361412777996314
58.35579492412797
58.397531758382378
58.490295131985
58.639720412372363
58.849223940091271
59.124044638290073
59.467905198791549
59.885786029635995
60.381927338658038
60.961319498965047
61.629270759715673
62.390992240613727
63.254361139057636
64.232507696092284
65.38124698920403
66.722885252030608
68.257003959057911
69.957297052702302
71.794949395664744
73.744141554913412
75.746372908776209
77.75539082998543
79.883161418748784
83.808864801490699
87.170310303254297
89.789201502832114
91.891917114142657
93.917222334841611
95.425498636429808
95.73529676958384
95.208940027747772
91.303351558119445
2.9589603523749624
3.1932261938608897
3.7996537970928244
4.7772258833733163
5.5228887678701044
6.1333933720256555
6.7971397459762857
7.7377715938240001
9.466326674627112
11.350790319233186
13.699504343601667
16.435156335698483
19.548556395699993
22.937595714804818
26.510216867208179
30.15380765982626
33.762856827793513
37.24699247448843
40.570121747711433
43.742578669064599
46.73031536942046
49.50889433094315
52.068426510401984
54.406790938195805
56.518854305995958
58.40391508727366
60.069170965761003
61.524197202493518
62.774504768540233
63.827648336040781
64.695502237264222
65.390006698052346
65.92277647111824
66.306079827659332
66.55109991310205
66.669030395401009
66.670781822379467
66.56741374002705
66.369045016547076
66.086164192229646
65.728536149395026
65.306120940355456
64.827976996766907
64.303552248529328
63.741235390208708
63.150046678615027
62.537850504604528
61.913382385024974
61.284146212740573
60.658689484086032
60.043755294263633
59.44805117872027
58.878187797207801
58.343343795067113
57.84779483972499
57.39936550016786
57.002792569222621
56.645011567249341
56.326143120562584
56.055922474532807
55.838468077810667
55.679403334694399
55.581065875476625
55.548058116825487
55.583731253140186
55.691917976696317
55.876088175216267
56.1396381100921
56.486692905936131
56.920558234083693
57.446603058494389
58.06825733452132
58.793692397271712
59.633798988520702
60.643731875860816
61.844269075534569
63.232030187386293
64.799505586792421
66.511712102703171
68.342304417454883
70.235319964334778
72.143596454837706
74.178635229923756
78.306200077049027
82.167338789917238
85.352725388002739
87.962906837290731
90.474340441637025
92.319343840346875
92.778212757803018
92.338166008865301
87.398954029872741
5.9578016869015658
6.8910511511300703
8.9388122767127509
11.986638843960069
14.257739474439862
16.132408261954094
17.898197310549207
20.253957545786854
23.704259074297166
26.866923735926452
30.372201354001103
34.099935047657112
37.996697291386816
41.914523861631331
45.79200559283094
49.520399973547143
53.025548138405959
56.253007192543144
59.189793058264677
61.841092307963194
64.200984113645873
66.274788916687086
68.073166475273098
69.604013362917343
70.876623900069291
71.906353921196953
72.7097150085484
73.303134757267046
73.702288191337146
73.922170781613389
73.97734263224315
73.881956526099998
73.649559657070469
73.293262747971141
72.825479637332421
72.258203387363594
71.602698608872927
70.869866145352674
70.070058289046997
69.21330941118606
68.308714645062281
67.365535694847296
66.392041646302303
65.396781081170602
64.387230343240802
63.371323570832452
62.355877457126745
61.348477543973985
60.35525128885908
59.383511662834302
58.438810589005904
57.528559714228933
56.658093643971036
55.835159034309349
55.064619141921249
54.354784202493839
53.710715981476902
53.136768829925238
52.635880619088432
52.209768817522644
51.837124417458362
51.526058878339967
51.285068999716586
51.117225126674256
51.024663350997152
51.009479388627035
51.075264326391114
51.223191013773047
51.457478359860225
51.779131294647065
52.193780637150297
52.702480617909295
53.313847377482624
54.035709075126498
54.920118154264372
55.983792820361195
57.224806251972481
58.639949815419719
60.199609806758914
61.875789524250763
63.61887153649058
65.38288664553653
67.281070362559078
71.376168628737972
75.488881942490224
79.034460382186083
81.997453012872228
84.842544029620768
86.8813442697423
87.430422729065782
87.076863537319824
81.369610781032691
16.030233710049533
18.480148384102861
22.5577030858183
27.843767764597349
31.566753511946949
34.42474210913057
37.070785387617406
40.235574426066371
44.323625241571172
47.95703740630892
51.71689880574003
55.538944943985911
59.359227417603591
63.04159312365671
66.504652922109614
69.652415792758163
72.443525023488931
74.861767043260002
76.909156573900717
78.586273079286713
79.928951594694539
80.963784592883513
81.715711176010359
82.208557765107699
82.463850528537861
82.502759209322249
82.345383036169764
82.010466389577985
81.515643430846524
80.877516053739896
80.111620321224549
79.23256795367223
78.253970131533165
77.188673527874087
76.04856536855597
74.844966030338185
73.588263106845233
72.288474598865292
70.954715509912759
69.595860077780898
68.219775889002264
66.834392266276524
65.44670343543882
64.063786338681936
62.691868866464027
61.337334194863168
60.005766675533401
58.703070248689826
57.434249491033825
56.204888967300647
55.019495424071181
53.883509600196476
52.801208917513286
51.778059287312381
50.818409451097381
49.927929716380284
49.111662764543176
48.375355396208761
47.724562156954875
47.163350741353305
46.690216956489074
46.313386100892792
46.000855592501239
45.757792285553499
45.596933754481491
45.517436421613844
45.522076573405634
45.609285323866338
45.783332987812528
46.042570149175688
46.392909194573889
46.832801135260283
47.371316165211418
48.012958441455453
48.804756179318247
49.757844583561081
50.873647309708602
52.145301435696418
53.555820566920261
55.074166672192945
56.65987653303722
58.268228858801301
60.014819350173134
63.898580086627661
68.010962204071333
71.681257967035293
74.804485706305002
77.777007313352144
79.843788776004232
80.379351070905685
80.129084337462629
73.990946236960028
38.002763840328434
41.042200824218533
45.556413234405376
51.209160280504499
55.156238191823689
58.054659723988131
60.814593217606685
64.104356161612245
68.135664353394006
71.558545321785289
74.910018262040481
78.14039144356984
81.189448545634278
83.931977758175435
86.296613917570966
88.243711546868596
89.761518586064042
90.8756085173721
91.595399741644982
91.986461440063479
92.084950766405257
91.920706531697689
91.520897956638521
90.911034864633137
90.114236996667159
89.152713920897668
88.046277305643954
86.813250652670234
85.470495197143791
84.033598548777022
82.516891658910097
80.93365220497202
79.296021939432393
77.61531212916168
75.901771985502833
74.165028852554002
72.41382397149512
70.656430254436529
68.900132963701836
67.152042520154708
65.418368169771824
63.705172285964196
62.017899447050262
60.361711173211773
58.741407920977224
57.161444136319808
55.62609837888283
54.139314444754824
52.704933659473326
51.326578078467932
50.007788117581534
48.751845532252041
47.562366288231289
46.442383111068409
45.395936424478073
44.425836332094207
43.537010607965335
42.732339201435643
42.017997862951994
41.3971750856252
40.877343552278873
40.461838892413141
40.145806660000652
39.935313296308216
39.796543308946866
39.735214510380288
39.759111382522498
39.863346844936004
40.051836525711671
40.320590413216166
40.675720389819823
41.11365418661353
41.643724463288756
42.267802428735607
43.026215102174874
43.924639701915957
44.966612993001704
46.14101832119875
47.445524541433755
48.845428387498906
50.310887766573401
51.796390491250719
53.421223775691139
56.980392083234129
60.849259118480418
64.384077480581027
67.437482964250705
70.285205723614865
72.192896818924851
72.619958700474058
72.348867767799561
66.665819219638038
71.111447083047267
72.203036664500658
74.619224349080824
78.243297909428904
81.149526976674863
83.392046952738639
85.670386108276475
88.438134662578278
91.59193095918863
94.115167521570569
96.377848870774471
98.348707957835131
99.99160624725279
101.21898975320941
102.01134599393188
102.37822093994866
102.31114057193926
101.89716469777578
101.21400304272423
100.28025016247679
99.12939759628479
97.790158806700518
96.288074130477924
94.646647004718247
92.886944516659554
91.028198787534421
89.087769293338368
87.081409785006826
85.023374090531391
82.926641187470338
80.802949260827674
78.663040390773062
76.516561593930902
74.372393382306811
72.238397990344879
70.121955211661728
68.029496127753276
65.966976594728933
63.93961502402999
61.952316033555
60.009455298868176
58.11490442908039
56.272472209831214
54.485196520638496
52.756423178137474
51.088572676451285
49.484650956720117
47.94664008543716
46.477312088361764
45.07836167669403
43.752482139150302
42.501036228201329
41.327065581259276
40.231654881052911
39.218357588073467
38.288134712444013
37.445413067061594
36.69126204017725
36.031324236777451
35.467175196643566
35.006309832156852
34.651246094195137
34.41114679668155
34.288652435931681
34.279432546105419
34.367033023839504
34.529958137407448
34.763694654187205
35.073739607767315
35.456151199343914
35.91838750982712
36.456543677934157
37.080607500906304
37.791597279562417
38.622115045243099
39.574602251283437
40.651131387101998
41.84146312489699
43.155520676083434
44.556199776821067
46.020898682842784
47.502717284146122
49.125558858131427
52.372129004699651
55.807553328939413
58.906706394943157
61.596197214317129
64.026572671847163
65.543418630866242
65.76189039845444
65.190905602088179
61.440610570096332
108.87349920752436
106.13282482628729
104.55805935306795
104.17418080674878
104.84714320516262
105.815093874605
107.08327921883534
108.69874813384563
110.2279735646209
111.30821293863241
112.01722667726268
112.33201047833587
112.25596022839892
111.74846704189079
110.77465378432017
109.42775350916365
107.80819490376389
106.00102666267237
104.05256460097168
101.95149399488113
99.725231567962311
97.398069954798004
94.991075876024098
92.523315528968098
90.011558350511407
87.470805858876176
84.914372698655683
82.354147674155826
79.800707994338993
77.263540442287876
74.751071164628499
72.270890169006719
69.829683007353623
67.433463526372535
65.087468181546313
62.796446080882021
60.56432601310491
58.394668089036308
56.290632000424132
54.254763078669669
52.289624197446813
50.396895154159672
48.578741284632137
46.836241918913991
45.171275340166204
43.584521300146427
42.077731200995757
40.65134236529812
39.307141831649787
38.04539846003486
36.8681817146337
35.775657426782523
34.770350192226076
33.85240849919591
33.024762912940801
32.287539547707333
31.644528070699337
31.096191450282557
30.6476055089616
30.300008720657452
30.06040704022594
29.931229656778545
29.921921661014618
30.035494501709756
30.281665623414675
30.653509994771262
31.099741736663255
31.607477420253232
32.186938688894955
32.836861270436287
33.568236251048532
34.379660067338129
35.283323516684902
36.282085879060091
37.402035455742585
38.648222824485615
40.012442206652828
41.501407783919674
43.122758341503008
44.847411546531823
46.640263058871625
48.463646417909715
50.436089966165547
53.711280249095246
56.689760419465834
59.046432289431273
60.983062988407816
62.652732554432994
63.553242245859082
63.434934441949117
62.126859767570778
63.770076546547358
141.22054477909074
133.88767293801027
127.7500289502896
122.58657072840718
120.23579593021624
119.4883814557201
119.54142743775576
119.85141850810713
119.64304696484099
119.17296185295295
118.25508475657443
116.84935050722878
114.99152878740099
112.7557603115347
110.24016234018728
107.52454113199016
104.69524629810556
101.83001895075125
98.953387197950235
96.025414445976608
93.065317171639364
90.090694334393589
87.116521721026615
84.156224394330422
81.221398065031948
78.322246676926966
75.4676587038295
72.665411699715492
69.922261006528771
67.244108798810856
64.636056284709724
62.102525023880538
59.647301468994549
57.273566391625572
54.98401563812164
52.780757682988657
50.665619863149303
48.63976993227277
46.704437525009595
44.860023896769675
43.107378804189345
41.446392696833513
39.87765607544128
38.400843355823142
37.016471615191215
35.724165781796884
34.524589831432507
33.417468284753006
32.403871418559163
31.483688757150269
30.658683578855396
29.929082591906134
29.29735560753311
28.763169483601668
28.328169299375055
27.992540349382082
27.759147863836649
27.628957226296883
27.606683736999102
27.694395280532603
27.899713348971066
28.225615926038451
28.682895116178269
29.265162124547963
29.979067788894145
30.791641767972528
31.682167771821401
32.656051728026895
33.727704190506728
34.898420400770128
36.184561344193
37.589500433193905
39.12610926774628
40.807040675908922
42.658923813228043
44.710497349477684
46.92400181148421
49.365879986003975
52.009103467110037
54.863540361309639
57.833398538827822
60.92292249655786
64.207312109563603
68.905701331705487
72.208103603555287
73.920756773657544
74.8930633882336
75.681965658246369
76.136151016983248
75.725790848950496
72.619860646437303
90.203629182065725
158.15291176362814
148.32355182911729
138.37095910990305
128.90740440592884
123.7419545668744
121.00048740895933
119.49851676031813
118.16607279728007
115.82194476781341
113.66015195120546
111.12841472788888
108.29893798914401
105.22955609587616
101.97024744894833
98.5975192468442
95.179434353827318
91.787576291378755
88.484453028379733
85.273079211988232
82.092312825766328
78.954190863943523
75.870207410973606
72.849964918345407
69.9020366699486
67.033680026487147
64.251145799899362
61.559676387956685
58.963664704604788
56.466685800701789
54.071607873208052
51.780671512357955
49.595520674399921
47.517347424583939
45.546804289052986
43.684262884327374
41.929552517351304
40.282447998636428
38.742160662954781
37.308104251001126
35.979162475110066
34.754577057667632
33.633266003090107
32.614475038526898
31.697417458033044
30.881639110304693
30.166854880400034
29.553190335685819
29.041047217655269
28.631522609529434
28.325748556298972
28.126291770897041
28.034933520034471
28.055759892614553
28.178308140660995
28.401704399242501
28.726880952218671
29.156668666940924
29.69438658519012
30.346326179354875
31.117831646765936
32.019086136241725
33.055989932031899
34.240618880196848
35.519899335258856
36.899458830640732
38.397997232761405
40.044255681469615
41.849199330713368
43.830748303541974
46.005071197898211
48.388973509376584
51.008971819004252
53.874875696323791
57.056788052682499
60.604656886006914
64.652225132175474
69.099437655660751
74.162490144502939
79.738922761468572
85.927035106817272
92.501450342896774
99.548765071210539
107.09869663266757
118.20451048672564
125.70786063787553
129.10278846208632
130.56397477210194
132.12695402873481
134.98332517367194
136.44504350378241
129.25333043669553
199.39681641234188
150.1009796791987
137.9400800395272
126.76033363444822
116.1563701142549
109.4033298544324
105.00674649558628
102.0351703796878
99.894935535889616
97.434166745282766
95.396815798037551
92.84217885941726
89.920425646746594
86.777670493456341
83.50866227368688
80.214100297263997
76.974649585451601
73.860646334605832
70.927290160629653
68.161010412841719
65.484868864522284
62.903973161274514
60.424713247536836
58.051406115786108
55.787642539601748
53.635997227233993
51.598345653586897
49.67579836189433
47.868926510912473
46.177655434715469
44.601545832295123
43.139615856946101
41.790718089834904
40.553262485379214
39.425690140832309
38.40611309022691
37.492834278403663
36.683971793584966
35.977987509384839
35.373266166001763
34.868761351281925
34.463335849528733
34.156780539001012
33.94860985829056
33.839725407468194
33.830450909353431
33.923173257449051
34.119242424358205
34.422629801853688
34.836483977582482
35.365860556329686
36.0172702994848
36.7962200631749
37.713091714032565
38.674386063158899
39.69962697691183
40.803346536545291
41.999623415480578
43.302470214088281
44.726661962052212
46.287953459831797
48.002463492534154
49.891146099235868
51.972556345922044
54.290271926941678
56.871168606674928
59.750909474179025
62.955363748855881
66.535659391010427
70.521853281815581
74.986954743259531
79.965459732429778
85.570387311792246
91.85186958648697
98.995924463148725
107.27952102822927
117.03858844950555
128.31034126694371
141.26089866694281
155.75017373942777
172.09661291609262
189.87141377485071
209.34171312937002
230.63672673860916
264.67983348257735
290.96430162510148
306.78981118815784
318.24606198947095
334.43287406415459
364.35168744031682
392.653143223293
385.98579960658174
639.19275025460615
118.21548631290099
114.79848453345728
109.22742890581439
104.80996405164923
102.07972696300079
100.4869841275556
99.556391638753766
99.024616933924548
98.406125761754794
97.895907661838649
97.198796033666596
96.271657670357826
95.174015031310418
93.9299039264111
92.580700158425458
91.16745182663621
89.732794594724922
88.31345629048586
86.912261920158684
85.498872079358506
84.07968424738668
82.660145618096337
81.244715278593162
79.837689153835029
78.443082265040701
77.064697153299178
75.706261510488332
74.371354243636446
73.063636705861626
71.786608106440823
70.543989826161791
69.33925820688016
68.176221976396931
67.058309819655108
65.989366676972494
64.972666191621926
64.01206093467826
63.110570779647482
62.27212159528321
61.49957169606656
60.79695141156985
60.167339006654018
59.614905364944363
59.14326345070355
58.757211111012765
58.460941839163489
58.260429231374573
58.160765180040208
58.16933111261671
58.292643756621558
58.5394155463595
58.918936563749149
59.439253336157165
60.122952292150899
60.975748166920731
62.002825537483844
63.217298434891383
64.6309032398906
66.26350640740057
68.133259579133266
70.267228744819775
72.690957497253621
75.440777073231658
78.552170404387383
82.076505599687337
86.059334580834118
90.571504957335122
95.672828502228413
101.46479109209169
108.02967095849112
115.5223707958049
124.04110619494558
133.8332941423314
145.02369125914436
158.24908586501979
173.85998214971795
192.6403035071537
214.67687477189807
240.99457328288182
271.43342257429475
307.30221138944358
347.68828512102061
394.7429077335542
468.9936954024227
573.78545188784562
715.462198921854
899.6127190481476
1147.4521070524474
1478.4989777603951
1859.5842307398484
2270.0147372082706
2744.8638672493043
6.5843526836759949
6.4061019740024125
6.1801045193668207
5.9379520568212643
5.692270905697554
5.4375651828481422
5.1787104415147747
4.9255915734555007
4.672490117918886
4.4286869505036979
4.1966795555783207
3.9730494544851749
3.7658671875213745
3.5846116039271028
3.4191476100537681
3.2595918192175972
3.1180650282504585
3.0055003217610259
2.9118380389166463
2.8231737359132878
2.742073871686781
2.6810154775075841
2.6383851138856587
2.5997002943673957
2.5581289549051518
2.5181062824672327
2.4838051792493538
2.4493653892206928
2.4086742527048108
2.3626582659334874
2.3159168376314492
2.2673002245853704
2.2132193221657834
2.156483639704371
2.1007270476001318
2.0433263527435424
1.9848045293551384
1.9266945568370366
1.8721302799589268
1.8189616683615648
7.5132410921642823
7.3334089338582817
7.0994724983501518
6.8468749250489465
6.5936687849835032
6.3282638044052453
6.0529060079343191
5.7799084852941425
5.5093326195513637
5.2343240021444624
4.9556139660222502
4.7052973191588281
4.4813154183018451
4.2647532029912103
4.0572821099169847
3.8729640267939911
3.7138019433983014
3.5688639332952619
3.4349548372781173
3.319073902019988
3.221710686653755
3.1348188595088171
3.0546119492635131
2.9840068174345173
2.9257808275991533
2.8742857432348572
2.8219804601542346
2.768143191194623
2.716764561456412
2.6689205951777089
2.6188829396397284
2.5641813340141999
2.5080146030790789
2.4515892947555988
2.3938766262267075
2.3342444674782294
2.2731400001058004
2.2122835891394912
2.1521258918558455
2.0979541446162191
8.2632693942860787
8.0725827454468
7.8240752417334472
7.5560797913115936
7.2841931362057579
7.002906548804936
6.7168811523889733
6.4236306481383014
6.1216555921865119
5.8096190800035883
5.4927091752862571
5.1860895651763759
4.8961551581540457
4.6257494784532165
4.3930863274379073
4.2103636630402317
4.0483145596594756
3.8892370385512498
3.7406417770842371
3.6163087341472671
3.5172310549723225
3.4297255947573002
3.3456763186297458
3.2674311244125582
3.2022872947101666
3.1498097112938788
3.0995939899941258
3.0454302990759725
2.9901444006374218
2.9389630305793775
2.889248166056642
2.8349419656683188
2.7767420707566131
2.7184851903436726
2.6595053981908481
2.5985669512745191
2.5352345415745794
2.4725159436664721
2.4092221192945287
2.3478703578793101
8.8466272633820946
8.6718001603950263
8.4320962557098849
8.179145527651503
7.9150712404163217
7.6222231800098799
7.3245230323492034
7.0317844104920351
6.7176764334878927
6.3713828721006847
6.020736066530775
5.6968711184468255
5.3923476384843898
5.0982533409161856
4.8357080127115584
4.6280738463431401
4.4627711118046145
4.3036430036331454
4.1502916293636822
4.0152096614455406
3.9081811914675559
3.8202865166677196
3.7376644596234097
3.6589958690430873
3.5892673893197369
3.5293497431941923
3.4749128420733357
3.4212352367030476
3.3661006726583218
3.3111041178704221
3.2575041333069903
3.2030388102288438
3.1440345086779455
3.0811552895869756
3.0193690879253152
2.959504997448994
2.8949637900707139
2.8285603904529628
2.7588631296063535
2.6871441516111161
9.6709777542162989
9.5185802533573405
9.2906481388232507
9.0397275631243375
8.7891289523120388
8.5117581943639955
8.1836498549855552
7.8497354975178109
7.519556052073936
7.1545113015846731
6.7497628468917164
6.3675303410535093
6.0285610948735453
5.7118253739293641
5.4233610316446432
5.1928977743690368
5.0026417595690997
4.8164873215107065
4.6537811386298698
4.5250415714927712
4.4149717456166835
4.3135347786590854
4.2241710768890908
4.1513290103592624
4.0879830067516281
4.0253292621888832
3.9604075498168467
3.896345731776286
3.8462017664760095
3.7971158452364611
3.736670260650083
3.674035653886369
3.6132101013517244
3.551765630000252
3.4876324284958771
3.4223649667375646
3.3528496116774926
3.2845538145466446
3.2081970227334669
3.1211464614595248
10.662089481533643
10.583073055804192
10.442608891181534
10.256423826654418
10.029227942972677
9.7879255666609062
9.4695107032981287
9.0919176315875436
8.6942084913810564
8.2712906973922458
7.8247726807787359
7.3716914880173885
6.9492385359224373
6.5725378536943397
6.2576890115621806
6.0029909311643408
5.7762099616609532
5.566870137769933
5.397551754644728
5.2658676483292428
5.1529316677863068
5.0489626514078898
4.9547029329472734
4.8751254995257316
4.8080232929645863
4.7464103241169928
4.6733058880004101
4.5974366826683539
4.5352977310048681
4.476496051200753
4.4096982515471934
4.3400878822997768
4.2682013925518261
4.1983288184373917
4.1323133516527353
4.0664532918554999
3.9914307162014109
3.9203978157113237
3.8344412128582226
3.7236640710816391
12.212809223351167
12.363315324172266
12.439493149632559
12.445757644029115
12.348619207776151
12.175764763576874
11.8295669476898
11.40025423767017
10.888651073083285
10.299683743577042
9.7205803946705238
9.161077884096116
8.6166412964681598
8.1186945923330551
7.7066571867219444
7.3786825400902627
7.1041957745939719
6.8643679415891423
6.6655989750402194
6.4998272402314976
6.3588955050660827
6.2396655340048834
6.1223740510926499
6.0168014500919629
5.9373255652010224
5.870484700138964
5.7883021732754898
5.7044293266008586
5.6325820838138343
5.560696568368126
5.4863634446553657
5.4061234557946802
5.318056548173522
5.2308318248027454
5.1444100425683548
5.0603114099206064
4.9619495167275787
4.8748881193816116
4.7606037034786963
4.6079404557613444
15.318771254780232
15.996874402890537
16.516778012409645
16.827374394611489
16.961825271122144
16.969525827265688
16.551375868608069
15.958301036025114
15.204958393731374
14.309159927844911
13.388844057594932
12.537696126516579
11.754309572173302
11.039769675405715
10.439676078772596
9.9762491141530241
9.6033409341632066
9.2643127135762136
8.9540420822570574
8.6964907875207498
8.5076742373311465
8.3500422680691724
8.1838657944572439
8.0366981412657488
7.9417520641293242
7.8575436769347267
7.7533407914870001
7.6554035593566896
7.5605210099680455
7.4593626192701663
7.3636181805303007
7.2612466663791464
7.1374986637116384
7.011024984205382
6.8886216575728332
6.7691246517675845
6.6239055687044601
6.4984663778801277
6.3180143513873102
6.0643369206717548
21.659327466711179
23.071983251562688
24.226273142264663
24.936682265857655
25.267001209481279
25.446939504077555
24.975433960637517
23.941680044324812
22.603950897758132
21.144199722115857
19.717307121947943
18.39185597705492
17.16956593537008
16.077562364712641
15.182429258964676
14.491782880407955
13.915528031248853
13.373231557585635
12.879806223290345
12.497949082115166
12.239652995938236
11.989765836215305
11.712744930800865
11.483106651090926
11.333501352352565
11.184001666913149
11.012789316472883
10.854207669692272
10.694951496716014
10.524843467392765
10.362511648406553
10.193382619450643
9.997425484144232
9.7963102723723363
9.5990621565591656
9.40975696901525
9.1862644156159554
8.9887884972350527
8.7030562833353624
8.2577735099362588
32.225978103072485
34.308233503654549
35.987076704743451
37.138111641486219
37.67770732384971
37.698093560631087
36.668786028016662
35.191848214963905
33.115081679903334
30.72059139595164
28.503671238857027
26.580652592098797
24.858838213472424
23.327664080792566
22.063015492217311
21.063988971669612
20.205443831551449
19.39424492712363
18.672971685925795
18.129372529537701
17.722338342332112
17.282162709469869
16.827013206298531
16.469642094733928
16.193028330660312
15.890890688419383
15.576346312682983
15.294289154647112
15.01209568740158
14.708689504683932
14.416571746172703
14.129529131023832
13.813417305319183
13.488895032232893
13.174457984248594
12.870925493169162
12.532385840948436
12.229542023886527
11.809123335779585
11.123355036040419
46.172261758009768
48.660281485929005
50.473581149985044
51.691837529822777
52.374812099581199
51.61517021374641
49.304695885708163
46.929860143112251
44.36317363101
41.323036615282774
38.370514616980806
35.846364299361355
33.661107871831327
31.746402534747453
30.180333184355188
28.929685757198115
27.796171427804595
26.696448314852088
25.737057749115024
25.012904183426933
24.374281987822918
23.670747018786201
23.001582490390415
22.467622277032753
21.97941546609766
21.44759485240122
20.929805857077067
20.471297337225881
20.010119332977141
19.520015457667924
19.049480285179122
18.597607372891456
18.126791098140153
17.64768161784945
17.180383713420348
16.733230995435651
16.262086521156924
15.827390535563863
15.263367476087668
14.347854094371632
61.056715634945675
63.481534488220731
65.019906673096457
65.051526988732917
64.654405395142831
63.390973404497153
60.371336960115336
56.786707091810712
53.386250887922266
50.059120031054981
46.905990945623358
44.206164563852752
41.827725899721237
39.760881993061496
38.107901744960287
36.722325496541501
35.357215012890947
34.024583845099315
32.909226307825712
32.024978123651088
31.115306763417227
30.148328951886587
29.272307424203341
28.526267374561435
27.788101706740996
27.015826995900731
26.289652065521903
25.635111708316209
24.968989130005017
24.279690642061237
23.628521000112059
23.006754492203733
22.374543001133858
21.741551486098064
21.125461196205482
20.526343781201039
19.930093730241534
19.372651381481742
18.683297415362858
17.590965447720656
73.472586122435018
75.310023389413757
75.904942141946094
74.461410664995043
72.260167540437564
69.872301245720507
66.947055789207212
63.190033054331728
59.251986195699189
55.793984988495346
52.830461551162642
50.28979298734577
48.067578629893355
46.207232905293772
44.64946500510429
43.178759501545713
41.695257472467461
40.310441106529531
39.127596147566699
38.043310455288591
36.907565093479768
35.768438276420945
34.727493073397198
33.775901387670551
32.833390374818507
31.874140793600258
30.970723089952401
30.140587448107507
29.301699045782218
28.458918696435063
27.655029579918263
26.878286777262041
26.118017837327958
25.36669727898337
24.630095271575424
23.910593091476628
23.22206834043298
22.559337794815111
21.786910102025644
20.600385503433351
82.033094721177832
82.398583533030717
81.599990390169765
79.593589122286758
76.387240315820137
72.476115928048571
69.224616671248114
65.960883631453115
62.222976040455698
58.942510558761576
56.306392455153301
54.089813603737262
52.242345618495456
50.708658699223918
49.258902287906466
47.781139307196462
46.340447325800859
44.997163990638754
43.734303199191103
42.496394612179756
41.256117368661371
40.018126081716957
38.841462606568939
37.75491067500397
36.682577156925575
35.587290413769473
34.558925686990811
33.600252831812604
32.641431132842328
31.683338237204232
30.767447600297739
29.903310119220542
29.061069830578063
28.217105687248111
27.401651723170765
26.60577359012678
25.855637891788277
25.121449542737565
24.322495776656023
23.146591624434066
87.285091789520777
85.911215752363645
83.48939863188464
81.043344260673706
77.851883881259354
73.227059207183004
69.290205384436746
66.258479620214146
63.07824697798241
60.230828684375815
58.025496511409166
56.207512211998164
54.677620832205434
53.380986887165363
52.097342120359542
50.729049568839848
49.335144649398217
47.965454535906098
46.681289639044572
45.439410410648108
44.133529185142251
42.767696735533129
41.526178966280376
40.441149189850762
39.249192389356274
38.033976046892022
36.962752904762738
35.937477899961713
34.889689274897613
33.871669290354561
32.917858578294087
31.994659143653163
31.086737753687068
30.205692804205302
29.362753758306855
28.520922765308342
27.737206196729801
26.968853874290829
26.187966313184994
25.112843092509731
90.071287491923144
87.361416418013519
83.418294897011648
80.094603481012356
76.986864899828134
72.517331998495393
68.301358701471869
65.2362208794124
62.536004324211447
60.229981891676005
58.421154314017478
56.979610886816509
55.71089061541457
54.4955586385719
53.282879813513738
52.08234093154141
50.782612093336439
49.405407837130412
48.12663156708706
46.915227211910299
45.57539164879563
44.178167297610742
42.955860560337314
41.80775993233685
40.568224353298341
39.377561291800973
38.282915001104044
37.207797751101403
36.158577878632045
35.149591195532324
34.175572870506429
33.238658888805318
32.34531673958309
31.472886406007483
30.623475029040897
29.775459897058131
29.002475031517221
28.238772578459951
27.504607483080285
26.580297774267841
89.988385585928128
86.39081526398904
81.550041751161359
77.307990220005252
73.916048189853541
69.864738209621819
65.991169966698493
63.119655503208897
60.863862694675866
59.112322663854833
57.64271614141196
56.44578385926129
55.394682166049975
54.261782291309409
53.087926766124347
51.930888046449731
50.596824382593539
49.218535404226174
48.081356950296154
46.919371150865999
45.516518198648093
44.230201766480484
43.165647411629749
41.992186233488226
40.790325726858249
39.683245261351914
38.632542466828546
37.606903972247949
36.617092386795576
35.644992917843702
34.728483663295293
33.859167189128868
33.008009842367031
32.167960020903465
31.371830110357475
30.581045184773
29.856731871500678
29.138298883413515
28.484422089666552
27.742787123282433
87.121887758100016
82.764146333197402
77.909837044336356
73.221906778125657
69.348704497882395
65.567129258215417
62.318874462576844
59.961333979620875
58.237228331117251
56.973802868243823
55.831624326832639
54.845455574039015
53.948203206311632
52.907347827070666
51.83059517035646
50.650974791247918
49.32936492207002
48.125904939471752
47.039045696023756
45.774050332866416
44.449001175464169
43.325349769831213
42.336810198790893
41.259720706419934
40.181159608674619
39.20843678895293
38.322867937350473
37.422189288205011
36.535801358275577
35.685764423627013
34.899675457264166
34.140338829362257
33.400527665537439
32.674172659310152
31.994317824430745
31.316677389372327
30.692323233790464
30.090137460146277
29.545854912058019
28.965538220616533
82.310047533901184
76.973394272406253
72.366546396341306
68.138963544714699
64.079336998872748
60.265191753133735
57.648691487492151
55.959769425884282
54.849530515263737
54.04463518788679
53.169753086993971
52.342738452825145
51.573671647266586
50.698784082533443
49.683389661833523
48.518398355302907
47.389237886554376
46.361550383764055
45.246778440107313
44.005559354511234
42.925254707511989
41.992991859039996
41.017460475238607
40.019187439461525
39.188369898190999
38.445423207529281
37.731968535624965
37.043435249588988
36.432540112140025
35.808945971257465
35.242549370999292
34.702673072344517
34.197201783501853
33.685535858859907
33.238912397850839
32.801458883147525
32.382352905193116
32.070804824941611
31.647006473067286
31.057454927468687
76.181487183603537
70.498644609954709
65.577109742567046
61.960503718201224
58.50058517920791
54.88672549632085
52.739236291681891
51.706336268768233
51.078294684458164
50.550512416054985
49.944475915067763
49.377219603636902
48.784959587250086
47.975133880257339
47.039218667557648
46.101400413980265
45.151620030334165
44.205564437191519
43.23871689896675
42.246189081541239
41.393259791757558
40.634536849971425
39.859536525027281
39.149373476922342
38.626184012011173
38.185278572490589
37.83545010986721
37.610943642037469
37.479888151838388
37.363829070681447
37.341676348680409
37.334712795232086
37.385174628916346
37.446175407013705
37.614966620441649
37.92418115507369
38.096579462470402
38.913262668714843
38.498452338846938
36.9662234624818
68.924536561146382
63.985540037444657
59.325354573867834
55.803980597411162
52.913924612244294
50.015725148309848
48.510500579077998
47.987780987128382
47.686186144134119
47.376378538808297
47.011631444487193
46.652432958547166
46.149352748555685
45.453306073803311
44.776639746517297
44.068026889759338
43.312423456132969
42.606563594980408
41.952657367637222
41.348684310555143
40.892598041845275
40.547305640882051
40.367255808477495
40.378569442294896
40.653592539425937
41.137487206177894
41.9784995973747
43.100773417844543
44.423131753806842
45.877576294266994
47.734277284993681
49.696731896058168
51.893067012764654
54.213323334772092
56.994418146304454
60.645241988485857
63.623221010953806
70.177277376780935
69.328734432812141
61.684069654556609
62.178719930688075
58.4369400626084
54.859306307013675
52.134702643729135
49.962851333524462
47.706762444556723
46.765276036234276
46.552485516192355
46.486921922385754
46.362416399750281
46.196125634804659
46.007726381949375
45.681668747099089
45.300063643810645
44.986548706116963
44.608946849999938
44.332600150190693
44.283928018603774
44.438963840165918
44.838376767428905
45.781454429585899
47.206404128543312
49.237128210908942
52.014706684033506
55.866445983082897
60.477911299490778
66.1498343123544
72.765607585727125
80.473972735310682
89.028692632529058
99.342200465105037
110.44071759331406
122.90698784653266
136.3786968395631
152.03766747606284
172.03741167747611
190.05012907122571
224.28130953106336
223.36637329959424
184.23415080313936
59.082110911638331
58.264166634981351
56.017992365629688
55.210256449716312
55.033693560239044
53.835281243271488
53.197742355562411
52.99285272868925
53.052870259845569
53.227118525503862
53.538966187613191
53.908417226040982
54.245302756774961
54.743810021047722
55.548698557229898
56.51779955743838
58.321465578893331
61.317550539671082
65.613430460742705
71.349939508389937
79.56303622697871
90.115108842455285
103.42117661503755
119.61590049688138
139.35681593335084
161.91998672812002
189.15676924801613
220.71279305509299
256.23920377828773
296.17611419083039
342.21581017937086
392.50974259942666
447.3491256987021
507.73042058226065
574.72833186599837
658.77016272467108
736.25331772718062
864.46805166048284
877.77368566616371
720.55544268077165
66.632110540685005
73.691066990455738
74.397598125636264
78.180594056329483
83.015106115052859
83.730554936543825
83.732219103400013
84.142611663995311
85.554836612403747
87.725862808661887
90.862034964170732
94.726732873865984
99.161214471042612
104.91603506394502
112.71123109552327
123.472810825701
139.23436170855322
161.40479545412458
189.88349482494539
224.30316293898744
267.23982647099859
317.7626407381494
377.77998731409184
448.81679883775286
530.06463851522255
621.30289674262565
724.79534783631311
840.00303338389756
962.73554968043084
1098.389702904891
1244.06485024683
1400.6906663707471
1562.8778304755317
1739.2297233462941
1922.5175056371447
2141.8417973460328
2340.5394165017647
2627.5051558090549
2701.6612251345182
2287.0031065744274
106.52613338656828
135.13925838625957
141.68109162759492
159.06005007647499
179.63203719820515
188.49078478494394
194.2608823003396
200.94608849281883
212.39557684512738
228.12341028483385
249.20674254798445
274.42230213415434
304.07645388323778
342.60153338541073
397.84680028407553
464.32648200379128
549.18289993599149
653.43111834448075
772.12245104932333
909.07589300093741
1063.7523753010316
1236.4371756217672
1425.3978760615853
1636.0024016257405
1855.4837073013423
2089.7948552573157
2331.2405243585408
2585.3753974448668
2836.3313167885917
3102.6701060330715
3365.0934373918039
3637.6468379120324
3900.8463688411912
4178.1333443815838
4445.9031209702362
4754.303096592058
5018.8162378852303
5388.5098781820116
5525.0029262282833
5021.7692962882247
253.08371024500124
343.02383212856148
365.64303558966469
434.4491817122389
511.29745864984346
562.66016799214799
603.84759698595076
647.92160244926902
711.82523114866979
795.11695941682478
901.12243875746947
1024.8123532427023
1165.3090744815233
1348.2466611807972
1554.6710559083701
1780.6808726547333
2028.8020187437437
2307.6070994866323
2590.6139166274438
2900.4462600392812
3212.8979797479801
3544.9164092986775
3874.3743479029308
4225.3903387038199
4562.7273488604878
4920.7677809325205
5267.6763589830907
5630.9901968635677
5973.2865247012132
6338.8009368641788
6683.294205319984
7043.5642002205577
7380.1025157823924
7736.5751938919739
8070.9763839169837
8457.3576406160028
8780.5536385670639
9232.8477950916076
9565.1706684495748
9378.997727492273
809.31007191815684
1083.3473070454381
1212.8165739572614
1455.0982212882498
1752.2419766498185
2005.3236518930466
2222.8958613987443
2444.4622108296171
2734.8993418976938
3093.9742396724992
3503.7886523107154
3927.732413504345
4341.7096841372531
4784.7420748732893
5222.7197365086176
5677.889695769255
6134.9739098703994
6604.6021229825537
7061.32151711404
7529.1980862281307
7984.6839302150347
8445.6498432403077
8894.3968237291192
9346.7184645769867
9786.3407049225298
10227.688485790401
10658.220105503471
11088.825673830152
11513.01997846765
11935.751960621856
12353.313776472172
12769.562342976329
13183.929330360954
13592.439364318239
14004.945638910096
14440.911702918109
14850.434480197877
15174.291102819054
15940.318186126027
16560.519200305902
3492.7584988507292
4388.2342733558517
5570.0092589761889
6234.2077248113046
6783.7527443732806
7480.1189352639485
7944.4324056569631
8171.7095438186379
8319.9752603388424
8436.6741131031067
8541.0635365991711
8650.3589916710589
8782.7549993221182
8930.1483154949947
9098.9972762569141
9295.9848955706293
9514.135154159294
9743.3826353237218
9997.7998178806847
10264.087105091034
10547.644454457715
10839.161095984015
11146.483265925617
11453.290082714157
11775.824029778592
12096.927909020776
12426.909646074206
12751.324410035417
13090.587498103077
13418.947853306479
13755.323299546519
14082.586504470148
14422.547973785431
14750.96001247248
15096.196929471609
15446.906002223801
15795.700052254586
16022.942277585291
16201.623829725138
17992.155063560833
)
;

boundaryField
{
    inlet
    {
        type            fixedValue;
        value           uniform 1.52223;
    }
    outlet
    {
        type            inletOutlet;
        inletValue      uniform 1.52223;
        value           uniform 1.52223;
    }
    fluid_to_graphite
    {
        type            kqRWallFunction;
        value           uniform 1.52223;
    }
    wedgeBack
    {
        type            wedge;
    }
    wedgeFront
    {
        type            wedge;
    }
    defaultFaces
    {
        type            empty;
    }
}


                                                                               
