                                                                               
                             
                                                                   
                                                            
                                          
                             
                                                                               
FoamFile
{
    format      ascii;
    class       volScalarField;
    location    "1.0050000000000052/fluid";
    object      p;
}
                                                                               

dimensions      [1 -1 -2 0 0 0 0];

internalField   nonuniform List<scalar> 
4592
(
2702914.9504257739
2702692.8372689607
2702497.9955055197
2702293.5466420669
2702112.5566106522
2701927.3418286848
2701759.4474677183
2701592.021356313
2701437.1488670642
2701285.5034103072
2701143.2578125121
2701005.4802006911
2700875.0742197372
2700749.4077121345
2700629.7689728774
2700514.6909894175
2700404.7153093317
2700299.1085565006
2700197.9352900484
2700100.7071604179
2700007.3569536996
2699917.5222993973
2699831.1009908984
2699747.7825668864
2699667.4948105891
2699589.9098198051
2699515.063377948
2699442.5019487129
2699372.5182591728
2699304.3070081375
2699238.7513179393
2699174.1886182143
2702914.2734273947
2702691.3391650007
2702496.3917408618
2702291.2758678067
2702109.9641014352
2701924.0882362025
2701755.6845879825
2701587.5075061251
2701431.9089612006
2701279.3501549466
2701136.1341930432
2700997.2405722295
2700865.6095469939
2700738.506346765
2700617.3315573712
2700500.7545427163
2700389.2361057163
2700281.9703555675
2700179.0480318172
2700079.9592249361
2699984.6475029439
2699892.7445231108
2699804.154670177
2699718.5679875179
2699635.9181052488
2699555.8823456555
2699478.5030364734
2699403.3334366088
2699330.6822862285
2699259.7343480606
2699191.4376437976
2699124.0228181044
2702916.0190370693
2702692.1362626245
2702498.474758104
2702292.8811476263
2702112.7016229196
2701926.863719855
2701759.4954945096
2701591.7641657498
2701437.1855785558
2701285.3620043201
2701143.206018819
2701005.2519724178
2700874.750970209
2700748.7646055133
2700628.7861373015
2700513.3644939996
2700403.0361253121
2700296.9397112201
2700195.2034575287
2700097.2850312297
2700003.1490461235
2699912.4060044233
2699824.9736128007
2699740.5259806216
2699659.0071181376
2699580.0788121703
2699503.7999180206
2699429.6919856681
2699358.1175705828
2699288.1558450856
2699220.9512409563
2699154.3649431691
2702917.3849986191
2702691.5031113727
2702499.3795517408
2702292.5744549632
2702113.5504464558
2701927.2245476451
2701760.7613282576
2701593.0537410658
2701439.2572292634
2701287.775733008
2701146.3558867499
2701008.9312672261
2700879.1565726688
2700753.8088948647
2700634.6058877427
2700519.9487908259
2700410.4507477004
2700305.1774773253
2700204.3031529873
2700107.2391177877
2700013.9792160788
2699924.1021455382
2699837.5449725152
2699753.9598256974
2699673.3017368424
2699595.2200896358
2699519.7764496142
2699446.4876474147
2699375.7182719349
2699306.5298982277
2699240.1140848384
2699174.2068835278
2702919.9918888682
2702691.7413465544
2702501.9883789076
2702293.8812836013
2702116.7809433783
2701930.1944413395
2701765.3659225595
2701598.1522650085
2701445.8851830778
2701295.3885342334
2701155.5099376882
2701019.3820733624
2700891.2274360959
2700767.4154539471
2700649.8691257918
2700536.8399116923
2700429.0448060986
2700325.4592125951
2700226.3225937234
2700130.9859579667
2700039.4884090573
2699951.3633634751
2699866.5808386873
2699784.7594558205
2699705.8734845095
2699629.5573514118
2699555.8663774352
2699484.3396331766
2699415.2840088252
2699347.8562564328
2699283.0910941656
2699218.9551590155
2702922.2902045264
2702690.4685349353
2702503.5358949341
2702293.3629978006
2702118.3522300911
2701931.0503343716
2701767.8540356895
2701600.8447418166
2701450.0150155509
2701300.2858274188
2701161.8083468168
2701026.7824193309
2700900.077874653
2700777.6265245089
2700661.6177963824
2700550.0912177507
2700443.9123237589
2700341.9334097444
2700244.4808650832
2700150.8229608117
2700061.0617038538
2699974.6634771721
2699891.649575986
2699811.5829972676
2699734.474309457
2699659.9265084411
2699587.9935202259
2699518.2444013711
2699450.8912969274
2699385.2651057262
2699322.0913540022
2699259.8320131619
2702925.2597055212
2702689.0039645075
2702505.7215613769
2702293.0814367756
2702120.7379277167
2701932.6858122167
2701771.5536014452
2701604.9189098915
2701455.8979952778
2701307.2094724453
2701170.4886314874
2701036.8950668373
2700911.9926135065
2700791.2542220298
2700677.1593424072
2700567.4753988972
2700463.2509900439
2700363.1999759227
2700267.7596701127
2700176.0955965393
2700088.3989979015
2700004.0419984367
2699923.1288327146
2699845.1326219696
2699770.1357158734
2699697.6741071884
2699627.8291606014
2699560.1826734748
2699494.8418433014
2699431.3661510614
2699370.0386376139
2699310.0750229154
2702928.0953919627
2702685.9955939241
2702507.0267087203
2702291.1266471492
2702121.736988293
2701932.5472847582
2701773.555192743
2701607.0989948674
2701459.8653101162
2701312.0961588616
2701177.0660719052
2701044.8091957741
2700921.6119129146
2700802.492812912
2700690.2563043479
2700582.3531237026
2700480.0430036564
2700381.8800590662
2700288.4380681915
2700198.7503204192
2700113.1294997977
2700030.8127704812
2699952.0323281679
2699876.1157420096
2699803.2774551702
2699732.9157554647
2699665.2111849259
2699599.6834754753
2699536.3968340391
2699475.09841449
2699415.6193622327
2699358.0191711192
2702931.3777234545
2702682.085455982
2702508.3697028165
2702288.5833929204
2702122.6619835268
2701932.1856298577
2701775.6177072795
2701609.3914531614
2701464.1290069907
2701317.390617168
2701184.1938853799
2701053.398441779
2700932.037347388
2700814.6564928899
2700704.4089637999
2700598.3910810146
2700498.1061130362
2700401.9230996203
2700310.5874953796
2700222.9650792349
2700139.5359837734
2700059.3488793657
2699982.8300668402
2699909.0820460096
2699838.5452678846
2699770.3679866823
2699704.9561688062
2699641.6235771636
2699580.5398063464
2699521.4916267148
2699463.9775951719
2699408.8364047231
2702934.7443797523
2702676.5551523254
2702508.9725786
2702284.4889114862
2702122.4164459025
2701930.3213735353
2701776.2832990345
2701610.1415827689
2701466.8420741037
2701321.0550822238
2701189.6478484366
2701060.2331510917
2700940.6501668822
2700824.9128231248
2700716.5445452007
2700612.3317319024
2700514.0165500655
2700419.7574692438
2700330.4989242842
2700244.8996214895
2700163.65989774
2700085.5724731744
2700011.3431342496
2699939.7412800202
2699871.5656455988
2699805.5479159714
2699742.5179347023
2699681.3399730218
2699622.5691910041
2699565.7062637247
2699510.2612795276
2699457.5134242792
2702938.6380102509
2702669.6963278265
2702509.354101894
2702279.3728063721
2702121.6195034664
2701927.7620202233
2701776.4412357188
2701610.4475188646
2701469.1996933273
2701324.4267692841
2701194.8293715734
2701066.8339064308
2700949.0755698844
2700834.9914253959
2700728.4655424454
2700626.0485794866
2700529.6967790951
2700437.3411050164
2700350.1587751531
2700266.5545427697
2700187.520036953
2700111.5065928679
2700039.6138298502
2699970.1361898109
2699904.4104876355
2699840.5238522277
2699780.0126457056
2699720.932773808
2699664.6585935387
2699609.8842907236
2699556.7228574469
2699506.2162672812
2702942.8175002346
2702661.1707692598
2702509.1434218381
2702272.799144126
2702119.8328065672
2701923.8842753102
2701775.3735978347
2701609.3774868636
2701470.1233866657
2701326.3040828989
2701198.464680789
2701071.8667746652
2700955.8210906619
2700843.2919084704
2700738.5161219127
2700637.8025994282
2700543.3227302628
2700452.7758556567
2700367.6014878121
2700285.9019237859
2700209.0396984862
2700135.0255778143
2700065.4850822091
2699998.0704964083
2699934.8737450358
2699873.0550182271
2699815.2201975631
2699758.1418934767
2699704.616153873
2699651.7375421138
2699601.2100932389
2699552.6473512682
2702947.0137470355
2702650.744228411
2702508.1561521124
2702265.1270671166
2702117.2539758077
2701919.320781487
2701773.6710868846
2701607.8027600888
2701470.5412054476
2701327.7290946217
2701201.6117889006
2701076.3930196417
2700962.0290399101
2700851.0318380333
2700747.9519372312
2700648.8679263876
2700556.1838446734
2700467.3397671315
2700384.0939033795
2700304.1886914209
2700229.4441342591
2700157.3176269531
2700090.1246455279
2700024.6737249224
2699964.0802313164
2699904.2300928431
2699849.2561550839
2699794.0317612933
2699743.5895998203
2699692.3363081063
2699644.9653542968
2699597.8708864185
2702952.0080469232
2702638.2352351807
2702506.6383161847
2702256.2874778421
2702113.7431206387
2701913.8386700498
2701770.9646988506
2701605.2825487903
2701469.8921822626
2701328.085878626
2701203.5687720077
2701079.6600515554
2700966.8238317994
2700857.2339237551
2700755.7120199353
2700658.0948240296
2700567.0598880188
2700479.7721638498
2700398.3411624604
2700320.0809426191
2700247.3775330591
2700177.009775396
2700112.1553623867
2700048.5631794021
2699990.6605952838
2699932.687612623
2699880.8067986411
2699827.2984983558
2699780.3894323562
2699730.446112236
2699686.9989480632
2699640.7121989345
2702957.2456105277
2702623.761796209
2702504.2335581342
2702246.3693861132
2702109.3504847246
2701907.6953023113
2701767.594640526
2701602.3095051153
2701468.7915500193
2701328.1303438805
2701205.2108255518
2701082.6672638711
2700971.3340689056
2700863.1390265841
2700763.0878377259
2700666.8495897264
2700577.3471621494
2700491.4225648944
2700411.6516319932
2700334.838502164
2700264.0390197439
2700195.2144791735
2700132.6168646854
2700070.6890039924
2700015.5113678318
2699959.2434984036
2699910.6656608945
2699858.6777604986
2699815.7999189938
2699766.7677266099
2699728.2369535472
2699681.8275938379
2702963.8917707941
2702607.4844284677
2702501.7565621161
2702235.7802377888
2702104.5513913971
2701901.0990444198
2701763.6097184522
2701598.6584411804
2701466.7774187876
2701327.1396678789
2701205.6083295019
2701084.2990606921
2700974.3031958845
2700867.3673252938
2700768.648328884
2700673.63002211
2700585.4889685791
2700500.76504737
2700422.5164780808
2700346.922413297
2700277.8989108196
2700210.4384454931
2700150.0466905725
2700089.6242406024
2700037.214287776
2699982.551136977
2699937.5159261934
2699886.9567422764
2699848.7012917795
2699800.2796690129
2699767.9556398964
2699720.4357731547
2702970.1015122989
2702588.5338449203
2702497.6776604052
2702223.9086228809
2702098.4424192021
2701893.6991475835
2701758.811011164
2701594.5985804251
2701464.4784522909
2701326.16518535
2701206.1481278939
2701086.2393439119
2700977.621800927
2700871.9748039697
2700774.525956321
2700680.6288873195
2700593.7152122809
2700509.9826073004
2700433.0173199386
2700358.378910406
2700290.9084424786
2700224.443839015
2700166.0391744212
2700106.7802907997
2700057.0841833544
2700003.7045380007
2699962.3321091351
2699912.9654289628
2699879.8267439199
2699831.7247191621
2699806.971761073
2699757.1663804855
2702979.25517574
2702568.037472222
2702494.6513916086
2702212.3874967704
2702092.9179124935
2701886.6711160713
2701754.0102184108
2701590.2075228551
2701461.3597019999
2701323.9857079587
2701205.0750963846
2701086.2744376254
2700978.7949278713
2700874.2602415304
2700777.9467208986
2700685.0316952993
2700599.2293300596
2700516.320350186
2700440.5305494303
2700366.6226959811
2700300.5305912811
2700234.8220461956
2700178.2829261408
2700119.9345487687
2700072.7968905745
2700020.5860784701
2699982.9642088655
2699934.8336054944
2699907.2370701185
2699859.4141446254
2699843.8494995059
2699791.1452048505
2702986.2001317777
2702543.6391841504
2702488.236250204
2702198.7714868719
2702084.8830321962
2701878.1143381489
2701747.8326644953
2701585.2826153333
2701458.2257123562
2701322.5228102263
2701205.1973144687
2701087.9488172126
2700981.8022353658
2700878.4905108153
2700783.2402784117
2700691.1650295327
2700606.2320445832
2700523.8561077458
2700448.9230673597
2700375.3783139829
2700310.3842206351
2700245.0043377611
2700190.0391668752
2700132.0530414293
2700087.3068857584
2700035.5907916394
2700001.5339535093
2699953.9530269359
2699931.8950789752
2699884.3227008623
2699877.9872074579
2699821.5836315062
2702999.5733056683
2702518.8754896265
2702485.76948835
2702187.9286197745
2702079.8005745728
2701871.8045764216
2701743.0272528008
2701580.7019255599
2701454.2632347527
2701319.1151429615
2701202.3897329285
2701085.9501931649
2700980.7035470875
2700878.3770505274
2700784.1703830212
2700692.957642097
2700609.0248689656
2700527.1992583969
2700453.1783108735
2700379.8161431686
2700315.7683670265
2700250.3291418632
2700196.6453013094
2700138.5641482384
2700095.787491749
2700044.2127812477
2700013.21424967
2699966.3873121375
2699949.1283365581
2699901.6005603131
2699906.4314189544
2699847.5834781369
2703005.852502842
2702487.6008003117
2702475.3078990015
2702172.1249564919
2702068.7721038964
2701861.4148049443
2701734.9523235937
2701574.7750340081
2701450.589483744
2701317.9151797006
2701203.2692513708
2701088.86101643
2700985.0741550485
2700883.9570168923
2700790.5312265572
2700699.7250643917
2700616.0736985817
2700534.0743017797
2700460.2068049633
2700386.3933286862
2700322.7761768228
2700256.8317016703
2700204.2343567293
2700145.6021923656
2700104.7871639193
2700052.4120436925
2700024.5746316118
2699976.163654556
2699963.2198229516
2699914.8828768265
2699923.7383530783
2699866.4113732944
2703026.8717335584
2702459.2976667038
2702476.1087967991
2702165.1431282163
2702066.645669797
2701858.0205461155
2701731.7339037159
2701570.9181425283
2701445.9901888124
2701312.6568797319
2701197.3822551956
2701082.8707958222
2700979.4784043496
2700879.1545291115
2700786.8677276699
2700697.0983176469
2700614.7654331801
2700533.459867022
2700460.651482407
2700386.7163939672
2700323.6740660821
2700256.558973934
2700204.0474414062
2700143.1422886066
2700102.2302054078
2700046.9788249838
2700018.9610043829
2699968.9101978908
2699955.3305641497
2699905.0102047389
2699930.3508301037
2699893.0043602609
2703028.2928637792
2702418.7545025595
2702457.3425357426
2702144.4343573931
2702049.2026280304
2701842.9582339092
2701719.5507135256
2701562.6063698926
2701441.3768249797
2701312.420673992
2701200.8161654845
2701089.7316688276
2700988.3313297792
2700889.2142500263
2700796.9190385812
2700706.3701733667
2700622.6606460526
2700539.2540431307
2700464.3755315035
2700387.6170931584
2700322.6344586094
2700252.7069627312
2700199.3943346473
2700135.8859124323
2700095.3983448953
2700037.1326352945
2700010.9790035556
2699952.2248698273
2699949.6278660768
2699921.6649044417
2699973.0985240322
2699975.3404970528
2703064.7456256594
2702388.7270155447
2702467.9177000574
2702148.1995155257
2702055.786959304
2701847.0953273843
2701721.1361727035
2701560.9596855356
2701435.6477950099
2701302.1912698802
2701185.6297463588
2701070.1871571732
2700965.9355362998
2700864.9656894165
2700771.8656226695
2700680.6628841278
2700597.1421430795
2700513.4901981754
2700439.4758236213
2700362.4223253438
2700298.8123054109
2700227.9018081133
2700175.8116683913
2700108.9096156843
2700067.9808486039
2700001.4205959737
2699977.9648209345
2699938.2759982054
2699972.4372325358
2699969.9525655126
2700071.742984592
2700145.9140982763
2703049.8891621935
2702332.0871783569
2702428.4648226695
2702109.3520523664
2702017.2193839941
2701812.283508555
2701689.1075750943
2701533.6051792265
2701412.5649580313
2701285.067765167
2701174.0325507056
2701064.3746857997
2700963.2325943094
2700864.9320726451
2700772.9751185481
2700682.6113189701
2700599.1659931554
2700515.0401741741
2700440.4507400757
2700361.3044844903
2700296.2188725504
2700219.910562613
2700165.0244420297
2700093.8614149769
2700064.8591533406
2700018.437064237
2700038.3590085856
2700016.5451972699
2700090.5793330339
2700118.9427898764
2700289.2424972965
2700437.6556320037
2703124.0723255323
2702288.2216833993
2702455.7872414393
2702128.6561868647
2702030.2389292945
2701813.7135389363
2701677.4911151817
2701509.9928374118
2701377.1796729141
2701238.3457082035
2701115.5415618494
2700996.4321707846
2700890.7087900368
2700788.9918680359
2700696.2535680132
2700605.8985720645
2700525.1939467136
2700442.4023318077
2700373.1580900201
2700296.699542772
2700242.246309184
2700174.6915695625
2700143.3727585319
2700086.9441399341
2700083.5799441105
2700037.4941047179
2700080.3465735535
2700066.6511382125
2700197.935769747
2700258.3320492576
2700548.2285484914
2700823.8698350769
2703029.964757144
2702149.1661741487
2702306.7367738467
2701969.8256958867
2701864.9781045686
2701664.6463026907
2701549.0576779163
2701411.601593677
2701307.6641065264
2701203.4387848238
2701113.8626954868
2701028.0000680075
2700944.8205525763
2700863.9301674417
2700785.7365547894
2700708.1224717549
2700636.1746989931
2700560.9761570902
2700498.6494921688
2700426.7020999356
2700379.2780913827
2700312.2563496558
2700288.4005344226
2700231.7977187019
2700249.4733438888
2700214.6103486838
2700306.1384090516
2700319.8794046463
2700546.8102850178
2700669.1988342027
2701123.7155974549
2701491.461917134
2703401.4359931708
2701972.4444883792
2702420.8819368402
2702126.8739090017
2702039.4114022148
2701839.9956645854
2701716.7821938479
2701563.5813613492
2701444.8530740365
2701318.3035036777
2701210.7457521646
2701101.0032892926
2701005.7184217297
2700906.0504696313
2700821.4666997469
2700727.569193772
2700654.2084627692
2700562.9235777687
2700502.7214400591
2700412.0374884252
2700369.5134636164
2700277.5881170309
2700260.3529230673
2700169.6319841379
2700196.4206212978
2700116.1527918167
2700214.8628042317
2700176.4140202696
2700412.6966581121
2700502.2467722138
2701037.3797286325
2701430.2711623614
2699112.8348017936
2699050.4446293847
2698989.8815670623
2698925.9024301218
2698861.7434350164
2698798.1383262523
2698735.1445670575
2698668.2780128946
2698604.7989375731
2698531.6390768415
2698468.9901000177
2698395.5204309258
2698327.492102006
2698252.6429312518
2698179.6210985035
2698102.0873625474
2698024.2375707887
2697943.0674897227
2697860.4401626564
2697775.0815321971
2697686.9338881648
2697595.6615478368
2697501.0105309947
2697402.626974266
2697300.2426953577
2697193.370200573
2697081.7654359955
2696964.7941759983
2696842.1794884596
2696713.1850599553
2696577.4630741756
2696434.0591631355
2696282.6861691806
2696122.0845481288
2695951.9888298041
2695770.7984959157
2695578.276539857
2695372.4413882326
2695152.9173219628
2694917.5649124156
2694665.5904855467
2694394.5328868544
2694103.499718111
2693789.3410319379
2693451.005234981
2693084.6180687165
2692688.9484969974
2692258.9783853246
2691793.387114774
2691286.0059770946
2690734.5592013388
2690132.1308376342
2689475.5724072163
2688755.7512767822
2687968.8409098359
2687103.9938850938
2686154.5941532981
2685109.1049895557
2683955.3461247082
2682683.2230147738
2681272.345046421
2679711.8731915383
2677975.1945190332
2676044.9676982146
2673890.5561996368
2671482.2917877575
2668789.1993451966
2665758.1634456487
2662352.2282130499
2658510.9699497717
2654157.305206548
2649229.6798279872
2643620.3481290415
2637219.1175802662
2629941.3545462191
2621555.4918152364
2611825.4078138624
2600473.4480611528
2587184.8371726694
2571607.9846649803
2553340.1116734194
2531962.4800235578
2506864.2726522968
2480236.0435088477
2443799.645782405
2400022.1912663896
2349838.077570864
2293243.1003881488
2229203.4597057947
2149602.4555644798
2054272.5018572756
1947060.3570901914
2699059.9755916712
2698994.5619959692
2698932.1127651832
2698864.0254099425
2698794.732422031
2698728.7814260363
2698663.0310977618
2698591.8073039423
2698524.6320457421
2698441.2929373612
2698378.8985650269
2698298.392202449
2698226.2366564712
2698144.3960805214
2698064.9843296846
2697979.788781737
2697894.2778003467
2697804.7993979244
2697713.65851798
2697619.6054298044
2697522.007121854
2697420.7399188881
2697315.4252313199
2697205.6419687383
2697091.1525700451
2696971.2971610925
2696845.9358509206
2696714.1488258112
2696575.8977297256
2696429.9599017557
2696276.415874566
2696113.6665646867
2695941.9593582922
2695759.232595738
2695565.8863871573
2695359.3362518041
2695140.1472010147
2694905.2280123648
2694655.1106227366
2694386.2662740061
2694099.1136277346
2693789.4939808021
2693457.9225081378
2693099.2652744153
2692713.9732543305
2692296.1130252234
2691846.005348308
2691356.2649132484
2690827.2982632318
2690250.4079474737
2689625.0578491013
2688941.4188655657
2688197.8714291207
2687383.1756708124
2686494.1158614396
2685516.557278085
2684447.4476878042
2683267.9568844638
2681972.5201151641
2680540.1125604659
2678961.0337654175
2677208.4417611235
2675268.4801790831
2673109.1872856193
2670709.2821679707
2668024.0615161797
2665029.5119619155
2661665.1737032169
2657891.835149507
2653638.4662542278
2648840.1671193196
2643402.7618797245
2637240.6824840442
2630220.5695498842
2622249.422763498
2613056.2170674494
2602375.5319711808
2589936.7605191646
2575437.4260814521
2558537.6563375732
2538895.8435442569
2516129.7873578682
2489786.8594233673
2461885.5851710602
2422693.2451656004
2376977.1283891145
2325788.3908682084
2268641.3396145287
2203520.1163606327
2122030.1075859475
2026388.3201214643
1921185.0626046839
2699091.5550987041
2699026.3808240378
2698965.738029548
2698897.2180024278
2698827.0243430771
2698762.6318780724
2698698.7233089097
2698627.5132045588
2698562.6749648028
2698474.2403005851
2698417.8379312013
2698335.4286022773
2698265.7304690294
2698183.0467094523
2698104.4871064033
2698018.8163063391
2697933.5198369231
2697843.7963752826
2697752.9064315096
2697659.3814539439
2697562.1514391713
2697461.3460855857
2697356.4400092592
2697247.1040034639
2697133.0541227572
2697013.6531957719
2696888.7607828602
2696757.4441985185
2696619.6799316546
2696474.2294560848
2696321.197419134
2696158.9562010602
2695987.7812829241
2695805.5688304757
2695612.7898570774
2695406.8205982535
2695188.2450075885
2694953.8797104233
2694704.4535967265
2694436.0908273617
2694149.7144701909
2693840.5779959699
2693509.7074923236
2693151.575700975
2692767.0417645797
2692349.701032056
2691900.2990479358
2691410.9466922395
2690882.889237579
2690306.0894016218
2689681.6240087277
2688997.9792569517
2688255.5058683376
2687440.5468257396
2686551.9497957621
2685574.6869654018
2684504.9643832329
2683325.8840930392
2682029.3438222627
2680597.0474163583
2679015.8478653752
2677262.4709236538
2675320.8162739128
2673157.7406102275
2670754.515313542
2668064.3753926991
2665065.5264495723
2661690.848067211
2657910.8537102174
2653641.4113184372
2648829.4220063337
2643370.2234129664
2637183.3173704427
2630122.3213211321
2622124.2508256952
2612864.5304302769
2602076.24738331
2589471.3143861918
2574784.2076181597
2557654.1964500113
2537790.7612098753
2514827.3713433524
2488265.0047488906
2461066.4904599781
2420550.6640376644
2373932.3641949152
2322578.3939898275
2265713.5107425591
2200795.8646330233
2117605.0435486217
2020188.0950353909
1914065.9630089917
2699112.2347869095
2699047.3942064499
2698988.0303941648
2698919.0361404736
2698847.5170171489
2698784.3155135298
2698721.8134039734
2698650.0097077615
2698586.8561333437
2698492.3847830086
2698441.6630567345
2698356.6122880806
2698288.9247651757
2698204.680067475
2698126.3918079408
2698039.4900724408
2697953.7068405636
2697862.9988330989
2697771.5776752913
2697677.7581009045
2697580.0471664565
2697478.8202823712
2697373.4061356261
2697263.5642779605
2697148.9567446043
2697028.980323262
2696903.4672039417
2696771.512654203
2696633.0785336643
2696486.9401933742
2696333.1853005774
2696170.1974853566
2695998.2476890828
2695815.243766109
2695621.6441549817
2695414.8232472888
2695195.4008613126
2694960.1720485627
2694709.9225701895
2694440.7174074864
2694153.5101613635
2693843.5455764239
2693511.9407530339
2693153.0123630925
2692767.8112042611
2692349.8279928998
2691900.0348632736
2691410.1323702116
2690882.0618119496
2690304.824129608
2689681.056253796
2688997.0527249957
2688255.8875724887
2687441.3255697982
2686554.4402903719
2685579.1840178678
2684510.7782391128
2683336.089082215
2682041.524753341
2680613.9585152185
2679037.5384905157
2677290.6641039695
2675354.8782044118
2673199.6007591407
2670806.8111221674
2668123.7667809501
2665139.4274133183
2661773.782496775
2658010.1307390761
2653752.760057277
2648957.9972212729
2643511.4869607911
2637341.7214610633
2630289.4075428527
2622316.1516632796
2613056.6918188888
2602219.6728530917
2589508.5326467743
2574680.3160099098
2557363.9297126955
2537286.1000069859
2514122.6674506036
2487346.3039962305
2460958.4151416807
2418914.3739902689
2370994.3963451264
2319022.0488492018
2262029.5559623623
2196909.5676002735
2111201.2717524325
2011055.3151676646
1903126.1674357671
2699158.5348107824
2699095.2953830156
2699037.5576166157
2698969.0816941699
2698897.3749769502
2698836.0358423204
2698775.6377528762
2698704.228000009
2698643.6066257115
2698545.1711856178
2698500.322247182
2698413.978656265
2698349.1822510711
2698264.660409681
2698187.8895471124
2698101.086537784
2698016.2836628132
2697926.0928096841
2697835.7572140736
2697743.248570811
2697646.8088912885
2697546.9841747568
2697443.0008057682
2697334.7028438672
2697221.6968638794
2697103.4453778323
2696979.7289086883
2696849.7179714879
2696713.3037414192
2696569.356675901
2696417.8857808146
2696257.4025429511
2696088.0450004656
2695907.8933754065
2695717.2414055238
2695513.6865713252
2695297.6386327166
2695066.1554171555
2694819.7610561964
2694554.8778526238
2694272.1598832658
2693967.2317548096
2693640.8410881842
2693287.7505282145
2692908.7495175628
2692497.5462092673
2692054.9986889488
2691573.2044963418
2691053.6544794166
2690486.1692877025
2689872.4707831382
2689200.1296472359
2688471.1436095918
2687670.2048288961
2686798.3190581598
2685839.6101800445
2684788.738690583
2683634.819214934
2682361.2611927292
2680958.8588505057
2679408.2665769095
2677691.3997032298
2675787.6479169391
2673667.2332878262
2671316.6697920244
2668673.9405303332
2665741.521433922
2662423.1896356363
2658721.333785912
2654525.2120042904
2649798.1401343574
2644427.72332629
2638335.9558465509
2631366.1788887852
2623497.0310073122
2614328.3282860527
2603553.6612603148
2590849.7552276845
2576009.9555057045
2558636.8760431302
2538469.6662853663
2515229.3812886062
2488321.8100624462
2462920.5749586676
2419486.7500062436
2370282.121744148
2317658.377727075
2260476.7708206968
2195108.9630676988
2106757.8256292581
2003263.7899325723
1893019.241317532
2699200.7876123693
2699139.396024602
2699083.0317308912
2699015.1773076537
2698943.512306618
2698883.9309792174
2698825.428005232
2698754.4041477069
2698695.7355187773
2698594.0839525978
2698554.365152895
2698466.9596205051
2698404.7836730625
2698320.0200171801
2698244.654839389
2698158.0129007422
2698074.1987050534
2697984.567309319
2697895.3350878144
2697804.0992034147
2697708.9379213168
2697610.5129988114
2697507.9781006631
2697401.2561900108
2697289.8931383779
2697173.4346651305
2697051.5840082453
2696923.6261183331
2696789.3392203203
2696647.7570778891
2696498.7182368091
2696340.9586620941
2696174.3947917758
2695997.4074458438
2695809.9912662762
2695610.100346732
2695397.8096296196
2695170.5934636383
2694928.5843596156
2694668.6764958962
2694391.0917786411
2694091.9827022851
2693771.6855763556
2693425.4392976733
2693053.7429205747
2692650.5285385335
2692216.7528676065
2691744.6317421179
2691235.3282486573
2690679.7164188647
2690078.0457185199
2689420.3997587669
2688706.0618221746
2687922.2429065434
2687069.0042384793
2686130.3953648605
2685103.1439617272
2683972.4769515232
2682728.2607981861
2681355.8279298712
2679839.5839158176
2678159.375722453
2676297.9052767865
2674224.8860335327
2671922.735498806
2669339.6142209
2666467.344812348
2663218.2154206922
2659597.4487061882
2655479.0322953411
2650848.2195706307
2645582.1908960142
2639592.5870771073
2632747.7374083702
2625016.4023389267
2615992.6924007731
2605317.1665684762
2592702.3469479526
2577899.1739225909
2560543.3733067485
2540347.6641116352
2517080.3732055468
2490079.9868949237
2465701.1816282556
2420916.5845760969
2370305.6836086921
2316886.9957325771
2259295.5141906333
2193476.6647773758
2102109.5151228574
1994799.6721922068
1880892.8161381865
2699252.5304826312
2699193.5274458118
2699138.4426998626
2699071.5693330937
2699000.4453373249
2698942.7119258465
2698886.1632707287
2698815.8502652496
2698759.0483281976
2698655.4262355454
2698620.2618640908
2698532.3764854996
2698472.8292257725
2698388.2339172019
2698314.5642890981
2698228.4839167846
2698146.0522615849
2698057.406661558
2697969.7193239387
2697880.1371181551
2697786.7099898374
2697690.1367946323
2697589.544096177
2697484.9125695759
2697375.7281656158
2697261.6486608777
2697142.2438229024
2697017.0128926244
2696885.4725634945
2696747.0100703319
2696601.0917151067
2696446.8963550651
2696283.8667791984
2696111.01097085
2695927.5777751231
2695732.4549283604
2695524.7584756184
2695303.0285603805
2695066.3274619062
2694812.8057445735
2694541.2461846503
2694249.8005744466
2693936.3513805922
2693598.9637491889
2693235.6925424496
2692842.5045747557
2692418.8405257799
2691958.8151326501
2691461.0224612001
2690920.5241471138
2690331.7717075683
2689692.947538313
2688994.1571071851
2688231.8313526101
2687399.4318577936
2686485.1718881922
2685484.0474406551
2684383.154005589
2683170.5389011772
2681834.5546359243
2680355.2248898498
2678723.5461772201
2676904.5579201961
2674891.2995463368
2672642.4659129074
2670133.0265880884
2667324.6537484811
2664167.9958905936
2660627.0804177807
2656615.7980539245
2652090.7172890888
2646950.0125196101
2641090.4433922572
2634388.938301994
2626832.7663153592
2617985.0010432191
2607452.0199722364
2594994.1291727563
2580269.1056065466
2563018.3881707322
2542835.9397404399
2519634.8596028569
2492551.5184644246
2469258.3927049763
2423188.8752580434
2371182.5189428371
2316821.9749494414
2258718.4516634685
2192313.4894383852
2097573.1025438514
1986383.8674838373
1868377.5117810026
2699301.8811757532
2699245.4185187151
2699191.4296756852
2699125.6309900251
2699055.2396595087
2698999.2281624721
2698944.4618374896
2698874.8889970984
2698819.5150925918
2698714.6817562412
2698683.3640588257
2698595.2460966595
2698538.0822989722
2698453.7442425438
2698381.7239820855
2698296.258867004
2698215.2432096223
2698127.6411600374
2698041.5451910859
2697953.6122739566
2697861.9503972325
2697767.2668836443
2697668.646066145
2697566.1791224526
2697459.2102498943
2697347.6086179689
2697230.7069883975
2697108.3063083049
2696979.6049645771
2696844.4006673093
2696701.669495238
2696551.2578958953
2696391.8295533061
2696223.3188534402
2696044.0077493801
2695853.910567869
2695650.8940883372
2695435.0136195007
2695203.6643165513
2694956.9355987301
2694691.6863291478
2694407.9422228164
2694102.0690481532
2693773.6280979901
2693419.21043219
2693036.5977207148
2692623.3809378282
2692176.0671581929
2691690.360061313
2691165.276082912
2690591.3845415935
2689970.4023206108
2689289.7404169459
2688549.4343514838
2687738.5650459714
2686850.5299278111
2685876.2378726504
2684808.0884139976
2683626.4227693873
2682331.9242290948
2680891.0631744727
2679309.8409399479
2677536.5000648974
2675588.8256117678
2673393.8497283915
2670965.6085778815
2668225.1165560638
2665168.6000991915
2661711.6426600055
2657822.1297248779
2653406.5601141765
2648408.4099863027
2642686.106668028
2636158.40349823
2628779.1962259179
2620144.847744036
2609785.2447790694
2597521.4334915769
2582937.9565980057
2565838.5640593986
2545738.8041390064
2522639.419022074
2495543.0190734556
2473334.1930400087
2426105.4622699725
2372651.9381330959
2317263.4414892853
2258508.1958418041
2191384.746907386
2092954.2400448825
1977260.1865114323
1855085.4015502939
2699354.1320638154
2699300.3746280214
2699247.3688890366
2699182.7387151346
2699113.2908549746
2699058.9312591599
2699005.8277607653
2698937.064090312
2698882.8785930029
2698777.5071693133
2698749.4773390642
2698661.3567762664
2698606.4235767075
2698522.4466182245
2698452.100577285
2698367.341525286
2698287.8370347447
2698201.3768473067
2698116.9794107885
2698030.7316657929
2697940.939991104
2697848.1977623189
2697751.6722964649
2697651.4190944065
2697546.8196000713
2697437.73190691
2697323.5188986319
2697203.9719246053
2697078.3213217929
2696946.3584922599
2696807.0962225641
2696660.3708506655
2696504.8908330519
2696340.595014879
2696165.7724602553
2695980.5109227835
2695782.620047661
2695572.3096375838
2695346.8409034186
2695106.5765478374
2694848.0697036185
2694571.927314471
2694273.8000867879
2693954.4480147511
2693608.8669685684
2693237.2191355745
2692834.3752528806
2692399.9328481825
2691926.8017140413
2691416.8625711994
2690858.1500608237
2690255.5571728488
2689592.5668057874
2688875.4234638815
2688085.5697000767
2687225.6411493667
2686277.2743639434
2685243.2669885582
2684093.0282647396
2682841.3028910318
2681438.8129264512
2679909.0811388493
2678185.3533909698
2676300.337741009
2674166.0398103623
2671818.08743073
2669150.3613008712
2666195.5668603834
2662828.1154985973
2659065.093310609
2654763.0481517939
2649918.2242586021
2644339.9759434797
2638000.4530464611
2630801.0247457782
2622406.9099608562
2612235.296292976
2600207.9951338707
2585795.8435510411
2568910.3238070966
2548931.2958227354
2526003.0774167916
2498943.9927527634
2477788.5333115733
2429609.8336120816
2374661.2929140609
2318188.3869852615
2258632.0873406641
2190686.8157436694
2088382.769316534
1967953.0025757791
1840076.2648913676
2699404.2912472673
2699353.199170656
2699301.1278825686
2699237.6242782506
2699169.2313516955
2699116.3386367639
2699064.7505507153
2698996.7152053514
2698943.4640753083
2698837.9181087366
2698812.7047149511
2698724.6294146888
2698671.757121277
2698588.1085567153
2698519.3893448953
2698435.3107130686
2698357.3096222221
2698271.9820847944
2698189.2706549382
2698104.6561451484
2698016.7049720879
2697925.8725338932
2697831.4079253031
2697733.3453328609
2697631.0766144232
2697524.4843109744
2697412.9098622729
2697296.2003780785
2697173.5291896481
2697044.7939114189
2696908.893569632
2696765.8409437952
2696614.1646268284
2696454.0377931031
2696283.5521137123
2696103.0342141818
2695910.0908757853
2695705.2075491091
2695485.4012200646
2695251.3769918294
2694999.4018444917
2694730.4903692552
2694439.9304610249
2694129.1526379567
2693792.2342934757
2693431.1269274601
2693038.1466786177
2692616.5364616266
2692155.4014741899
2691660.5141924932
2691116.4150218964
2690532.0953986752
2689886.6316035292
2689192.3100927984
2688422.1882254742
2687592.1582454951
2686666.8756868248
2685668.5965149179
2684549.046652575
2683339.3770000511
2681975.2405731692
2680497.6456237468
2678822.0164607093
2677001.0631583873
2674925.7923168573
2672659.420847828
2670064.4228006797
2667213.5532374214
2663934.6821092186
2660304.6202135659
2656112.9976836503
2651434.3361215289
2645997.2726380914
2639864.2350568124
2632845.8136287984
2624716.8473779652
2614754.809473678
2603007.5324531309
2588797.8695158847
2572184.5671777683
2552356.9357542549
2529644.3175235274
2502687.5578700537
2482536.5323659582
2433672.4360118322
2377153.9970749267
2319550.9431926929
2259026.6549890735
2190192.4133710987
2083720.6497460506
1958737.638777541
1824287.3339115011
2699454.6674176813
2699406.1107333465
2699355.0177561739
2699292.5265267938
2699225.2804972446
2699173.6293892995
2699123.4619492795
2699056.0134104649
2699003.581587533
2698898.0118899038
2698875.3141970634
2698787.2286240105
2698736.3289103014
2698652.9304120918
2698585.8182364744
2698502.3792540249
2698425.8708985085
2698341.6587775932
2698260.6059448798
2698177.5711183851
2698091.4146650373
2698002.4407015825
2697909.982479685
2697814.044254506
2697714.0392964706
2697609.8462866875
2697500.8207448591
2697386.8076604889
2697266.9950560299
2697141.2809647373
2697008.5965656135
2696868.9206863982
2696720.8758783927
2696564.5305546597
2696398.134013908
2696221.9068343476
2696033.5894042128
2695833.6638088399
2695619.1336841523
2695390.9368560673
2695145.0003955378
2694883.0639009252
2694599.431391336
2694297.1184866596
2693968.1516182418
2693617.4036710518
2693233.6645088173
2692824.6721801679
2692374.4028394739
2691894.9792243708
2691363.7173716994
2690798.4026844003
2690168.159031786
2689497.3329131128
2688745.4499970349
2687944.1197847142
2687041.2007742869
2686077.873679053
2684985.9118927512
2683819.0404884159
2682489.2787188585
2681063.9572063661
2679431.7306989888
2677674.9578204132
2675654.5493762894
2673467.4324969603
2670942.1260062451
2668189.7838386856
2664999.2463469566
2661494.183048002
2657413.1965542878
2652891.5505856886
2647600.6583900414
2641662.3331568246
2634830.6059564441
2626955.5332143418
2617221.7282357849
2605788.1550124078
2591820.202720515
2575567.5679619
2555945.5940485252
2533513.2125514862
2506775.0468418701
2487479.8467969773
2438438.8439658233
2380161.7320557805
2321358.592716767
2259608.4553546021
2189958.2719243295
2078930.5756448
1949393.4707686917
1808069.6070554624
2699503.1619726131
2699456.7992299008
2699406.895422684
2699345.1637617568
2699279.1263786107
2699228.4017637507
2699179.5902399677
2699112.4674961749
2699060.8413576237
2698955.1296568327
2698934.8129757098
2698846.5095288861
2698797.5544216014
2698714.2492576358
2698648.7142462917
2698565.8324668468
2698490.7596303616
2698407.6130863396
2698328.1334029976
2698246.600285002
2698162.1262179245
2698074.91092698
2697984.3156666802
2697890.36350737
2697792.437479259
2697690.4643657478
2697583.7423209022
2697472.1933972542
2697354.9131704057
2697231.9251870536
2697102.0342131285
2696965.3904533121
2696820.4249744108
2696667.4985746089
2696504.5530757601
2696332.2539306958
2696147.908975902
2695952.5803719601
2695742.7360315993
2695519.9920710456
2695279.671586365
2695024.2287995308
2694747.3935416802
2694452.8602545522
2694132.0952642947
2693790.6532115298
2693416.8120938209
2693019.0016373927
2692580.691572322
2692114.7065121345
2691597.777727108
2691048.8109672014
2690435.7147328462
2689784.9436314735
2689053.5321200141
2688277.0514503969
2687398.756020363
2686466.1601187377
2685404.0871487092
2684275.342820066
2682982.071459996
2681604.1713414174
2680016.9165001558
2678319.2457123953
2676354.68059796
2674241.3593093683
2671786.2960897465
2669126.1177226109
2666024.7995309308
2662634.6287545031
2658668.5398035869
2654289.6515451437
2649146.3846346117
2643387.1698980103
2636743.8971575815
2629094.5074326545
2619600.7400504914
2608433.5003646724
2594752.418178482
2578804.8369596954
2559499.4983048784
2537378.5462612673
2511013.1304391464
2492214.5654259878
2443713.3525018878
2383893.5432491926
2323855.7676059371
2260490.5738407318
2190135.7568631121
2074055.5813681514
1940048.3788799571
1790499.2846696735
2699551.1254821783
2699506.3534174403
2699458.0535293161
2699396.6848027506
2699331.8670168007
2699281.7123225555
2699234.2104637236
2699167.0737075144
2699116.3748824727
2699010.15951999
2698992.2960583339
2698903.4392765034
2698856.488389669
2698773.0842037336
2698709.0954818013
2698626.6890875031
2698552.947068505
2698470.7971505718
2698392.7363874279
2698312.5987895159
2698229.6199484505
2698143.9905288909
2698055.0431846175
2697962.8122449289
2697866.6854468249
2697766.5151838111
2697661.7121398817
2697551.9945340399
2697436.7395968675
2697315.6647525365
2697188.0871594776
2697053.6525461958
2696911.4954647063
2696761.2508798107
2696601.7967182044
2696432.7843620414
2696252.7455888228
2696061.4018359515
2695856.7836918538
2695638.7667099177
2695404.7097229529
2695154.8784828917
2694885.5214435756
2694597.615579857
2694285.8090217551
2693952.2266708892
2693589.1151787364
2693200.6031370149
2692775.2286841618
2692320.3225107198
2691819.0253342278
2691283.3846203871
2690689.1128670718
2690054.6789163277
2689345.8573651537
2688589.5605903217
2687738.4810479162
2686830.8949915064
2685801.85478102
2684704.4065625281
2683451.2288583885
2682112.8477077563
2680574.6076845136
2678927.0835464504
2677022.7419380294
2674973.4477299149
2672593.0734899756
2670014.8532932838
2667006.9759664703
2663722.1377821965
2659874.0262184059
2655630.1564095533
2650638.4388934635
2645050.5561102638
2638598.4140330669
2631172.1667676256
2621921.3060672348
2611023.6790205771
2597634.684912398
2581996.1890702029
2563011.7734932848
2541217.3812845917
2515193.5161482301
2496828.232007551
2448623.8974753162
2387863.5529016056
2326647.1930232821
2261703.5171876391
2190394.877737314
2069698.109348753
1931406.5785608389
1771136.3178160528
2699597.8255281532
2699553.6465690257
2699507.6801209738
2699446.1057650982
2699382.4777232781
2699332.448676541
2699286.2472664523
2699218.6177040287
2699169.1802244098
2699061.7463992271
2699046.6728308974
2698956.7606412484
2698911.9425944635
2698828.2132132999
2698765.6886080583
2698683.6546466989
2698611.0465203323
2698529.7764837584
2698452.8668649755
2698373.9420470037
2698292.0961125963
2698207.6288214047
2698119.7229528897
2698028.5649510231
2697933.4841496418
2697834.4485221775
2697730.8989625564
2697622.6454234887
2697509.1178117539
2697390.0562259611
2697264.7129434291
2697132.8089929726
2696993.4253052659
2696846.2496278901
2696690.106271686
2696524.7361572152
2696348.640288203
2696161.6066195918
2695961.6921331566
2695748.8050849102
2695520.4101573643
2695276.5857129102
2695013.9878678811
2694733.0989032253
2694429.2783474135
2694103.8278926462
2693750.2775392816
2693371.349485816
2692957.5398162561
2692513.9774621045
2692026.6609302722
2691504.5459255618
2690927.2154135783
2690309.0816220473
2689620.7851033239
2688884.3845529752
2688058.2057679025
2687175.0730721424
2686176.3996280967
2685109.2615993586
2683893.2321518604
2682592.7977727493
2681100.204100057
2679500.5709330295
2677652.6467267545
2675664.2434169259
2673354.2536699655
2670853.8863004348
2667934.688824934
2664749.9730682098
2661014.8666413566
2656900.2151903193
2652054.2074784935
2646634.660766569
2640368.4573135548
2633161.6810144251
2624154.0124813057
2613534.8152899062
2600450.8767311443
2585149.0381237287
2566517.5145154288
2545097.7825496802
2519436.4253968201
2501619.8675651019
2453698.4136810014
2392187.9743378237
2329511.3493467136
2263194.3230985967
2190328.1105647855
2065281.5908587563
1922832.885130574
1750561.1344381671
2699644.5048476672
2699599.2498190263
2699556.7656865842
2699494.2423217134
2699431.5575122456
2699381.2423632652
2699336.2322250791
2699267.6147311917
2699219.9359637205
2699110.2626299313
2699098.5930942795
2699006.9802124104
2698964.4479661006
2698880.1648607128
2698818.9077853076
2698737.1368052526
2698665.2008960927
2698584.4128653714
2698507.9458891912
2698429.655102544
2698348.1775735798
2698264.3664287012
2698177.17646064
2698086.9888318437
2697993.0684350152
2697895.4429442473
2697793.5668631257
2697687.119037413
2697575.513106172
2697458.4703090377
2697335.4943704456
2697206.1022630455
2697069.5738585969
2696925.4088418614
2696772.6919104489
2696610.8871877566
2696438.8379813731
2696256.0192014873
2696060.8572134869
2695852.7463477659
2695629.7019310598
2695391.3739902298
2695135.1134415958
2694860.671859981
2694564.5047490527
2694246.7945209425
2693902.3652012157
2693532.5046034846
2693129.5862009372
2692696.6987976716
2692222.382555983
2691712.9099835958
2691151.3323574783
2690548.4932720573
2689879.3288981146
2689161.613961082
2688358.769842607
2687498.5670862491
2686528.3518781899
2685489.6324201967
2684308.4142308896
2683043.6003810018
2681593.820591615
2680039.1891642269
2678244.2224750868
2676313.1383477706
2674069.274786449
2671642.388357996
2668806.6272907583
2665716.7563358387
2662088.2485455745
2658096.7464383068
2653388.8494299618
2648130.9296063171
2642043.0970587432
2635047.786201797
2626275.6887017614
2615936.8611119534
2603159.6523411968
2588210.4342252533
2569950.6549116927
2548943.0900937389
2523677.1776556061
2506420.0747544835
2458868.4338080231
2396831.3827675497
2332808.2432481889
2264978.4736967641
2190440.8569373181
2061143.9549315786
1914429.5076295338
1730066.5773066608
2699691.1764589697
2699642.2802827624
2699605.1354941018
2699540.7836918053
2699478.5392288789
2699427.4677974158
2699383.5641107047
2699313.2499979492
2699268.3152988697
2699154.5248767473
2699147.3694192101
2699053.2331013936
2699012.9584477409
2698927.8519350719
2698867.1839261823
2698785.2071076273
2698713.1867977427
2698632.4564395519
2698555.9914369434
2698478.5126505727
2698397.6202186444
2698314.6983795217
2698228.2643777546
2698139.1667836001
2698046.4818813945
2697950.3075290271
2697850.0521757328
2697745.5226481599
2697636.1850047386
2697521.7312739668
2697401.5292158849
2697275.1402531839
2697141.8259361722
2697001.0551936347
2696851.9312916552
2696693.8643327905
2696525.7596176346
2696346.9533167677
2696156.1027690046
2695952.4918385213
2695734.4822962196
2695501.4200010598
2695251.0041806693
2694982.7215358471
2694693.2693221988
2694382.4847559305
2694045.9749491136
2693684.3902005972
2693291.1245295806
2692868.2312086336
2692405.9526805044
2691908.7514134049
2691361.6824229243
2690773.614770826
2690121.8716943054
2689421.885344909
2688640.2898143646
2687801.9584577442
2686857.8537518978
2685846.1772338576
2684697.035871394
2683465.9304091488
2682055.7092882581
2680543.575261551
2678797.6852592197
2676920.6124134148
2674738.2186537017
2672380.4962052638
2669622.5580155039
2666621.9703266066
2663093.2825740827
2659217.9761223844
2654639.9205095796
2649535.0716288295
2643616.3276466401
2636823.1210841816
2628278.9061420313
2618218.2714089886
2605743.3000766458
2591156.1132130497
2573279.0240182099
2552714.8437365922
2527869.0267436928
2511177.36556989
2464109.1203114209
2401714.3035721574
2336377.0096914745
2266924.094952432
2190493.1489584055
2057172.5562293925
1905916.8101031121
1708814.8137686041
2699739.6337329671
2699682.6741621429
2699653.6485664877
2699586.5291782995
2699523.350122049
2699471.3050683402
2699427.9310084367
2699355.4763047583
2699314.3796201372
2699194.2162447241
2699192.7543386286
2699095.0420746217
2699056.5800105333
2698970.2033744305
2698909.532856035
2698827.3685812857
2698754.962357508
2698674.1295454819
2698597.5076773749
2698520.7925039399
2698440.4146356666
2698358.664927722
2698273.7510087993
2698186.4387971684
2698095.8002139316
2698001.8737958199
2697904.0610153838
2697802.084148095
2697695.3705199766
2697583.5747249029
2697466.1397688659
2697342.5871525337
2697212.2501418539
2697074.5721121901
2696928.7366077248
2696774.1238657571
2696609.7259356845
2696434.8615055755
2696248.2509250208
2696049.1274069557
2695835.8525139722
2695607.7673504585
2695362.609125372
2695099.8772221091
2694816.4613198913
2694512.2810174827
2694183.0987088103
2693829.3506645155
2693444.885085973
2693031.3233200419
2692579.4036268452
2692093.0338782026
2691558.7742721452
2690984.0495396135
2690348.5719532715
2689665.656481693
2688903.8328857226
2688086.1717736814
2687165.9743663259
2686179.7500323337
2685060.0935649918
2683860.8750166688
2682487.0421442818
2681014.9761218484
2679314.3079185681
2677488.0857915482
2675362.4858967238
2673069.7826594259
2670383.9510921384
2667467.2321514604
2664031.3555276133
2660265.2808341337
2655808.359324473
2650847.8719114996
2645087.1987966001
2638486.3735418809
2630158.8737053168
2620368.8977828873
2608189.4890367859
2593967.9096673112
2576476.9173718449
2556380.2477824595
2531971.9889419703
2515838.7393874074
2469385.1910008998
2406807.0254502688
2340214.3541957433
2269031.8242743108
2190531.271917114
2053546.6647578541
1897564.217170204
1686309.2179017309
2699789.4284075797
2699718.474451297
2699701.9525671066
2699631.7209615335
2699566.0188111067
2699512.4847079283
2699469.400181375
2699393.8923546607
2699358.49557791
2699225.9479585001
2699232.285161505
2699129.6064762259
2699092.3840691703
2699004.9419670533
2698943.8594552008
2698861.9712564363
2698789.6224045632
2698709.9584199907
2698634.1551652481
2698559.6263495279
2698481.049157179
2698401.4371641725
2698318.52386152
2698233.2848381964
2698144.7026143856
2698052.8526078039
2697957.1458782204
2697857.3281172356
2697752.871771154
2697643.4026035718
2697528.3814440472
2697407.3404007475
2697279.6374571221
2697144.7220141958
2697001.8137952466
2696850.2934644958
2696689.1954229833
2696517.8394245845
2696335.0091821267
2696139.9684261526
2695931.1396885654
2695707.849893705
2695467.9501594156
2695210.9036052427
2694933.687403807
2694636.086561664
2694313.9371112934
2693967.7138418462
2693591.2016514726
2693186.3429410183
2692743.7234667079
2692268.0647612456
2691745.3146919752
2691183.6316760774
2690561.9458777155
2689894.3334917952
2689149.4866294661
2688351.5421690061
2687453.5286075785
2686491.7711951765
2685399.0108290305
2684229.7308266908
2682889.2048430378
2681454.9908343181
2679795.7856222535
2678017.4012801829
2675943.9950266154
2673712.3599817026
2671092.9666640698
2668254.9137676731
2664904.8345628213
2661241.2090371801
2656896.5840949891
2652071.7885346715
2646458.1277504698
2640039.0291906544
2631915.284404669
2622387.0010332055
2610493.0156517765
2596635.1491176821
2579527.3855496501
2559916.4038504884
2535959.3199765519
2520369.4666752703
2474669.8088544724
2412059.3539976133
2344261.674026988
2271250.6577204145
2190491.7516093608
2050216.902266121
1889732.4419909832
1662093.7759034813
2699842.7310655527
2699747.8030150016
2699750.6201980668
2699677.40486502
2699605.3330991617
2699549.7720624981
2699503.9016398662
2699424.0624940689
2699395.8876911155
2699246.830758539
2699262.7853107397
2699157.042164389
2699122.0043279468
2699036.1816886691
2698975.9952501319
2698896.5473269084
2698825.2590092085
2698747.4280512864
2698672.8451767843
2698600.4133164841
2698523.3684506868
2698445.5618843166
2698364.4188549351
2698280.9651514618
2698194.2070997208
2698104.1957405447
2698010.3784969118
2697912.4861122179
2697810.0235438664
2697702.6123395967
2697589.7379928343
2697470.9327545911
2697345.5855506901
2697213.1510764831
2697072.8769438532
2696924.1538613625
2696766.0381638962
2696597.8750307951
2696418.4533974966
2696227.0954070375
2696022.1949529904
2695803.1781434151
2695567.8378633424
2695315.8116817828
2695043.9981020391
2694752.4397394382
2694436.7861400261
2694097.861605823
2693729.2219653814
2693333.2096890537
2692899.9901648262
2692434.6933158408
2691922.4844380175
2691372.8783102492
2690763.5417708834
2690110.4563938216
2689381.6369732479
2688601.3002192979
2687722.2882678979
2686782.2609243393
2685714.5176319159
2684574.127508461
2683263.9718942177
2681865.1098380266
2680243.840641039
2678510.4447842268
2676484.8879462937
2674310.5067991014
2671752.1573642381
2668987.7197970762
2665716.7173152268
2662148.8750980487
2657907.9490415188
2653210.1805042862
2647731.8786143246
2641484.3592880224
2633550.2385002691
2624272.9554755772
2612650.0175279267
2599152.9091242072
2582418.0620634127
2563304.92867016
2539803.5112140644
2524731.0277229077
2479944.9418844003
2417493.3975658701
2348483.6765350346
2273539.6163360197
2190325.5784761277
2047178.7537988201
1882850.3008326513
1635488.1678158189
2699895.9745622394
2699765.7379898946
2699794.4006624008
2699720.511006108
2699638.0922072348
2699583.2309176093
2699536.5040208795
2699453.0601625168
2699435.2668337133
2699269.3306556791
2699295.6654424919
2699188.5106969108
2699154.1812150772
2699070.2741411226
2699009.7032659743
2698931.9718000675
2698861.0707579493
2698784.6774163041
2698710.8541889158
2698640.362528435
2698564.7683051382
2698488.5735808616
2698409.0117498673
2698327.1279875636
2698241.9662991641
2698153.561763302
2698061.3956134575
2697965.1993985502
2697864.5056923544
2697758.9317350048
2697647.977816687
2697531.1858528191
2697407.9609171776
2697277.7751011048
2697139.8890029844
2696993.724960037
2696838.3363440363
2696673.1270549139
2696496.8542887555
2696308.9490781678
2696107.7188707478
2695892.761331087
2695661.7084908891
2695414.4685516818
2695147.6849097041
2694861.7876576553
2694552.0291714189
2694219.8262922266
2693858.1428430718
2693470.2226034608
2693045.3872913965
2692590.0052426425
2692088.1397414799
2691550.5498097856
2690953.9539620285
2690315.0527228089
2689600.8036927315
2688836.9648261541
2687975.1722540581
2687056.2776105432
2686010.0822235411
2684894.2309705648
2683612.3852618476
2682247.7516616913
2680660.9926379262
2678969.6014818079
2676987.8709111353
2674867.0533284075
2672364.7209605002
2669668.9869639226
2666470.7463733782
2662992.1596984998
2658846.7086888915
2654267.3046171716
2648912.4933316428
2642825.7064130479
2635067.4942113734
2626030.3171646809
2614661.5975998035
2601518.0530017642
2585143.1553668045
2566534.7230801862
2543484.5244206763
2528898.3251104145
2485181.344726753
2423041.372733667
2352862.3961871294
2275907.81202348
2190005.9341372154
2044122.5312681096
1877095.5159391449
1610117.9346596831
2699946.8800418219
2699776.8189354325
2699840.3384303334
2699771.2683115089
2699674.8159116525
2699618.9925985942
2699570.2509979969
2699485.0349369356
2699476.745982735
2699293.2445349689
2699328.0081723845
2699220.6306681936
2699186.510090447
2699105.6512257028
2699045.5355393211
2698970.4552108278
2698900.5450136103
2698826.1520692348
2698753.7061824161
2698684.8063319889
2698610.4771202928
2698535.6072927169
2698457.3972099349
2698376.8240000801
2698293.0004937346
2698205.9234694447
2698115.1143633048
2698020.3015498966
2697921.0438103708
2697816.9663419304
2697707.5850807875
2697592.4555530674
2697470.9947500229
2697342.6997799212
2697206.8293020297
2697062.8545136456
2696909.796481553
2696747.1516807978
2696573.5921400916
2696388.7181131188
2696190.6696592444
2695979.3199479938
2695752.015025035
2695509.0869143014
2695246.7517458322
2694966.0475629442
2694661.5757546281
2694335.6415040838
2693980.2271605693
2693599.9155401685
2693182.5011971993
2692736.3746954286
2692243.2571362434
2691717.0143858087
2691130.9378739214
2690506.3307527578
2689804.8903607121
2689058.9844353809
2688212.7474624761
2687314.9981840542
2686286.4148117737
2685195.751741149
2683938.1791383172
2682601.826242792
2681047.6384788877
2679396.1269974448
2677454.5619382961
2675383.6491150088
2672932.8040834917
2670300.9871399603
2667169.8189895344
2663774.1821814454
2659716.7251209277
2655247.3952428852
2650005.2555333306
2644068.3050951781
2636472.4153618664
2627663.0580772622
2616530.8644490871
2603730.669378405
2587697.7079473445
2569594.6020441749
2546989.9008873198
2532830.3003800083
2490351.5088025471
2428702.6037251172
2357374.0373048317
2278354.8079254078
2189464.8130923668
2041489.5020122638
1870206.4798827483
1585396.6374964302
2700017.0530986283
2699811.058207843
2699913.0461063469
2699856.578915725
2699738.6684127511
2699677.3646897124
2699621.3321082718
2699529.3963342556
2699526.2745614713
2699327.0670206547
2699366.0122748357
2699259.5114082666
2699223.7132801819
2699145.32542786
2699084.3889433034
2699011.1755220108
2698942.1100707245
2698868.9588956926
2698796.5331303845
2698727.7966872049
2698654.063405056
2698579.7842262923
2698502.3408397562
2698422.5660548685
2698339.6420061863
2698253.5183215453
2698163.7434367454
2698070.0397273023
2697971.9795500524
2697869.192946495
2697761.2020360674
2697647.5769129395
2697527.73443778
2697401.2046531406
2697267.2248088741
2697125.3364421469
2696974.4940005904
2696814.3284786358
2696643.3678159243
2696461.4532583458
2696266.4568310645
2696058.6403013319
2695834.9244760168
2695596.2100360258
2695338.1066537993
2695062.448787713
2694762.9603538811
2694443.1004405236
2694093.5397321885
2693720.615102557
2693310.0972840344
2692873.003335414
2692388.0594497961
2691872.7906895778
2691296.5726771667
2690685.3406191366
2689995.6553174965
2689266.2178546675
2688434.3158066976
2687557.3619408761
2686546.4194227154
2685482.5420362554
2684243.7552423305
2682937.4879395696
2681409.9953652341
2679793.4818315175
2677889.4718892402
2675865.0120452098
2673461.7975996006
2670889.0721522649
2667819.9825777155
2664500.9165645959
2660524.8047478669
2656157.1429350008
2651017.4114603065
2645219.2676826566
2637772.4546725079
2629178.1011858666
2618263.9228835288
2605795.8565514865
2590082.2026246279
2572485.3776707887
2550316.4068213361
2536532.8888140842
2495472.9530224893
2434391.8021788243
2361961.1942769783
2280913.1056499681
2188654.1429249542
2038989.9112154446
1865679.4230712906
1555350.014856722
2700138.5267197057
2699911.0502980566
2700026.7443732186
2699987.6417708439
2699836.100082933
2699756.7472869777
2699686.9654712966
2699578.6581830885
2699575.4534877297
2699368.0501347501
2699408.4502626471
2699304.9937000116
2699267.959119211
2699193.4994653496
2699133.5748158302
2699062.6300170934
2698993.6636297242
2698921.3631932088
2698849.2010582061
2698781.5072145876
2698708.3846232598
2698634.7393076015
2698557.9663630379
2698478.8296553507
2698396.5763010401
2698311.127158632
2698222.0587750343
2698129.0964019457
2698031.8281748504
2697929.8984340769
2697822.8348214421
2697710.2331547579
2697591.4996486111
2697466.2180131949
2697333.5775320739
2697193.2269873507
2697044.0044076233
2696885.7391195046
2696716.7322388166
2696537.1633755597
2696344.52716396
2696139.588323975
2695918.7283721357
2695683.5272630937
2695428.8713403
2695157.5152736492
2694862.1650181315
2694547.5913927765
2694202.9489813158
2693836.5545930876
2693431.8708125823
2693002.8281158763
2692524.8658334967
2692019.4063409092
2691451.7011912195
2690852.5086981808
2690173.2067390922
2689458.6401316696
2688639.5521375849
2687780.7312383028
2686785.8984753056
2685744.2222857703
2684526.6848116932
2683250.8662182968
2681746.6294841231
2680161.4052687651
2678290.5462429626
2676308.295801382
2673949.2539678239
2671430.3779031732
2668419.1071949271
2665169.8562327013
2661269.3890030342
2656994.9040240142
2651949.2262827321
2646277.8811065969
2638968.9452692489
2630575.801717638
2619862.5802548132
2607714.2184004085
2592294.8319768002
2575201.2717358395
2553443.6931689624
2539987.4852384967
2500466.6857657377
2440159.2011427656
2366637.7143143881
2283462.7054822994
2187720.2182337707
2036470.0075835604
1861439.0751139049
1527135.4719704653
2700348.6640489432
2700195.7618046002
2700251.9964599251
2700241.969142003
2700050.9563527689
2699929.4563549659
2699829.9305905872
2699680.0920390328
2699645.6384436334
2699430.2561499649
2699461.9555302071
2699357.57276667
2699315.0098660747
2699239.8342400012
2699176.0603691284
2699103.6918228325
2699032.5280823871
2698960.4694393119
2698888.3791319728
2698820.1728024897
2698746.916961588
2698673.1638090503
2698596.5254951944
2698517.6050984226
2698435.7094547115
2698350.7176727476
2698262.2178855306
2698169.9316925802
2698073.450749422
2697972.4317583712
2697866.3958491068
2697754.970468672
2697637.5318696448
2697513.7353805057
2697382.6867996291
2697244.1855905135
2697096.889591692
2696940.9024161231
2696774.2010747041
2696597.4083780348
2696407.5222399989
2696205.9152378771
2695988.332736318
2695757.1086049839
2695506.3413932584
2695239.73870171
2694948.955880858
2694640.1002744678
2694300.7498237696
2693941.3139532562
2693542.7576734307
2693122.1554198908
2692651.4006492556
2692156.0451233843
2691597.2808933193
2691010.2212821953
2690341.6494637984
2689641.6930977902
2688835.6847439995
2687994.419522421
2687015.8526152726
2685995.0635328707
2684798.1102895499
2683546.2942949035
2682070.4414561759
2680518.4711787878
2678678.3326560464
2676733.891874087
2674416.2971298639
2671945.7045344994
2668988.8602734422
2665802.962863761
2661973.8818683382
2657784.0647516153
2652824.7699191808
2647268.5084457938
2640084.0971760992
2631879.1513726753
2621345.9571468001
2609504.1344627868
2594349.8321434553
2577752.5836210204
2556374.8614563392
2543187.1949491384
2505326.6168320635
2445938.3470378034
2371383.5987493908
2285964.5514747337
2186513.0243011927
2033728.1292337107
1857883.9291655109
1497218.3927158851
2700673.2131358795
2700664.4680958278
2700537.1068616551
2700564.1865628241
2700333.7289074413
2700127.6140246359
2699971.6268985714
2699758.8756909017
2699702.3050650572
2699503.1232007202
2699532.7242283896
2699431.1132844924
2699385.8471055389
2699312.1585858278
2699246.9785170895
2699176.3319227737
2699106.1438315944
2699035.628445114
2698964.3818779527
2698896.2484070724
2698823.0111128576
2698749.2079722835
2698672.5557550825
2698593.5769204847
2698511.6378812217
2698426.5967159751
2698338.0639545713
2698245.7675804971
2698149.3059170749
2698048.3619690477
2697942.4384868876
2697831.2240599459
2697714.0276737991
2697590.6339670625
2697459.9984352132
2697322.149982396
2697175.4662098922
2697020.4424876054
2696854.6038100226
2696679.1188374693
2696490.4525269568
2696290.53707255
2696074.6229365761
2695845.5611354569
2695596.9613638716
2695333.1465175864
2695045.0812468221
2694739.86413287
2694403.7882130514
2694049.078005333
2693654.4521271698
2693239.7733022226
2692773.9424643638
2692285.6462205835
2691732.7856805306
2691154.4088969785
2690493.2893064953
2689804.3342722142
2689007.7424182212
2688180.40945864
2687213.7322599301
2686210.8439928484
2685028.6143917567
2683800.3260607799
2682344.0956378207
2680823.7976464038
2679012.9323994475
2677097.9324495671
2674818.9745114013
2672387.7310599941
2669482.7846712172
2666348.3777544037
2662585.9977391297
2658468.6874573771
2653589.9716670462
2648133.5107695926
2641068.916823057
2633032.320866737
2622670.9428831013
2611110.9654415264
2596206.1781662768
2580090.0057056076
2559062.3062980729
2546087.241885928
2509971.1209501624
2451614.1074620411
2376243.8078789576
2288262.2242449042
2184921.5473779798
2030577.5413845419
1852871.7861462669
1467004.8015466118
2701160.8235619287
2701823.3861438502
2701150.5652976637
2701193.1094306703
2700989.2548799561
2700664.0110419192
2700383.4796090899
2699988.8653217442
2699780.620029449
2699572.1677945191
2699584.3439854328
2699471.2502587996
2699414.2193227434
2699335.3619650332
2699264.869411679
2699190.9145455579
2699117.8101281994
2699046.2894601324
2698973.9619018873
2698904.0896072737
2698829.6852120813
2698755.0535382633
2698678.000973626
2698598.8643012457
2698517.0371043449
2698432.3311532401
2698344.3456694619
2698252.8022322357
2698157.2783479346
2698057.4850979317
2697952.8794848323
2697843.2201322969
2697727.7265004045
2697606.3137932401
2697477.76245715
2697342.3658857425
2697198.1738693137
2697046.1113505894
2696883.2295154128
2696711.2293978604
2696526.0643812842
2696330.1480185799
2696118.3650489361
2695893.8914009286
2695650.0992145389
2695391.5958702406
2695109.0292958645
2694810.0898772432
2694480.144975489
2694133.0324939373
2693745.1750604422
2693339.7032944313
2692881.3918928434
2692403.8610492558
2691861.7093867087
2691295.9351773662
2690647.5163168325
2689973.2133224211
2689191.9588262532
2688381.5280140489
2687433.887758824
2686450.2131137359
2685292.2713037976
2684085.9119432056
2682661.8153956849
2681165.3125293939
2679388.5332839601
2677507.3001614134
2675273.7476429725
2672883.390462873
2670034.9589705248
2666957.0880762455
2663271.9194778539
2659228.880742047
2654429.6982803238
2649068.1943089147
2642117.0569168217
2634238.9083366962
2624037.9364554477
2612742.5504188836
2598074.2092607315
2582416.5052872649
2561728.9952405444
2548858.3080762322
2514523.1572294235
2457257.5020768195
2381181.215547963
2290504.2602437809
2183324.031352439
2027368.4295341964
1848435.5535659913
1436659.5349874438
2701898.4296300039
2702840.9830698171
2701563.3316314584
2701731.4779461715
2701514.087039276
2700992.7381409081
2700568.5479143998
2700059.8822516794
2699858.7921160841
2699711.1776208444
2699747.0079855351
2699630.2791628037
2699571.3054609499
2699492.8197684963
2699421.0186756644
2699347.1812726073
2699273.7442699769
2699203.578076751
2699132.0834819172
2699061.453984166
2698985.9722130769
2698910.1611016998
2698831.8666126537
2698751.3733134363
2698668.1212065704
2698581.8869193411
2698492.2959744167
2698399.0681507462
2698301.7653271379
2698200.1486155833
2698093.6014574775
2697982.0113566583
2697864.4338017795
2697741.0339778475
2697610.2844759976
2697472.8934747148
2697326.4300484196
2697172.3826170834
2697007.2756865625
2696833.2480386621
2696646.0972086377
2696448.0825469084
2696234.6467270385
2696008.1238245857
2695763.0183744235
2695502.7161545409
2695219.0839794516
2694918.9195331368
2694587.9984236574
2694240.5682115653
2693851.8803411061
2693446.9014144
2692988.3846544805
2692511.6179728773
2691970.1616157405
2691405.2363906885
2690758.8898829552
2690086.0424893517
2689308.9365266212
2688500.3687293245
2687560.0133092804
2686578.6057998966
2685432.6921402095
2684229.2284316146
2682814.1674526916
2681323.4563863892
2679565.8836729261
2677694.7522942871
2675485.5922184275
2673112.8877652558
2670299.5494655408
2667244.4284248515
2663595.4837368247
2659592.7140919468
2654833.4267205554
2649538.439827254
2642658.1642175405
2634907.703190132
2624807.9128916389
2613744.6635985859
2599223.397307138
2584000.0592939625
2563565.8608924658
2550836.3642564509
2518216.0331381015
2462039.0460348083
2385612.9685472162
2292546.7144421195
2181876.1752600367
2024104.7345875271
1843894.1768325984
1408463.7608250475
2702797.6818758328
2707611.5762696471
2703226.0201746873
2703094.1437667105
2703445.1550082359
2702795.3681352567
2701913.0508362395
2700614.6312181959
2699773.0563258189
2699498.4810675611
2699610.8636555546
2699508.1195177059
2699446.3519183761
2699367.9823736772
2699294.4313686914
2699220.0694409618
2699146.1018578284
2699075.736669071
2699004.333014355
2698933.1134742228
2698857.6223311285
2698782.2148912563
2698704.908326305
2698625.7555141347
2698544.1944058584
2698460.0041516102
2698372.7570479643
2698282.2373378649
2698187.9370939909
2698089.7110290341
2697986.8568831631
2697879.3714722814
2697766.2218093746
2697647.6762052337
2697522.1452880073
2697390.4007529449
2697250.004610593
2697102.4594399282
2696944.3083825344
2696777.7463729545
2696598.4574359399
2696409.0223626578
2696204.393966686
2695987.7055924288
2695752.4592809682
2695503.3676742548
2695230.9211590933
2694943.3286138023
2694625.4564906498
2694291.786763954
2693918.8457930181
2693528.7552462034
2693089.9527406897
2692629.8629910885
2692108.3261466539
2691564.8690596772
2690941.7084304322
2690294.1817358327
2689544.2624256057
2688765.9703314845
2687857.425104999
2686912.8776706541
2685803.9783849348
2684646.3385649761
2683279.9781438159
2681845.8656484745
2680146.1738581704
2678346.0723688197
2676208.4743313291
2673924.8494320125
2671199.2988221403
2668263.4821403339
2664733.5458051525
2660889.2847654419
2656268.872617058
2651169.9830472199
2644503.6070331791
2637053.7784241531
2627282.7130975053
2616667.9994655442
2602689.0503927274
2588192.8029185864
2568734.6298391987
2556284.6376141161
2527808.4196097194
2476641.7468989524
2401926.4291910259
2304847.2804568289
2186787.0051752892
2028484.3225030573
1851420.7869940312
1342336.3882687881
1827006.7475608115
1693382.2208972296
1545341.7406366444
1398379.3182611817
1262520.8950821171
1132145.9656480134
1010862.3997554152
901247.82364257926
801236.99247957766
708629.45292997069
624074.33287840022
552261.38277469121
491052.15847268584
435631.56483194593
388058.74517566909
350003.03165945184
317481.67099733063
288533.2687167679
264901.88212748413
246415.5703101751
231128.72360373512
218047.11520989766
205896.66710015215
196320.3290726174
187929.4431250683
180013.14414081295
171825.60543659283
163624.28992816556
156181.76822155534
148635.05598179935
140312.42831819621
131885.45240703659
124375.52789841976
116931.32083487333
108828.76613587333
101426.72543036329
94548.31621226159
87692.544722457475
81296.59394374142
77164.415314316546
1804490.0817479645
1677284.238772905
1538711.6146550844
1400945.0435499544
1273822.6457304971
1153544.9759910647
1042990.8179293798
940584.33529320895
844309.82674786751
757666.41328807315
680458.83726732072
608919.24908390781
544340.58588461764
491354.15678860125
446261.49925440265
403952.76982910215
366044.63861081714
336002.86925564881
311482.81529745733
289236.29717455071
268258.76458177291
251355.61654444854
237747.36179824476
225787.49421062708
214031.69893972841
202642.31041641429
193098.41175670075
184467.27615556013
176125.07648062581
166983.21673542549
158259.68664292319
150480.40640487845
142567.48695222384
134654.32065697151
126728.46572351587
119261.87920965873
112218.17680760326
105133.41635738131
98445.397059983748
92031.656588087644
1796069.7095130193
1667487.8085706006
1527382.3646945683
1390391.485359417
1265333.3770153704
1144612.2555938712
1033254.8831026026
933315.6744124901
840415.16456429183
754636.09190607641
675666.372208621
605148.8568046398
545573.61632568564
494795.25314890948
448110.69591158011
405204.87995380111
369089.74628849584
340010.05106953444
315358.05330362107
293366.66133068386
271617.90711329563
254028.83113426997
239847.90738606831
227480.30614992036
216267.62866477971
204351.65099116895
193817.2539657559
184806.4815041807
176311.0882973448
167715.58518860617
158397.31642698252
150292.056243573
142737.09965514031
134681.67409072508
126858.72929400465
119569.88389060092
112408.6461295784
105441.68411280807
99018.224446016262
93307.613580664096
1782596.1808031064
1652889.0746942926
1512560.2375985133
1374525.4165542019
1251146.7853095923
1135338.1435414606
1024961.2353364584
923547.59081655112
833583.92149276577
752403.1418437385
675168.15812364849
604845.05740458227
545927.56263425015
496884.39220979373
453447.98230863811
412389.53583882441
376015.50100523327
346697.2294985152
322553.00221656839
301416.08771556529
281195.71845196077
262334.54804871179
247760.37405442807
235064.24592111053
222720.74964188185
210872.97794489286
199878.2426604956
189767.75711085551
180536.07952882114
171564.53612655387
162285.78666245277
153233.710283772
145131.36566740481
137606.54729467229
129839.85006665821
121770.07780889932
114637.65460511914
107906.66085633384
101454.6683061189
95538.566725594879
1769387.1895883852
1635085.4697028357
1493548.3583056254
1358657.1802608552
1233229.6045542541
1114694.9814672237
1010616.6843924535
912823.683081961
819585.14419703546
738786.4598239644
666995.75190073752
600174.58593180135
541711.96565739589
494330.58840257465
452537.72022580961
412496.34915003227
378487.83912774554
351546.49789634912
327559.53978451114
304277.54841884534
284124.8938725054
267701.11595658323
253101.30209374262
238583.38400712848
224682.99215728397
212697.83207066436
202117.57653454965
192096.82234227532
181345.78073916511
171301.60719076119
162624.72360502489
153860.0091158312
145422.98313244665
136978.35097586652
129162.28432554516
121754.68063660682
114436.87416875323
107430.41085305184
101180.85568261099
95503.566696215988
1754146.8104525658
1616686.1318000935
1470009.0974267912
1335529.1172853934
1216046.4209215713
1096319.5866783191
988078.94109412259
895729.42655895313
808516.61062733352
727249.29858299508
654454.16343053337
591253.51483090653
538357.5625513749
492778.35954045772
450378.01934237679
412236.99658981443
380926.40496702271
355040.1651366764
331894.68116811052
309025.03871452739
288654.16743296798
271634.32610776706
256867.11582084259
243181.12862661434
228733.85349106992
215490.40572396637
204202.42633661898
193726.43109325337
182902.12468577235
172733.28164335492
163257.17234982605
154024.21112905539
145668.20259576998
137271.5234735659
129102.77976847976
121573.7090752763
114449.07877011261
107430.68854981988
101159.83753105871
95544.4425686131
1735967.8887506418
1595212.5464214012
1447981.0809195274
1310406.6741510488
1190024.6548093003
1076578.0461712854
969611.33500741422
873971.65148938203
790392.01122433192
715094.09429970523
643814.10784607125
581753.3094372378
531828.49695994274
489310.69542616926
449618.00334784843
413002.17894906184
382452.3187031314
357254.96111387975
335048.82669660304
313811.90686118178
292779.28524894547
275116.88384987839
259865.52921410158
245758.42982593898
231713.92212495729
217449.05962998079
205744.29921977394
194419.62455567229
183381.31086085259
173100.54547004375
162974.1034162697
153681.83394089501
145174.15915725182
136610.26348988718
128463.99599716603
120866.26835304624
113704.23242699797
106741.40148223184
100569.79953700837
95060.50091845775
1717440.4069030434
1569679.0150346167
1421390.5516863291
1287440.6436147087
1164648.7350562788
1050083.9127907169
948762.43648272532
855135.95107466425
771938.52896340005
700165.80656977079
633133.29299069103
573572.59220410383
525161.57271010522
485199.52085471043
449169.29924786976
414374.39559551736
384337.18675633211
359554.39748342265
337830.35852289479
317686.29926264379
296848.70685535326
278416.02051486744
262756.97059470718
248170.45278471673
233223.40450533447
219471.59518815851
207064.05854021388
194565.9764944741
183627.38221935093
173372.24262655561
162671.91482416753
152987.983548091
144611.23752138612
136086.0524304659
127712.38871263093
120160.8140648589
113027.15502549567
106041.53459029122
99954.528010022288
94529.331563667001
1697504.9136193537
1545401.4536570865
1391072.7919297041
1259267.6715702564
1141962.3357431139
1025181.2158850683
922891.86021458323
835648.73313182034
756049.99634775065
685265.11412891769
620909.48392298771
565320.9979639037
520594.74890256318
482899.36651369726
448335.09617541195
414930.52908902115
386407.28262670472
362548.43124935863
341075.50471264229
320830.37706715113
299455.05301099556
281153.71943957795
265302.53462092526
250145.53464582752
234166.39943065625
220543.88119074673
207770.82683423645
194713.49622464308
183367.76889724366
173049.63093983885
162238.91709625206
152413.53894608974
143837.48979427858
135260.37644862515
126901.99283139425
119190.51461674544
112140.78275940259
105267.5541276524
99176.819402588982
93856.916742716028
1674532.1364662279
1518941.6758991089
1364190.210358704
1228672.1334286744
1112592.3475536648
1001985.4552823559
900839.1042375234
813502.92744845722
737661.10052676697
671878.98182119685
611440.633797043
558337.57138053142
516194.10751013848
480806.40792974748
448320.67481528543
416279.1260619958
388756.00832635758
365457.18575682759
344115.01979317254
323153.46751111484
301656.76632294763
283685.90970329486
267481.58430811932
251171.6313600236
234805.77039159671
221176.30297738712
208208.97955091042
194670.87178083943
182861.05238159318
172481.69918219943
161875.71091718887
151616.73857687091
142956.43125802395
134485.65618046152
125998.60844056252
118298.9576109609
111295.56724091506
104446.75657724052
98373.037576823568
93197.996325091764
1650570.7914607977
1488977.0134517832
1334948.4386948436
1202733.3195267259
1082997.9858505365
972595.4354281266
878910.32530123007
796717.54909002746
719963.13219228166
657988.82007079537
602465.97674167051
552789.79093148652
512883.64067638194
479608.87051056913
448459.65530853719
417622.07015610574
391186.18286270119
368379.49526532966
346858.60781353095
324386.69353476661
303499.96738181484
285743.56295145571
268998.82537918154
251373.21629874819
235200.5191278859
221450.34534408271
208233.85233133694
194368.82487608385
182325.23078553638
171815.61444345396
161201.09474288381
150993.22142107721
141903.5800294021
133646.62510075647
125199.73969201259
117338.67149041618
110345.5507589848
103698.12017228897
97536.641131294178
92517.683231790754
1626700.7894631694
1457917.7760895183
1302124.5512686342
1175460.3978171472
1058216.6041408516
945025.23636780924
854134.05942145875
778834.74068192882
705570.65356076788
646145.00536195794
594206.66519728431
548078.64107654104
511247.32165703794
479689.20570037776
448924.0521538523
419168.19706134254
393510.61623599345
370873.55559245811
348778.81615998928
325560.28771740291
305139.93870401831
287220.69506123784
269602.41868767294
251478.16227211175
235564.4231042928
221615.03780349312
207940.6259079451
193859.50718026594
181754.98760417232
171151.56798341143
160494.11231048923
150250.1211623525
140974.56741532302
132771.05492403961
124276.77961068387
116660.92703006952
109374.52077810623
102936.34986679901
96694.204590443274
91942.643524349187
1601438.0896106637
1428391.4203498675
1268757.673264818
1143353.9466590281
1034036.4286418455
922081.15646418289
830100.67220816412
759734.53620788129
694036.9416462722
635451.94345063693
585932.24146593059
544950.85060847411
510962.88788809982
479536.31292085198
448854.88652824075
420724.49537797197
396026.63899642363
373048.48543177964
349487.27575176884
326482.55799047975
306279.17633202038
288008.36926518666
269983.42499065219
251499.51459463302
235279.87504830791
221150.25083719465
207563.47366677315
193552.21728598111
181062.82394879925
170378.58201555882
159552.44286520529
149619.68511021044
140037.48222222718
131857.83052737641
123488.78648149878
115806.86062714401
108525.77616176369
102144.82006042673
95831.937800360305
91376.270239546706
1572967.7319744572
1398618.2031852172
1238554.2944455985
1110397.7270772676
1004879.0928050685
900872.03283635085
810092.84588735632
740572.83892609261
680949.65123256925
628428.89500100107
580875.18778561521
542094.44089833053
509980.76959665935
480444.29011008213
450495.86879397096
422306.55101912929
397327.80293129542
374209.69582261931
351005.92205267318
327431.04823281447
306506.40925979428
287970.13831567345
270234.66674150218
251649.51712205374
234980.84440181637
220727.24936142546
206670.99724246364
193152.37314235917
180515.62362808423
169539.30063476181
158744.18009154254
148766.85969528885
139226.83901312924
131021.61188618338
122692.41570204284
115009.59995338391
107788.26020560572
101409.28816731126
95032.13610880218
90825.753486979898
1543181.8271792938
1366410.33380881
1209636.4521989725
1081385.0751342881
975613.91744009324
876655.41749343683
793765.40166601632
725501.74722268863
668341.0567134337
620769.50315845304
578458.42998135218
540731.97928877559
509387.08643738978
480816.62757790572
452062.41607318615
423526.47811419039
398108.35050397064
374799.17232135945
351723.90067415108
327857.6552184092
306667.87262804486
287957.56964451144
269980.01148435927
251166.1114800733
234537.33288556003
220286.13862020886
206086.16147225164
192177.98837369005
179826.92005264806
168955.48740277937
157801.64404891676
147859.85777417957
138591.74687460906
130271.71536777304
121874.65839493975
114241.02049879449
107098.10805751737
100727.97758520077
94378.206754869825
90348.133316997671
1513505.7425735784
1332335.8277603672
1178780.9731102723
1055084.8417784437
949128.37701325375
852708.86703458999
776168.31465651211
714162.65703866491
658680.85054999997
614347.84230465919
576108.9209476281
540744.30557633785
509399.22536292131
481360.37809436396
453142.0439062416
424619.00396964623
398938.48318644072
375317.11815861007
351830.84697922645
327827.15037936548
306925.19386525458
288023.87721878494
268654.06294670858
251077.46139553946
234749.69389498726
219246.12980032802
204980.71741391797
191996.85498317974
179061.24270646006
167849.80169138213
157202.59850940597
147254.76567782546
137725.73729161237
129452.19503009392
121239.19229368126
113557.28663193561
106429.76694078645
100067.53692851424
93773.825417945714
89994.94562068196
1484344.2005618326
1298218.8622899705
1146710.9653519907
1029513.0401773058
925936.78137964953
831051.2005487635
759064.13123678544
703731.96581220452
651964.63202308258
609706.05077175365
573939.01306273125
541084.52003015229
509902.37437953654
481999.19111228047
453731.29930267384
425042.28501236299
399361.57318515086
375646.31909440353
351545.37572051282
327464.18075509608
306754.35169403075
287734.02044311637
268236.74303494807
250157.31507127979
233813.35073697477
219013.15540689667
204349.35636733947
190811.26877731504
178422.0472514815
167368.76627796391
156350.67813219313
146367.72997343657
137116.45127454656
128800.63255955049
120540.74740902524
112869.73371528595
105831.97185803455
99469.223697427384
93237.850148915109
89783.257723627874
1456054.8369106504
1265136.5253873109
1114264.6516436269
1003332.5068642376
904660.076907004
811824.89683955291
744462.18401768385
693302.63135849556
646167.97422742285
606945.69938314962
573147.80445656448
541293.83375640714
510396.52242809848
482604.59159057745
453388.77250336169
425669.10990824492
400506.00249551027
374806.37555969268
350212.94529917667
328379.35469396639
306750.36735078291
286217.54539254087
267497.47281325725
250197.97121395881
233182.37533558265
217827.24353622631
203697.49603656566
190405.08981934222
177657.62932120697
166441.44313412046
155716.72177378376
145763.006591321
136447.1066330332
128094.27806368821
119937.96715250304
112256.24404976548
105277.08565992302
98898.405234104634
92759.567034077554
89820.149610929759
1426153.6425333736
1236431.6042944251
1083240.8952882746
975970.38031829242
885571.08519016614
794827.95706104056
730361.29983494047
684970.65036205412
642658.13764712506
604819.58995595365
572288.79507488175
541204.26202636911
511402.37483960972
482591.30139213754
453184.93334573763
425884.17924677295
400306.43461976812
374437.75698881951
349658.1555436044
327567.09501825867
306580.5215065527
285577.77593451977
266459.73332138063
249414.12586331475
232753.04598278977
217167.56662276085
202804.58959678831
189525.08838036278
177155.69721272434
165825.35937923935
154937.77633240647
145020.63445471748
135924.0125475855
127484.42059291135
119345.21052502865
111664.0529983953
104779.92086627035
98375.991169619578
92358.464560090884
90132.167886810537
1391032.1367700188
1205849.7346987021
1059052.8774939615
949352.52628610935
862589.60374675947
781428.9550737472
720844.62367504882
676365.96883606503
637816.31813899218
604425.10187028209
572675.96732046828
541492.24039747112
510806.51050733071
482607.90504438477
454022.8983130558
425431.86551174393
399445.65283127956
373964.98270419356
349874.8624657754
326918.15490497893
305198.92675661709
285034.87006441777
266496.58857466932
248399.21382810923
231713.7831852253
216542.58314974257
202445.47271462373
188662.12650255323
176436.12280494295
165105.68241042897
154454.35360209912
144329.74278520406
135399.54950304405
126796.1575849393
118904.02091196564
111059.39385649323
104389.71213550209
97797.743801455217
92010.4968202866
90715.804433089754
1360981.8412647184
1168733.4987772694
1032021.8261205187
931928.66276127636
842946.9734090796
764231.59202806745
711256.25603458926
671980.08752602246
636007.59815625357
603561.7501418239
572454.78833987354
541179.50991522265
511409.98942512186
482610.75292699592
452722.52284613904
425367.67070066225
399284.03960396454
372955.80324538104
349059.58331201947
326366.99742276687
304647.84353156365
284150.5623014078
265612.50745234708
247729.96777841073
231153.20042808258
215771.5887666441
201661.24165400656
188018.89771500402
175912.08780731415
164458.33647496044
153816.52446024932
143769.70492346835
134914.9178783492
126274.21735790939
118423.99168944244
110581.67364457418
103966.92952989835
97327.527939350999
91629.674696187911
91702.064673283516
1333304.2466492073
1139948.5708696437
1003389.7602652317
911338.49084981508
829551.81416759104
752156.85882165446
701792.74199081666
667557.07518670894
635006.90383674239
603819.28801616433
572331.60231243423
540650.18520772574
511310.20861547126
482103.38364606601
452277.46418255527
424625.49881112762
398691.27408312954
372293.68672414345
348362.7965910557
325443.4861649645
303984.80999839812
283302.10376812133
264923.10846886417
246828.50599275931
230461.49867713131
214948.1507600139
200999.92765736807
187216.21911949205
175313.08796690119
163651.13567987279
153250.32198704299
143090.53570655992
134367.36295144548
125573.8092661384
117953.56976105341
109969.86888954978
103533.08535116722
96702.328267736768
91276.17114499872
93352.235858300948
1300292.8398714601
1110384.4091913553
982353.0679789047
890256.63761721156
809373.32123035158
738494.98259504384
696072.80240662256
665311.90470758558
634242.5701147432
603476.33391857694
572051.60534731927
540287.92542386684
510993.50061217125
481133.6220423677
451677.3596986031
424036.66940870933
397811.59158559551
371420.18386800261
347776.66855168442
324481.8345327563
303163.71304289607
282611.92019581108
264249.78607312031
245932.76969225568
229884.32979679844
214275.66690467237
200376.62829197058
186566.11725995311
174843.65656999973
163038.28613578933
152806.27901100088
142574.71489845961
133978.14408482771
125101.77688013183
117629.10492037688
109518.49548434759
103303.95637008647
96252.930538739325
90972.102761539005
95549.289476150763
1270191.2612698807
1075085.1849583429
957004.60515540186
873672.78977060539
795293.28997244441
729673.03066837916
691986.74876331433
663697.79885832919
633702.16176076781
603102.24211777619
571460.43655266392
539761.27971977752
510367.91628238879
480216.21604982117
451013.07414079277
423275.82634222734
397016.30389195657
370619.2879257389
347071.83503987698
323648.82294479088
302506.10424941458
281888.19878558128
263588.76270992181
245248.5135818462
229348.02612969009
213636.64133878538
199830.44162331635
186030.87675905373
174388.75485078641
162519.13622873824
152389.09413516021
142147.59162940364
133609.68064107469
124720.68907336777
117309.21311219044
109178.71587545639
103061.05492618305
95872.555974893257
90838.567398622938
97897.16737097509
1239594.555945206
1047744.5126395696
940702.09015757614
860108.47277849563
782892.47425996372
721939.14502068015
688600.98584372166
662378.39470097271
633235.62121559621
602624.70533792512
570770.84985581622
539136.74007668241
509701.02812827937
479308.2280319116
450408.33514671325
422537.92943212995
396303.89195462357
369830.30127413129
346407.55100246728
322865.62018683634
301892.36564889364
281186.50746304024
262956.9023031824
244590.64464061937
228817.77239929544
213032.91160793116
199315.15209644692
185534.08151294541
173941.99367582501
162059.94897300637
151999.25183859537
141783.33504788065
133267.82556820917
124414.59970897593
117014.63862820923
108912.63141708373
102847.13687245057
95606.306556989453
91184.921529469168
100473.20678203467
1211259.0272907151
1022622.1219669852
925190.88002487319
847355.09075158532
770615.6165089549
714915.78314289032
686097.39365787816
661453.51848678594
632956.2632508314
602095.93388427596
570249.63647424825
538594.26891358674
509282.822294212
478469.2964546351
449958.50934731984
421815.67929301126
395598.69935736648
369063.69885006169
345734.41080703971
322098.05958714377
301242.79120867152
280473.20962952793
262298.13018105814
243949.10536942488
228233.47178335645
212445.83066894085
198768.38206763871
185047.55354167867
173442.20570295068
161631.7001880754
151567.63468856475
141438.86764342393
132878.83596053708
124148.51132057798
116694.65866834985
108691.66227224396
102600.53597144521
95436.215640023132
92018.024588160901
104129.99081189878
1183062.9568778693
998519.45773669484
909706.22186691174
836746.88354586984
757154.44090358249
708692.98314331344
684800.06442223385
661529.43389689643
633195.90211586782
602037.57782658725
570196.98868337786
538329.16869418474
508700.41780722985
477721.58314040489
449130.93937503529
420854.08719664492
394530.07000400923
368013.66572777129
344558.44522325898
321005.41323743726
300072.23849836906
279350.84956793836
261105.2444934872
242886.38342235173
227075.94690969534
211418.30412121836
197685.1555365533
184106.44740457559
172407.79737622815
160785.88962176716
150657.75446496921
140682.81974214199
132066.81110731963
123518.77068099304
116029.93069050087
108212.99622269401
102214.61003722547
95107.312454420156
93133.477165624878
110201.72019870796
1126735.5334625449
946894.6409018652
890253.0625243414
812529.27213359065
734644.78117756906
699552.09197385388
685642.18559087429
662638.74942447862
632802.44087082671
600657.87313095178
567871.04697598342
535566.41938949889
505387.62657177646
474345.44918054645
445335.70712575276
417123.1063615405
390564.96903471672
364214.00664391933
340592.44813940581
317265.24351610767
296264.35388763045
275811.1181674134
257532.36992564533
239568.91355506351
223782.48649945247
208371.83953336946
194665.83328515867
181322.54150757261
169692.83518597123
158245.98326537616
148179.41893920483
138375.30088193619
129823.71855224636
121373.86039144793
113923.40155528382
106209.27902828064
100089.86519548506
92816.921293620006
94432.372617096698
121145.17039995256
)
;

boundaryField
{
    inlet
    {
        type            fixedValue;
        value           uniform 2703500.0000000037;
    }
    outlet
    {
        type            waveTransmissive;
        psi             psi;
        gamma           1.2;
        fieldInf        101325;
        lInf            0.069354899999999997;
        value           nonuniform List<scalar> 
28
(
77633.226757123397
92220.99374409228
93463.10999791637
95645.206126480392
95611.852308281232
95656.292939881023
95181.215306506274
94658.917019007204
94002.032109078194
93357.43836135247
92692.876990627105
92124.14431350505
91564.416030799417
91025.372748932801
90555.666687789228
90211.211864912912
90001.783320993738
90038.270055833797
90343.546195232266
90917.317119212428
91884.594999392866
93502.840396227242
95655.800432585762
97958.920721940187
100486.45663954041
104073.87597614247
110030.5384332628
120766.06472057986
)
;
    }
    fluid_to_graphite
    {
        type            zeroGradient;
    }
    wedgeBack
    {
        type            wedge;
    }
    wedgeFront
    {
        type            wedge;
    }
    defaultFaces
    {
        type            empty;
    }
}


                                                                               
