                                                                               
                             
                                                                   
                                                            
                                          
                             
                                                                               
FoamFile
{
    format      ascii;
    class       volScalarField;
    location    "1.0050000000000052/fluid";
    object      rho;
}
                                                                               

dimensions      [1 -3 0 0 0 0 0];

internalField   nonuniform List<scalar> 
4592
(
2.943137239994869
2.9429162112390999
2.9427134643616988
2.9425030415915812
2.9423157117153451
2.9421249880226075
2.9419510075569804
2.9417778990142862
2.941617004271448
2.9414594682094362
2.9413111916577495
2.9411674921420681
2.9410312597219055
2.9409000074756189
2.9407750025332673
2.9406548847345766
2.9405400788929432
2.9404297705237763
2.9403240252182976
2.9402224007136377
2.940124870976069
2.9400310923565018
2.9399409830347869
2.9398542166372206
2.9397707317072892
2.9396901430117239
2.9396125090342258
2.9395372744250925
2.9394647841842962
2.9393940937872221
2.9393262901743284
2.9392593438012504
2.9431366836117694
2.9429148628506114
2.9427120701210097
2.9425009993848401
2.9423134046153203
2.9421220498053171
2.9419476025702895
2.9417737742413292
2.9416121996162281
2.9414537973143533
2.9413045859179427
2.9411598470635933
2.9410225083671131
2.9408900489931966
2.9407638249264547
2.9406423664797998
2.9405260637148354
2.9404141567616593
2.9403067688742328
2.9402034260628556
2.9401041004067743
2.9400084422948187
2.9399163813126692
2.93982759499093
2.9397420292726748
2.9396592970095656
2.9395794710304144
2.9395020132118632
2.9394272339359144
2.9393541497106406
2.9392841302149373
2.9392147422630037
2.9431385004534398
2.9429156246814121
2.9427141824297416
2.942502555413117
2.9423161078077502
2.9421247197180218
2.9419512966014483
2.9417778395509524
2.9416172452530409
2.9414594970077705
2.9413112867986255
2.9411673889214036
2.9410310820159586
2.940899656275715
2.9407745654298059
2.9406541753003852
2.9405389518954572
2.9404280848522037
2.9403217435068307
2.9402194217355189
2.9401211196063386
2.9400264695794704
2.9399354205579846
2.9398476363962884
2.9397630775016634
2.9396813338806269
2.9396025098358147
2.9395260263347427
2.9394522287323888
2.9393799954813149
2.9393111013376299
2.9392424087643931
2.9431400693578076
2.942915052998087
2.9427152600861159
2.94250229958089
2.942317035679177
2.9421250523859501
2.9419524979708647
2.9417789421038805
2.9416190504909174
2.941461500115901
2.9413139120878453
2.9411703672866354
2.9410346197077031
2.9409037033567751
2.9407792467441745
2.9406594263801882
2.9405448205838751
2.9404345502604494
2.9403288363187299
2.9402271239097053
2.9401294511238669
2.9400354208008395
2.9399450069463233
2.9398578507823121
2.9397739261234053
2.9396928043231214
2.9396146007026327
2.9395387185917348
2.9394655033296448
2.9393937904567409
2.9393255338037676
2.9392572303395776
2.9431429172914387
2.9429153333849634
2.9427180754036062
2.9425036471695285
2.9423203648968057
2.9421279822846822
2.9419570220200386
2.9417838129264875
2.941625341818773
2.9414685985258293
2.9413224148132091
2.9411799432181533
2.9410455828510029
2.9409159837758616
2.9407929783503852
2.9406745385918951
2.9405613548018392
2.9404524647071533
2.9403481683241171
2.940247847358096
2.9401515957164794
2.9400589717379244
2.9399699916523057
2.9398842604336521
2.9398017756056456
2.9397220869707659
2.9396453061317991
2.9395708365029987
2.9394989833331482
2.9394286737707751
2.9393617219278734
2.9392947166334045
2.9431456368055833
2.942914243570482
2.9427200526274899
2.942503358992361
2.9423222654503531
2.9421289978107761
2.9419596476319767
2.9417864666085864
2.941629322585297
2.9414731551402142
2.9413281854578477
2.9411865787534031
2.9410533958834799
2.9409248122443721
2.9408030668040905
2.9406858830138423
2.9405740290308828
2.940466414475305
2.9403634572323649
2.9402644547310324
2.9401695753676909
2.9400783066969343
2.9399907273615726
2.9399063792418123
2.9398253037910331
2.939747009108117
2.9396716054456067
2.9395985059646188
2.9395279452867569
2.9394590162965462
2.9393931882232738
2.9393275105435812
2.9431491845409474
2.9429130836697928
2.9427228932276348
2.9425035174903673
2.9423252585189141
2.9421310757122972
2.9419638088439579
2.9417908359229452
2.9416354131511615
2.9414800861424668
2.9413367002350257
2.9411963194846535
2.9410646707384811
2.9409374580763719
2.9408173441119465
2.9407017473562442
2.9405915564591454
2.9404855291488623
2.9403842341589543
2.9402868601312777
2.9401936793100067
2.9401040763193089
2.9400182268686268
2.9399355691350442
2.9398562253680631
2.9397796244565346
2.9397059063105306
2.9396344718098897
2.9395654726062661
2.9394982158121992
2.9394336580229683
2.9393696587654961
2.9431528337572335
2.9429105735113099
2.942725158315143
2.9425022824147469
2.9423272111366634
2.9421317249375103
2.9419666445008703
2.9417936812200733
2.9416399830152327
2.941485364570684
2.941343510283382
2.9412042292505887
2.9410740467394376
2.9409481193849487
2.9408295621599625
2.9407154863770568
2.9406069384641063
2.940502467636712
2.9404028311086963
2.9403070740412356
2.9402156052162272
2.9401276676352324
2.9400435850220279
2.9399626332233009
2.9398850781516952
2.9398101782822521
2.9397381787020707
2.9396683923365581
2.9396009583892493
2.9395353430693669
2.9394719780058884
2.9394096814770845
2.9431571778564418
2.9429073749508867
2.9427278066886839
2.9425007960702927
2.9423295055086083
2.9421325815904642
2.9419700233179098
2.9417971225062387
2.9416453832391749
2.9414915912594077
2.9413514378683505
2.9412133856116585
2.9410848829708298
2.9409604622297687
2.9408436145502468
2.9407311298728711
2.9406243334376923
2.9405215350300988
2.9404236749017758
2.9403296183007961
2.9402399627934077
2.9401537820053152
2.940071600742721
2.9399924396123835
2.939916815811864
2.9398437067336296
2.9397735932875895
2.9397055214486376
2.9396397707950013
2.9395758193430401
2.9395136976268925
2.93945317610061
2.9431619106442595
2.9429028238655563
2.942730105527068
2.9424981371825489
2.9423310627556569
2.9421323492696465
2.9419724502924018
2.9417994709140549
2.9416497004956828
2.9414966766456301
2.9413581821033468
2.9412213177102009
2.9410944880547447
2.9409715362578219
2.9408563155248726
2.9407453119119671
2.9406401804476765
2.9405389832891604
2.9404428588972187
2.9403504463755512
2.9402626094417759
2.9401781386074899
2.9400978711548738
2.9400204548482791
2.9399468388685386
2.9398755018140537
2.9398073669719755
2.9397409847138598
2.9396770477406609
2.9396146957055338
2.9395538541182762
2.9394951008394261
2.9431675340144925
2.9428973677449632
2.9427326840565113
2.9424949179508397
2.942332500523364
2.942131810995618
2.9419747948702488
2.9418018298534694
2.9416541424973657
2.9415019788423225
2.9413652161972981
2.9412296459481668
2.9411045447447197
2.9409830750215797
2.940869458065503
2.9407599280566021
2.9406564543595572
2.9405568419274744
2.9404624533808654
2.9403716552095274
2.9402856422366046
2.9402028228429185
2.9401245348517895
2.9400488883343225
2.9399774268492362
2.9399078515545001
2.9398418869400222
2.9397771847214877
2.9397152780852687
2.9396544842166974
2.9395951905694488
2.9395380105351268
2.9431737746642876
2.9428909767716567
2.9427352897916337
2.9424909305110805
2.9423336364655768
2.9421306080085747
2.9419764712809129
2.9418033039834093
2.9416576185648373
2.9415062792280433
2.9413712059487698
2.9412368697775051
2.9411133530468985
2.9409932808679011
2.940881196402108
2.9407730820369964
2.9406712350036286
2.9405731702516857
2.9404804957461828
2.9403912202240323
2.9403069964487982
2.9402257731279806
2.9401494984487448
2.940075578325092
2.9400063716157185
2.9399385619888543
2.9398750690198328
2.939812024066093
2.9397524597498808
2.939692998932951
2.939635611418463
2.9395797444852945
2.943180620943298
2.9428832787492269
2.9427377399326229
2.9424865917618774
2.9423346958354819
2.9421295955747877
2.9419784280566188
2.9418053432929607
2.9416616865922962
2.9415112127993321
2.9413776926792594
2.9412444962090203
2.9411224438555292
2.9410036723826023
2.9408930881778725
2.9407864214240287
2.9406862028475032
2.9405895986512505
2.9404985648522626
2.9404107351901008
2.9403282733850338
2.9402485501592346
2.9401742812649894
2.9401020090530667
2.9400351968389868
2.9399691500862923
2.9399083619425159
2.9398467904356833
2.9397900334580935
2.9397316909702429
2.9396769749746108
2.9396215490713069
2.9431898179970464
2.9428746819330169
2.9427407763464224
2.9424821529866265
2.942335953184561
2.9421287723423246
2.9419805267819852
2.9418076372171784
2.9416659642266794
2.9415164389208575
2.9413843755915887
2.9412522106335892
2.9411313956015888
2.9410137618246912
2.9409045463576557
2.9407991903863202
2.940700478956233
2.9406052138811294
2.9405157254693015
2.9404291414751667
2.9403483025809152
2.9402698911100233
2.9401976180127112
2.9401269007111317
2.9400626182635503
2.939998221362202
2.9399404576956858
2.9398803318471067
2.9398268029022057
2.9397692317845303
2.939718020819198
2.9396623256255858
2.9432003413388985
2.9428649287690267
2.9427438867080169
2.9424777096366559
2.9423374548992456
2.9421284195325708
2.9419830872210238
2.9418106108736755
2.9416709816197755
2.9415226510299912
2.9413921400790364
2.9412611151431172
2.9411415138367367
2.9410249918723332
2.9409170576564896
2.9408129515799275
2.940715680910837
2.9406216170876389
2.9405335461623223
2.9404480207749377
2.9403686403857634
2.9402912360992342
2.9402207902903883
2.9401513407412185
2.9400895710796195
2.9400266838051934
2.9399722293749555
2.9399133272605411
2.9398636881029838
2.9398065273046763
2.9397599425115972
2.9397024596198236
2.9432124768439332
2.9428536054863419
2.94274735583988
2.9424730948256834
2.9423391979009907
2.9421283716919238
2.9419858472070115
2.9418137563981674
2.9416759929340865
2.9415288500448638
2.941399815516835
2.9412699017837451
2.9411513883078353
2.9410358401012422
2.9409290445291836
2.9408260590476241
2.9407301295216111
2.9406371955339816
2.9405504892467165
2.9404658340595957
2.9403877641650529
2.9403111230104311
2.9402423482807269
2.9401738723051385
2.940114590824455
2.9400530440351469
2.9400021301160328
2.9399443023723202
2.9398993127750437
2.9398421718235954
2.9398018051271699
2.9397413320719514
2.943224126491522
2.9428396701602528
2.9427492788522005
2.9424672870431299
2.9423397751952489
2.9421277983267018
2.9419881543760362
2.9418169063902342
2.9416811721154952
2.9415356449417853
2.9414083871059002
2.9412799248711075
2.9411626408758424
2.9410481210508728
2.9409423938665853
2.9408404492179145
2.9407458037364154
2.9406539200122275
2.9405684927100206
2.9404845734927987
2.9404076719899535
2.9403314069303765
2.9402640065536194
2.9401960486603342
2.9401390675610832
2.9400784857565645
2.9400312351789846
2.9399743243441705
2.939934642041873
2.9398771227047318
2.9398446334201958
2.9397800874663762
2.9432392393038489
2.9428245240555899
2.9427526345863679
2.9424620952895832
2.9423412173266934
2.9421279180025155
2.9419908118878917
2.9418200603532019
2.9416858188791215
2.941541550423397
2.9414157903318134
2.9412886676573882
2.9411725134260092
2.9410588835978224
2.9409540598081851
2.9408529806034469
2.9407595391719474
2.940668651300232
2.9405845746960879
2.9405013571149836
2.9404256073127164
2.9403495673649602
2.9402834099797528
2.9402156484041071
2.9401607533520413
2.9401009934003373
2.9400575432090319
2.940001859193794
2.9399681941272724
2.9399108161751784
2.9398889422169474
2.9398228183295827
2.9432521840637857
2.9428056418519333
2.9427526890274853
2.9424548569376392
2.9423401466841357
2.942126569151593
2.9419922458029046
2.9418228539583557
2.941690543545421
2.9415482287847503
2.9414245189516439
2.9412993662253295
2.941184743603138
2.9410722179464943
2.9409682401448221
2.9408678342093428
2.9407753775415326
2.940685320738472
2.9406025463970265
2.9405200127618212
2.9404455485086127
2.9403697162070093
2.9403049118428375
2.9402372104454386
2.9401846911380947
2.9401256171754775
2.9400865151422892
2.9400327353780775
2.9400061736823693
2.9399528775913142
2.9399474522373765
2.9399071785006861
2.9432725469668131
2.9427869993348348
2.9427575075642514
2.9424509356209012
2.9423426157373593
2.9421279944637697
2.9419956120274309
2.9418265479157988
2.9416949074291456
2.9415532432007629
2.9414305406929491
2.9413066519802111
2.9411933237678825
2.9410817750785321
2.9409787711679778
2.9408790989994573
2.9407879619938213
2.9406990658053154
2.9406184561540938
2.9405373806603645
2.9404655883890816
2.9403912542371518
2.940329714852604
2.9402640249410101
2.940216395264001
2.9401613024902526
2.9401303181213878
2.9400856535730555
2.9400744463380128
2.9400403292476365
2.9400955300297471
2.9402257748957705
2.943285895060987
2.9427622225961203
2.9427545144994536
2.9424421707582815
2.9423392180107855
2.9421253720115708
2.9419959147664505
2.9418291409391681
2.9416998649319965
2.9415606435040829
2.9414405341506797
2.9413192926359839
2.9412085044837526
2.9410989003791306
2.9409980589753988
2.9409001193344899
2.9408118005035657
2.9407259862360573
2.9406511270382585
2.9405755102198308
2.9405137195465225
2.9404483895496596
2.9404028047699291
2.9403529924166567
2.9403309669470712
2.9403056873968532
2.9403167227541314
2.9403289935896106
2.9403930345299423
2.9405000663647063
2.9409286759953459
2.9420681321392221
2.9433162611272605
2.9427419953799294
2.9427648548434968
2.9424438338774528
2.9423466361509591
2.9421314352605639
2.9420028869830372
2.941835531487766
2.9417062132556704
2.9415666172392165
2.9414479011257253
2.9413290657774538
2.9412241557447545
2.941121278740217
2.9410323260233207
2.9409465279611782
2.9408795620862325
2.9408176411445628
2.9407839164791887
2.9407519700009921
2.9407673768231644
2.940777451600431
2.940866815683342
2.9409536507882574
2.9411438635493323
2.9413555261292146
2.9416971248508319
2.9421481387458757
2.9428016809198496
2.9440695003586552
2.9463919648651125
2.950544652716848
2.9433285573884138
2.9427121886557908
2.9427575731676483
2.9424338793227052
2.9423412231860442
2.9421285000829456
2.9420051279681112
2.9418442992336851
2.9417261394429493
2.9415992117740974
2.941503176812224
2.9414122693135747
2.9413581373917048
2.9413179115103363
2.9413431375521548
2.9413772830725491
2.9415320166627166
2.9417077997513306
2.9420537023373048
2.9424291846831649
2.9430308636220555
2.9436643535076601
2.9445820283872668
2.9454800832280816
2.9467268275639609
2.94797057921717
2.9497795089342547
2.9517460056951723
2.9549769551999754
2.9591650404106442
2.9650160304765985
2.9725633781282919
2.943385122564214
2.9427023334347298
2.9427911418658663
2.9424601220279341
2.9423778402146201
2.9421725876534688
2.9420714128916736
2.9419457382844123
2.9419167703824001
2.9419050211686057
2.9420487571449665
2.9422318615553
2.9426794204154665
2.9432228975300214
2.9440915786545356
2.945041727354897
2.9463946735019535
2.9478405217004178
2.9497239500596835
2.9516819122552418
2.9540829037769032
2.9565311771840306
2.9594115497480886
2.9623059040286175
2.9656977737915455
2.9692528146599155
2.9735458273262978
2.9785092768170807
2.9844833641144284
2.9914846596427096
2.9999517484027245
3.010623532256778
2.9434167712210813
2.9427031899399534
2.9428241546561171
2.9425198924999081
2.9425224682782782
2.942483089305902
2.9427312564120176
2.9430514782754456
2.9438780701571172
2.9448816650419936
2.9465283164830431
2.9483824823192326
2.9509564995545459
2.9537332432910155
2.9571773469099139
2.9607379842264292
2.9649541874750707
2.9692515138362445
2.9741228693552122
2.9789988276243826
2.9843377880640571
2.989631922548734
2.9953074039074714
3.0010784724326909
3.0071282724585333
3.0135739678228797
3.0201656335205818
3.0274624595568578
3.0349020889059095
3.0442232753161846
3.0542033279852392
3.068301103264429
2.943691857089596
2.9429033593702774
2.9433145772958156
2.9434635756364278
2.94443607478863
2.9458551581836341
2.9484888875496074
2.9516513920597984
2.9560903656630506
2.9609754976088936
2.9670103274848207
2.9732840536031304
2.9805139703996586
2.9877014977689687
2.9956219408554938
3.0033907445014139
3.0117428971113829
3.0199230579571514
3.028533853455357
3.0369590183785951
3.0456202171015452
3.0541528515357927
3.0627035315564712
3.0711699000295245
3.0793979665810536
3.0880684595874759
3.0961028264514705
3.1055567700920657
3.1139047834162357
3.1261081021406709
3.1370822824187647
3.1566899371763832
2.9450051405638709
2.9453954291610205
2.94828153677157
2.9531682581162069
2.9610685644083286
2.9708619061494881
2.9827931494463846
2.99551100926988
3.0094533302501842
3.0233134061617215
3.0378052255090959
3.0516797208625106
3.0658127741947236
3.0791536782151829
3.0925717510275179
3.1051544268986477
3.1177540663537209
3.1296713128527767
3.141599360999479
3.1530385818910727
3.1643950706689661
3.1754866503623429
3.1862568008403418
3.1968595044718748
3.2068517617489496
3.2175122527193909
3.2270501534636904
3.2391678181820249
3.2495028290120946
3.2656381645532551
3.2799023704108032
3.310633236831221
2.9730674707271034
3.0194786556283009
3.0651396561700612
3.1081337529972028
3.1487519505144914
3.1873735688498477
3.2236540132199343
3.258127242649639
3.2902042603531019
3.3205815201029401
3.3484627364005575
3.374798360249486
3.3985458759059806
3.4210285114466328
3.4409071363780042
3.4600302174284607
3.4765898551132262
3.4931050863695496
3.5070569082852305
3.5218176894989046
3.5338225227232658
3.5475928315602498
3.5581776288607641
3.571969568722734
3.5818732901344488
3.5962190430643273
3.6059208872979909
3.6215648351112932
3.6321646474825542
3.6509134223693289
3.6654317143494115
3.7052910861238555
2.9391958568356022
2.9391313153657155
2.9390684779578145
2.9390019821238438
2.938935744251824
2.9388700429499828
2.9388054659022651
2.9387365993936259
2.9386714911087055
2.9385965241197067
2.938533410136412
2.9384592043406106
2.9383914092508499
2.9383168154406061
2.9382448033839301
2.9381686311319299
2.9380929031292329
2.938014494971489
2.9379355504236488
2.9378544864895315
2.9377717169127933
2.9376860021649316
2.9375984438309941
2.9375072490359431
2.9374125161715798
2.9373157889005603
2.9372128814514462
2.9371066415683242
2.9369974183770573
2.9368788168302173
2.9367574059761608
2.9366287954629131
2.9364924106711712
2.9363484387353558
2.9361971260713386
2.9360365493606619
2.93586031549584
2.9356775535227668
2.9354841244898644
2.93526995809373
2.9350491714125653
2.9348052783950771
2.9345449433166011
2.934264084511538
2.9339635048906487
2.9336351706419697
2.9332801927165595
2.9329034281650843
2.9324831458412515
2.9320277027032629
2.9315434522690049
2.9310025296026727
2.9304050572750517
2.92977314499751
2.9290730979038284
2.9282969872322764
2.9274449800396556
2.9265022057551771
2.9255017374878092
2.9243378829659177
2.9231161465290398
2.9216783431585442
2.9201384422033598
2.9183941232364989
2.9165089687891261
2.914349253906269
2.9118983758739438
2.9092162795163787
2.9061775046185456
2.9026831157531419
2.8988751867754585
2.8944164001875943
2.8893940717053437
2.8836534952102477
2.8770952900238549
2.8695910939350564
2.8608086603485545
2.8505412273372817
2.8386152754853784
2.8245530578271354
2.8079915575028265
2.7885090732430271
2.7655879165270312
2.7415394192980913
2.7079337428033177
2.6673389883902994
2.6205097374551309
2.5675205508341503
2.5074113923833186
2.4319433302201934
2.3405006167322755
2.2367703933861729
2.9391488109061101
2.9390818412231039
2.9390177752060729
2.9389475842066193
2.9388767769551425
2.9388093380026912
2.938742773941494
2.9386702153667836
2.9386019844257101
2.9385168745878993
2.9384548311139107
2.9383739109630187
2.9383025532318499
2.938221365344047
2.938143408598215
2.9380598589108589
2.9379767703492421
2.9378902638811875
2.937802691928932
2.9377135305441771
2.9376204730699511
2.9375264063678892
2.9374263253705402
2.9373261229051342
2.9372175195776844
2.9371096826000791
2.9369910775720114
2.9368744603578421
2.9367434473978462
2.9366156592685329
2.9364696767560283
2.936328972962138
2.936165396852219
2.9360092511531226
2.9358245640907268
2.9356490595423148
2.935440120508924
2.935239028016098
2.9350040014814769
2.9347704414767963
2.9345023188936037
2.9342357767879141
2.933922683339774
2.9336133115231138
2.9332562048084498
2.9328910147020055
2.9324695496402149
2.9320477482899938
2.9315576242039914
2.9310482315329955
2.9304743777907851
2.929872435522038
2.9291945963559773
2.9284639458017487
2.9276568674818755
2.9268032254851444
2.925807383700691
2.9247696003597343
2.9235885828808295
2.9223162205028248
2.9208701976590588
2.9193285031587806
2.9175741021285528
2.9156242038449065
2.91343665578392
2.9110558609586556
2.9083498074988618
2.9053312730477066
2.9019322832880889
2.8980873018760982
2.8937616445979457
2.8888917381746166
2.8833046499707335
2.8769351975971333
2.8697854622621879
2.8615310921033088
2.8518333884862059
2.8404941679217828
2.827347015917181
2.8119996267669833
2.7940580436708968
2.7732435069240102
2.7489454133512115
2.7236759361357201
2.6872344253007654
2.6445634275559438
2.5965890093186741
2.5428896107921197
2.4815642859192346
2.4038795482195909
2.3118416731406626
2.209837465808326
2.9391775202351993
2.9391108282224252
2.9390486002980403
2.9389778006147269
2.9389060852913187
2.9388401854672299
2.938775642771609
2.9387030445677089
2.938637232912257
2.9385465507416697
2.9384909420082428
2.9384080495678195
2.9383394151987878
2.9382573918274408
2.9381803948829144
2.9380963851230049
2.9380135937994689
2.9379269689700918
2.9378398317349785
2.937751541073045
2.9376589825082764
2.9375658458661875
2.937466272078741
2.9373667763208395
2.9372586788246866
2.9371517399790052
2.9370335699196461
2.9369178340010977
2.9367871746510037
2.9366605985151168
2.9365150900333079
2.9363758164105924
2.9362126788727783
2.9360579178163242
2.9358737833200244
2.935699358172569
2.9354912974694534
2.9352917428975327
2.9350552006726423
2.9348280983503097
2.9345538770203023
2.9342937306585224
2.9339795784665297
2.9336724628958724
2.9333134041900566
2.9329521384957906
2.9325330964829943
2.9321141932574029
2.9316137731212843
2.9311176930792424
2.9305427036947993
2.9299479355602478
2.9292545733589099
2.9285395452770264
2.9277324254309698
2.9268721244356635
2.9258888330029347
2.9248438847347873
2.9236700760524057
2.9223943551081026
2.920964696814917
2.9194010799931043
2.9176330062716982
2.9157156001219624
2.9135428706486435
2.9111396966722887
2.9084063516481438
2.9054006208560921
2.9019876155303121
2.8981700233440129
2.8938270391345764
2.8889376366061934
2.8833258854033428
2.8769350947085277
2.8697358979859002
2.8614604773118928
2.8516675742328212
2.8402418967683971
2.8269018091518423
2.8113615309822304
2.7931621039735322
2.7721639768480539
2.7477047266483283
2.7232032571250557
2.6855102428417426
2.6419825310736305
2.5937749316308443
2.5403344310618206
2.4792869561639326
2.400113222309006
2.3062798085393008
2.2032413361517129
2.939192836066912
2.9391263885211432
2.9390653231128092
2.9389937407709423
2.9389205528815969
2.9388557418354675
2.9387926545985472
2.9387192622153866
2.9386550611181099
2.9385577632970423
2.9385082552027968
2.9384225833287245
2.9383561720598972
2.9382724790990205
2.9381957618880303
2.9381104695683256
2.9380272675469992
2.9379397810428736
2.9378523711916333
2.93776404407298
2.937671251157528
2.9375779446388832
2.9374780063834689
2.9373779928032917
2.9372695037572649
2.9371621173150761
2.9370434275430375
2.9369271357768953
2.9367959056111155
2.9366689428643364
2.9365228712909675
2.9363832299948447
2.9362192690673563
2.9360641498044999
2.9358786303213837
2.9357042837427203
2.9354939317958277
2.9352952594812689
2.9350557035354856
2.9348286016694192
2.9345537794617047
2.9342923732548098
2.9339754421175348
2.9336708286075721
2.9333096541641401
2.9329457288754153
2.9325259457261716
2.9321121067563833
2.9316057453574302
2.9311166206985813
2.9305242907519706
2.9299499401759839
2.9292428173100742
2.9285401921194687
2.9277260877816182
2.9268633390416099
2.9258990725597998
2.9248217590915946
2.9236841821373969
2.922413906608528
2.9209715372562197
2.9193968814822755
2.9176571175153425
2.915748370515002
2.9135613883812561
2.9112032955632232
2.9084495150660832
2.9054822274177488
2.902067026491975
2.8982589226514905
2.8939180128544857
2.8890540038212733
2.8834338924719178
2.877074025293497
2.8699215258444308
2.8616467315727241
2.8517926451494477
2.8403281720336344
2.826835803215308
2.8111168240921942
2.7927238494111535
2.7715196542262102
2.7467841929060688
2.7232494196996271
2.684035811221269
2.6392016081174297
2.5904001693588556
2.5368854211516902
2.4756557239403243
2.3939974345400796
2.2972139598767449
2.1924659500899439
2.9392314067146348
2.9391663225714009
2.9391065008268806
2.9390349116169938
2.9389612076697063
2.9388980219736842
2.9388369212538175
2.9387635102948924
2.9387015373158323
2.9385997285971679
2.9385564655913972
2.9384693907103743
2.9384060314841802
2.9383218763539944
2.9382465733941028
2.9381613462776435
2.938079300175791
2.9379926448985119
2.9379068229819651
2.9378202414190393
2.9377291446563683
2.9376374635649976
2.937539203996784
2.9374406265320987
2.9373340997093416
2.9372285358913883
2.9371120028746103
2.9369977608907445
2.9368690568627347
2.9367445928172358
2.936601314329284
2.9364643303699802
2.9363031836145228
2.9361507163249585
2.9359681065794807
2.9357966954668338
2.9355895496426885
2.9353941728359692
2.9351583292756978
2.9349351237512904
2.9346646539895094
2.9344078871473496
2.9340959347392981
2.9337979089145096
2.9334397087771467
2.933085267808234
2.9326722845064128
2.9322636746670474
2.9317658227040391
2.9312877527970529
2.9307045829145091
2.9301396269619069
2.9294425761284901
2.9287600104821716
2.927947117995545
2.9271022897383552
2.926168491670428
2.9250953343751513
2.923985815784913
2.9227209320758489
2.9213081234702627
2.9197727194473631
2.9180732217833443
2.9162103579172252
2.9139906432337215
2.9117075736609426
2.9089639117764921
2.9061347202771954
2.9027283632134147
2.8989770259374641
2.8947029687252348
2.8898809855870198
2.8843325857702671
2.8780747968419624
2.871053241871433
2.862879182082199
2.8530183219485923
2.8416593059574327
2.8281028056894586
2.8123502119603292
2.7938997610375105
2.7726150158277747
2.7476930046307335
2.7253044494414196
2.6846978848478682
2.6386052854701454
2.589157705773919
2.5355558644589244
2.4742169538049938
2.389903059293836
2.2898810401280691
2.1821650588046566
2.9392650547642178
2.9392014655704863
2.9391424760541907
2.9390708623341593
2.9389967913734103
2.9389350930382809
2.9388756403290599
2.9388020797706296
2.9387416468255032
2.938636162843578
2.93859836091685
2.9385100777085591
2.938449386876933
2.9383647206363843
2.9382907022372167
2.9382056698904782
2.9381249278749695
2.93803929764062
2.937955152713005
2.9378702222289399
2.9377807911287883
2.9376904139407238
2.9375938691269448
2.937496726854087
2.9373922949608544
2.9372885560317021
2.9371746205865188
2.9370623798448463
2.936936951905126
2.9368144779331682
2.9366743877727042
2.936539559737946
2.936381665389626
2.9362306901875597
2.9360522683245556
2.9358831418588607
2.9356795464499377
2.9354879947488577
2.9352564133530286
2.9350377165034578
2.9347723844508957
2.9345207597082998
2.93421482288589
2.9339239474494208
2.9335690165084625
2.9332303388333494
2.9328161212086261
2.9324188470841599
2.9319328050180968
2.9314617112507939
2.9308981083251346
2.9303270519668572
2.9296545825212776
2.9289983266410853
2.9281861730022807
2.9273652902288618
2.9264345098578568
2.9254322282106191
2.9242962374351289
2.9230643235281271
2.9216916075662613
2.9202332751052102
2.9185236697103036
2.916689467338351
2.9145336295401254
2.9123045288866494
2.9096357142007432
2.906889011243972
2.9034550012810176
2.8998803835213933
2.8956329619308461
2.8908811600277162
2.8855218534023135
2.8793703832569406
2.8724741285427151
2.8644010472303139
2.8546695117744925
2.8433721951422579
2.8298544511508568
2.8141246595130345
2.7956472262214986
2.7743703625879799
2.749322110037792
2.7281878938541753
2.6861981168710134
2.6387901499549091
2.5884866392231425
2.5346211601879984
2.4729488763572443
2.3855331579644834
2.281900179773058
2.1710079165821332
2.9393081081543659
2.939246410937427
2.9391879784195454
2.9391165856423931
2.9390425502827862
2.9389823971213467
2.938924493717046
2.9388509948859096
2.9387919383543242
2.9386841912023525
2.9386513439990272
2.9385624619459279
2.9385043550105454
2.9384195506398116
2.9383471697023857
2.9382629213807934
2.9381842072707784
2.9381003340315655
2.9380183659927299
2.937935361933079
2.9378480652669134
2.9377590731830665
2.937665112166234
2.9375697766165585
2.9374687662504515
2.9373666841159896
2.937257976764565
2.9371455437383451
2.9370282193334885
2.9369036508861588
2.936770459040202
2.9366359368795445
2.9364853891704552
2.936329533105563
2.9361651037458731
2.9359912408377546
2.9357999447087315
2.9356048884336499
2.9353870084463098
2.9351684482230262
2.9349198070244187
2.9346527070549828
2.9343823850573636
2.9340785279799388
2.9337358914205578
2.9334102080542022
2.9330056389798926
2.9326089110995981
2.9321496280220463
2.93166686162464
2.9311566310864188
2.9305398498726638
2.9299332439684003
2.9292747211017716
2.9284761904869439
2.9277039561673819
2.9267758326804021
2.9257866735136289
2.9246779778231966
2.9235162355169937
2.9221884962061138
2.9206933475773393
2.9190951082415801
2.917272351456929
2.9152141152158748
2.9130023127847875
2.9104590981139227
2.9076880324424863
2.9043942164278111
2.9009074868147957
2.8967488975060545
2.8921374065196148
2.8869271251341999
2.8809313812965178
2.8740713861833647
2.8661934580131252
2.8566596883541702
2.8454362669938109
2.8321361745080891
2.8164466802518828
2.7980511555696594
2.7767349085301745
2.751698141989062
2.7317407299660577
2.6885153457868243
2.639672908221665
2.5885203504987357
2.5342428056659947
2.4721077294725462
2.3813247046929127
2.2733672057000902
2.158954271280066
2.9393488662979075
2.9392890574549368
2.9392308818422661
2.9391597868001749
2.9390857884300634
2.9390270571669301
2.9389703699429681
2.9388968956045001
2.9388389238958563
2.9387296950117485
2.9387012121739442
2.9386119077910342
2.9385560326241724
2.9384711872631217
2.9384005928324077
2.9383175303748139
2.9382412185076636
2.9381591906028648
2.9380793244041121
2.9379976625029847
2.937912953435045
2.9378245485244769
2.9377346387532111
2.9376396398010884
2.9375449276169787
2.9374420436253774
2.9373405700891557
2.9372274042517592
2.9371162432337057
2.9369897655167709
2.9368670837064235
2.9367241930794172
2.936588548144949
2.936427691879349
2.9362764512906487
2.9360944855179878
2.9359247931421466
2.9357184987370961
2.9355240764200685
2.9352901549642407
2.9350648160455335
2.9347966778661303
2.9345359967708773
2.9342300620912991
2.9339083618333057
2.9335841099969691
2.9331878405531011
2.9327973378497441
2.9323718419352267
2.9318709347303602
2.9313935735469219
2.9308039278996767
2.9302146188651834
2.9295505162914455
2.9287965640583238
2.928056692187063
2.927137304922101
2.9261747215350056
2.9251584026274209
2.9239791221232907
2.922696033226138
2.9212353061919307
2.9197532141550671
2.9178910819675541
2.9159943667848749
2.9137758582147866
2.9113743491647019
2.9085983338537673
2.9054953198352149
2.9020296597422393
2.8980214212206183
2.8935503804440064
2.8885046929182181
2.8825845479058914
2.8759316463806566
2.8682459281847099
2.8589252622740515
2.8478631970556645
2.834706899366461
2.8191326735578555
2.8008223606689442
2.7795943393192935
2.7545427616762876
2.7357322597645579
2.6914913457070919
2.6411944287587259
2.5890413015451808
2.5341214467964148
2.471458412445581
2.3771571693643336
2.2646054787354211
2.1447658744569043
2.9393930513884534
2.9393351309077453
2.9392770523367076
2.9392063439334208
2.9391324240745935
2.9390750139328419
2.9390193032483367
2.9389459263786897
2.9388890138946353
2.9387791907083356
2.9387544752436647
2.9386648951917889
2.9386110445863953
2.9385264328730081
2.9384580553372177
2.9383767683982911
2.9383030382076631
2.9382226879919422
2.9381445889512259
2.9380646799577397
2.9379816292597063
2.9378957735117797
2.9378085512912415
2.9377168723373313
2.9376249152031648
2.9375255071199611
2.9374259308689332
2.9373161753492694
2.9372064320078479
2.9370834289855239
2.9369624872353599
2.9368245131149764
2.936691374452177
2.9365357225816484
2.9363887191192259
2.9362117755861803
2.9360464539954485
2.9358454090177162
2.9356564644251106
2.9354270731792642
2.9352108842571307
2.9349476097952731
2.9346987922593772
2.9343957559178144
2.9341016783480125
2.9337668799723997
2.9334014827726373
2.9330209000426843
2.9326161276377496
2.9321285154167875
2.9316705512700256
2.9311066216678698
2.9305612316449192
2.9298854862983719
2.9291993518107566
2.9284743927196293
2.9276066633934734
2.9266839280813635
2.9257453801803077
2.9245501899170678
2.9233717311011356
2.9219732012718413
2.9205640117965652
2.9187656153483323
2.9169718871192902
2.9147925439145501
2.9125552160434967
2.909823243944246
2.9069138442340261
2.9034920898405185
2.8996731334216159
2.8953144197800365
2.8904556336582354
2.8846257615840383
2.8783026964837695
2.8707291073308219
2.8616802781477211
2.8507547955595518
2.8378250477604174
2.8223852934106222
2.8042713384993081
2.7831455433333683
2.7581853786409147
2.7404792649687009
2.6953685941759415
2.6435891060332808
2.5903284172222665
2.5345616349104465
2.471256336669386
2.3731070506183993
2.2560917456419203
2.1304604302991268
2.9394356039821279
2.9393794156866053
2.9393214845349043
2.9392509743204247
2.9391772153255133
2.939120820660611
2.939065890509891
2.9389926170889362
2.9389366839565163
2.9388268904339458
2.9388052701009011
2.9387154053853339
2.9386633740427337
2.9385793118069872
2.9385136967900634
2.9384343114507794
2.9383628356079745
2.9382836797283556
2.9382072699762385
2.9381289974274485
2.9380481277276256
2.9379651187639539
2.9378808983861608
2.9377922793849844
2.937702599637328
2.9376056762204561
2.9375079280656324
2.9374002153232817
2.9372931399351359
2.9371720649605479
2.9370555539012071
2.9369204183189401
2.9367934951875019
2.9366414849689129
2.9365007179884364
2.936329193988604
2.9361705695047826
2.9359765343343009
2.9357966592936977
2.9355756353300282
2.9353719276053325
2.9351197187539331
2.9348898110235462
2.9346010875355568
2.9343422411617808
2.934010257722504
2.9337186696373432
2.9333352747499704
2.9330040051802162
2.9325590536331152
2.9321800514567862
2.9316579887312342
2.9312182853827706
2.9306005973824751
2.9300832295878179
2.929343242454518
2.9287209153278688
2.9278283376877479
2.9270654510324592
2.9259772396734203
2.9250297457774823
2.9236873990879859
2.9224901459888168
2.9208206894435556
2.9192965331543794
2.9171978627123814
2.9152364863061724
2.9125729728015632
2.9100171149702714
2.9066304541931447
2.9031960278304378
2.8988884491103795
2.8943968171635768
2.8886065419829969
2.8827404368976191
2.8751438139610945
2.8664707913852614
2.8555399901853011
2.8429276793342586
2.8274532516214479
2.8096144396236742
2.7884026279894321
2.7636720292618562
2.7468016188207338
2.7007242348611813
2.6472159710703571
2.5926697553579392
2.5358964043123051
2.4717569199283616
2.3693188478057552
2.2473185614402307
2.1159945161015377
2.9394793390001563
2.9394246463215241
2.939366803238098
2.9392963339396565
2.9392228915945742
2.9391670637577647
2.9391128565579314
2.9390397826893833
2.9389846599561054
2.9388751632303687
2.938856204416108
2.9387660349648539
2.9387158505376951
2.9386328131262602
2.9385703095001405
2.938492524516692
2.9384228510883368
2.9383447312022972
2.9382700990433026
2.9381937943636598
2.9381155557551248
2.9380355168455718
2.9379539597820976
2.9378671523672901
2.9377793155826883
2.9376839120427505
2.9375890511941978
2.937483145743558
2.9373818547516768
2.937264203584629
2.9371553658936742
2.9370236531683243
2.9369051481877673
2.9367595452873219
2.9366302183177249
2.9364694319368971
2.9363320236777808
2.9361559084938125
2.9360151427457359
2.9358239670001174
2.9356867280860381
2.9354809345219839
2.9353554183108539
2.9351346213145399
2.9350283892607196
2.9347901678389472
2.9347074802834934
2.9344462556504411
2.9343862956758602
2.9340918170884227
2.9340461717914255
2.9337026161549256
2.9336544132588589
2.9332395608377575
2.9331629841183067
2.9326471656618014
2.9325060353585966
2.931851862131821
2.9315991795386362
2.9307585057503625
2.9303355703445439
2.9292470271733557
2.928580656083291
2.9271649681460823
2.9261628177002268
2.9243161850995203
2.9228601276796078
2.9204440857066118
2.9183782271668179
2.9152037574248069
2.9123163429013905
2.9081193361703619
2.9040940900171961
2.8985174027594898
2.8930828501194767
2.885504125076519
2.877234978067678
2.866038020171505
2.8538586105288446
2.8378824472331501
2.8205523103393553
2.7986563030771077
2.7745238445395963
2.7577494198844144
2.7101574977879688
2.6542352137457321
2.5976235619495083
2.5395648704793343
2.4738179167561207
2.3671789657861266
2.2393650840232047
2.1003782815946805
2.9395222093258906
2.9394687979334457
2.9394106371468069
2.9393401211582502
2.9392672295493978
2.9392114426909872
2.9391578519604131
2.939084869248628
2.9390305576869098
2.9389211444507204
2.9389047282473673
2.9388141200914744
2.9387661635116156
2.9386844187450532
2.93862490068611
2.9385482880835303
2.9384802304472686
2.9384032221073317
2.9383304285948975
2.938256448035879
2.9381809513298514
2.9381032627696131
2.9380239758994522
2.9379400872516293
2.9378556225233621
2.9377631624656444
2.9376741145521055
2.9375725243360344
2.9374817146237584
2.9373720025664776
2.9372832024313542
2.9371707460375096
2.9370901369834308
2.9369851523474417
2.9369260282626306
2.9368418645552961
2.9368232809296746
2.9367792992986375
2.9368243401345406
2.9368394401903721
2.9369704874712781
2.9370603505649218
2.9372948333124858
2.9374647573663375
2.9378105608099867
2.9380546855869203
2.9385088350045168
2.9388093929119363
2.9393604642534972
2.9396855380418034
2.9403113913846202
2.940623854609357
2.9412899133810115
2.9415477009529511
2.9422093944100154
2.9423649623933938
2.9429718962550044
2.9429634689591366
2.9434612933909636
2.9432255100086588
2.9435398499131966
2.9430120676007281
2.9430590435360777
2.9421511165600438
2.9418272653378286
2.9404426674659967
2.9396175309484542
2.937619494138858
2.9361270171092921
2.9333374585701133
2.9309517707691177
2.9271180358209112
2.9235256297771053
2.9182657690714593
2.9131887571275574
2.905816467838835
2.8976930483162491
2.8865488467447382
2.8743492712522749
2.8583000693400549
2.8409827381487558
2.8186911403028043
2.794776796377171
2.7779442166882462
2.727538653323355
2.668826640858033
2.6085239786594006
2.5487448473644756
2.4796696673027512
2.3689174850638341
2.2345476118037051
2.0859732250292624
2.939565875861379
2.9395131677928554
2.93945471147223
2.9393835611098504
2.9393111683306814
2.9392550954849006
2.9392021627441012
2.93912887979163
2.9390756000471598
2.9389659521794504
2.9389522113383464
2.9388610025906785
2.9388159264549243
2.9387353971474575
2.9386784846171055
2.9386028229336709
2.9385363363327284
2.9384611291111167
2.938391392139784
2.9383206021119714
2.9382482247135928
2.9381745887818242
2.9380988966675377
2.9380232621648359
2.9379472207842787
2.9378740196683579
2.9378059320629624
2.9377483584886592
2.9377056335371479
2.9376862083215571
2.9376976570877247
2.937751013851766
2.9378573344052841
2.9380273404712196
2.9382740583978664
2.9386036969311138
2.9390312881084544
2.9395538836517408
2.9401890567309779
2.9409210778775288
2.9417725964880943
2.9427073293510979
2.9437611157919696
2.9448718326956587
2.9461018098972525
2.9473498432616738
2.9487199307460261
2.9500550633224525
2.9515216867715335
2.9528870413763055
2.9544035578533729
2.9557362706524843
2.9572524095867823
2.9584899325295919
2.9599520925402789
2.9610306869798011
2.9623813730896269
2.963233526550705
2.9644154797342011
2.9649696975762225
2.9659106693033235
2.9660967879871163
2.9667152850422354
2.9664481197455288
2.9666453288009245
2.965828510048258
2.9654769684249427
2.9639796965264096
2.962917209598237
2.9605663698882219
2.9585690948526771
2.9551177679467995
2.9518774906647374
2.9469443018551877
2.9421695706018278
2.9350396448270701
2.9270773306781948
2.9160906785052179
2.9039502047697376
2.8879790931852245
2.8706711398754745
2.8483621634271774
2.8245781426998393
2.8076771216029215
2.7558582083369512
2.6948468249528883
2.6300594233068559
2.568041810397121
2.4946559377822846
2.3791338097899617
2.2367704538201609
2.0783597707846364
2.9396095828107289
2.9395561192991559
2.9394983258637377
2.9394255423373421
2.9393534673921176
2.9392967678441342
2.9392447014295686
2.939170607656425
2.9391187108625676
2.9390080963999758
2.938997599440325
2.9389057166913397
2.9388642578341551
2.938785106966225
2.9387311736871204
2.9386571800626053
2.938594141569606
2.9385227160723377
2.9384587537661244
2.9383968421476472
2.9383383909829281
2.9382864359379854
2.9382446149556456
2.9382219570396897
2.9382263899309025
2.9382725546200152
2.9383748126288776
2.938552028057229
2.9388181181517337
2.9391906231250422
2.939687256055175
2.9403216461048558
2.9411079268593863
2.9420509511917188
2.9431580110971036
2.9444264614058526
2.945859465891099
2.9474431810705819
2.9491822484540196
2.9510478176928112
2.9530347832948758
2.9551183827531915
2.9572988316256508
2.9595418543442085
2.9618629595217785
2.9642046071058021
2.966605593855081
2.9689781436012113
2.9714022763105858
2.9737392691411153
2.9761326421031993
2.9783705409186085
2.9806828716338392
2.982756571656112
2.9849359523259924
2.98677999376687
2.9887752698671415
2.9903242772584999
2.9920827379521975
2.9932694216923847
2.9947276512230969
2.9954821368239144
2.996565408395754
2.9968067830205976
2.997423731933647
2.9970585325847812
2.9970889570921511
2.9959929730388901
2.9952804455941684
2.9932860006956177
2.9916129379060399
2.9884805500800131
2.9855432401715638
2.9808987278171672
2.9764115024648001
2.9695090209798249
2.9617577710427438
2.9509478480563125
2.9389479496428494
2.9231014906632509
2.9058816568880297
2.8836254995809263
2.8600630156727709
2.843068906490827
2.7902084067529085
2.7268450417815169
2.6589301083439048
2.5943514491855857
2.5176093888921258
2.3975517456286934
2.2464645129207708
2.0780655707904554
2.9396546602377041
2.9395983895882787
2.9395425354753462
2.9394670896857238
2.9393951955246851
2.9393372201414918
2.9392861920939866
2.9392110152719391
2.9391612987608431
2.9390494236060105
2.9390438464585036
2.9389521440471258
2.9389163660314579
2.9388404333576101
2.9387935363920867
2.9387290034547959
2.9386834608791692
2.9386373501147225
2.9386162312487909
2.9386197790889708
2.9386666269628954
2.9387690240745226
2.9389477431471418
2.9392278710520694
2.9396346380911988
2.9401938431530734
2.940927508949613
2.9418496155693776
2.9429663447785885
2.94429366233368
2.9458349500653891
2.9475896741097243
2.9495500937227428
2.951707662186593
2.9540490953125782
2.9565605941174402
2.9592242789477252
2.9620255274351903
2.9649433042355993
2.9679502580982833
2.9710408608638277
2.9741970635660762
2.9774071447370809
2.9806577126276643
2.9839315198337673
2.9871899597457023
2.9904488898331354
2.9936582388844695
2.9968582103770434
2.9999674585382254
3.0030706476547921
3.0060216313887969
3.008975581669274
3.0117056803351616
3.0144671003137824
3.01691888208404
3.0194427900605243
3.0215526937026209
3.0237912793809261
3.0254923187832659
3.0273898498111191
3.0286139698035526
3.030100771498923
3.0307681604950529
3.0317581403172902
3.0317763395489119
3.0321547607315198
3.0314027957560459
3.0310175726076767
3.0293316777973831
3.027969878814424
3.0251158634745461
3.022478290955454
3.0180888154319057
3.0138980228208991
3.0072128600211356
2.9997184437054463
2.9891060932157862
2.977323465259301
2.9616488672769044
2.944611055807616
2.9224751331201002
2.8990910757407566
2.8823113797250413
2.8286152982123296
2.7631823317958131
2.6921648633462558
2.6247961886808047
2.5446149146457073
2.4199860443099439
2.2594230523896184
2.0789263065513119
2.939701588770987
2.9396397982684923
2.9395881125365433
2.9395095280924619
2.9394377644332788
2.9393796713941232
2.9393308107963327
2.9392550308320962
2.9392111195896771
2.9391010345806872
2.9391073792098417
2.9390235196413155
2.9390085293674297
2.9389594598947308
2.9389595255222285
2.9389720071678447
2.9390468625774475
2.9391818205219944
2.9394232896681074
2.9397926109402817
2.9403270151421288
2.9410393954863223
2.9419653675379482
2.9431299258468901
2.9445480886541997
2.9462271874375991
2.9481677610742185
2.9503631806505912
2.9528112076142032
2.9554948345655574
2.9583939240528618
2.9614868157893457
2.9647510796328009
2.9681646362057674
2.9717054036826673
2.9753544246820387
2.9790905188090577
2.9829003963335907
2.9867601437050304
2.9906696066060956
2.9946158443757636
2.9985835926883588
3.0025681525637902
3.0065460072733279
3.010504761458082
3.0144330813066804
3.0183418879778396
3.0221992299706053
3.0260280876223096
3.0297780873042317
3.0334707022274268
3.0370085739812622
3.0405041722990975
3.0437938024044482
3.0470734143598244
3.0500585727125777
3.0530672687666818
3.0556824239376792
3.0583771135956335
3.0605547434942455
3.0628796639641718
3.0645485701256816
3.0664357659129617
3.0675140256544222
3.0688795957213433
3.0692727915020939
3.0700044342288648
3.069592419299457
3.0695407820642862
3.068161752381418
3.0671175113182771
3.0645413427412516
3.0622093860221469
3.0580740672374298
3.0541857464748183
3.0477237438694815
3.0405089827435177
3.0301020753936401
3.0185741789871807
3.0030938797846471
2.9862911718490057
2.9643182720093511
2.9411870362527295
2.924691427892415
2.870323835654474
2.8030680428789898
2.7288462721013111
2.6585645432656393
2.5745944895056807
2.4458172269920833
2.2751868580618848
2.0787496545890081
2.9397539594222422
2.9396835341679362
2.9396422080108295
2.9395669335266352
2.939500242995575
2.9394485674760178
2.9394100478058731
2.9393495331762343
2.9393231619026143
2.9392458559706598
2.9393126202113322
2.9392995813680409
2.9394123679201232
2.9395530194347552
2.9398472386197123
2.9402834324189571
2.9409190455664
2.9417716883378491
2.9428854783541669
2.9442794873334828
2.9459654569489286
2.9479693735757246
2.9502852533487225
2.9529011809113523
2.9557974532060678
2.9589520011230115
2.962340337064393
2.9659374169876873
2.9697184241598462
2.9736601003300751
2.9777406945395937
2.9819400223047872
2.9862395502963039
2.9906222888352998
2.9950729614570806
2.9995778436907181
3.0041239305891079
3.0086993428589626
3.0132932836878488
3.0178936441833022
3.0224937050830953
3.0270790768373241
3.031648860009351
3.0361801306229608
3.0406882904764214
3.0451596332101292
3.0495979336200274
3.0539744350050912
3.058308973051187
3.0625425705716078
3.0667108015899602
3.0707617490794417
3.0747702760511566
3.0786307216483477
3.082437287634463
3.0859457970028705
3.0894524954606877
3.0925836719836322
3.0957589073240994
3.098427256263709
3.1012113361332232
3.1033430356830163
3.1056660143323698
3.1071754869774395
3.1089517999861473
3.1097414076069692
3.1108594530107272
3.1108081227756479
3.111119716139688
3.1100663568491327
3.109364613645961
3.1070819378462904
3.1050746403345095
3.101205019261942
3.0976315807075578
3.0914009777412006
3.0844803440530923
3.0742764316203517
3.0630240150984216
3.0477439917133231
3.0312037318141676
3.0094170165131966
2.9866410650684894
2.970344501896935
2.9154310798783314
2.8465308362851309
2.7689206156581561
2.6955426974906196
2.607347629603098
2.4748819826032129
2.2942066702138852
2.0778697205339323
2.9398298270926388
2.9397571326987006
2.939756351260344
2.9397198891435838
2.9397080520248573
2.9397228890818741
2.9397418452692499
2.939772610596294
2.9398646651749254
2.9400186443716172
2.9404098360958439
2.9408152241410361
2.941526062294999
2.9424556952616294
2.9437451883499035
2.9453558323279103
2.9473444793531121
2.9496636560297294
2.9523159218303867
2.9552784394615674
2.9585454209865052
2.9620933293184493
2.965889126413586
2.9699054344144464
2.9741147538725174
2.9784941799738616
2.9830227508755249
2.9876818197971402
2.9924544292069797
2.9973255474725966
3.0022812578942246
3.0073084968781258
3.0123950930835233
3.0175298448440548
3.0227022394130931
3.0279024583954568
3.0331210083342719
3.0383489917334892
3.0435780063157241
3.0487993000340783
3.0540053260566951
3.0591866491752171
3.064337277301878
3.0694450615120985
3.0745066813988342
3.0795059960222568
3.0844483299781467
3.0893049271574413
3.094098305300927
3.0987735641644236
3.1034125794216236
3.1079302287211803
3.112419995226702
3.1167257232447865
3.1209857469910158
3.1250004819697015
3.1290731590931569
3.132777320791523
3.1364779884581084
3.139686418582246
3.142990354182511
3.1456295590017636
3.1484495170418438
3.1504337474454007
3.1526802598755199
3.1539065022693111
3.1554662410624523
3.1558111705173966
3.1565357981902777
3.1558379483824019
3.1555218029592949
3.1535554714559368
3.1519081128724791
3.1483183453512038
3.1450868060604713
3.1390907121307228
3.1324816441623771
3.1224731098081189
3.1115087349146511
3.0964214084843902
3.0801580908000346
3.0585626212687242
3.0361791632226058
3.0197757612857141
2.9644990392297457
2.894195101258878
2.8129199447913691
2.7362223089367563
2.6431948388772932
2.5074000113439672
2.317336371859672
2.0797088353938715
2.9400417961588845
2.9400191023171209
2.9401848263348009
2.9404147112006846
2.9407616165845027
2.9411276141414793
2.9414789498335949
2.9419203980122313
2.9427025716449595
2.9437644365553632
2.9451560854843928
2.94672692255714
2.9488183761486364
2.9512688037605765
2.9541814112977463
2.957469598122354
2.9611148873084843
2.9650345094636541
2.9692048161802003
2.9735858727524178
2.9781779500683565
2.982957364968426
2.9878940658686357
2.9929679936421958
2.9981613596623649
3.0034610594956885
3.0088553592198846
3.0143341591765975
3.0198883916943475
3.0255094514922534
3.0311887236764665
3.0369177438960411
3.0426880100852909
3.0484914447747529
3.0543196035904034
3.0601650562332896
3.0660195147128229
3.071876232764589
3.0777270595863784
3.0835653019048621
3.0893828174745139
3.0951721492540956
3.1009267267908549
3.106635033773919
3.1122948034277549
3.1178877587553648
3.1234192163344812
3.1288587934512364
3.1342270855194085
3.1394716151179565
3.1446394660128982
3.1496449156871984
3.1545878177242139
3.1593080927477786
3.1640151003759995
3.1685359873675027
3.1730536550704787
3.1772480807275949
3.1814793067939675
3.1853500827497356
3.1892454970803641
3.1924744625150399
3.1958831062978859
3.1984115225377936
3.2012156092221522
3.2029418361431885
3.2050244613170098
3.2058207831606258
3.2070314892782656
3.2067350781231636
3.2068679833825668
3.2052537382912618
3.2040186932638917
3.2007323006208956
3.1978823934767231
3.192128207435887
3.1858538823234013
3.17602810032467
3.1653619214412418
3.150451146946589
3.1344700562895014
3.1130527074977743
3.0911085660476987
3.0744173720498376
3.0187769398898139
2.9464830428540121
2.8613779478256784
2.7814568795643986
2.6828128237856621
2.5436509207656761
2.3436299186948921
2.0876086954764999
2.9409848869721986
2.9413062208478888
2.9421650571823355
2.9436145974969077
2.945311147383098
2.9468210992566668
2.9480881106809576
2.9496109530217649
2.9516605879683233
2.9542783361135094
2.9570828667208344
2.9601268764621738
2.9637639233620514
2.9677836501775383
2.972254975405642
2.9770663468846008
2.9821658087908065
2.9874493577146519
2.9928785731907821
2.9983903728521804
3.0040147873124083
3.0097436593640667
3.0155610701201385
3.0214601649276136
3.0274345681649675
3.0334802177043976
3.0395931333965942
3.0457696711469517
3.0520058350884929
3.0582970893905488
3.0646383456894464
3.0710241958351947
3.0774482824266047
3.0839047287974637
3.0903861663565215
3.0968866705711213
3.1033981568948317
3.1099149452163211
3.1164280586330069
3.1229318007299343
3.1294171870038889
3.135876337724532
3.1423037930398658
3.1486846374362401
3.1550198959173064
3.1612858261834473
3.1674922514006547
3.173601714422575
3.1796392026590063
3.1855475059188247
3.1913742451410014
3.197032353856649
3.2026054867196274
3.2079666251328645
3.2132371038951351
3.2182592936560019
3.2231938534347488
3.2278581025890358
3.2326114133042845
3.237001725419113
3.2414275123687268
3.245438395280952
3.2495550214604711
3.2527481594460039
3.2562474023882806
3.2585773925510249
3.2613088412077476
3.2626460703281865
3.2644555439321015
3.26463413895836
3.2653139820940784
3.2641093247567468
3.2633687097731459
3.2604254416592493
3.2580217963412488
3.2525247866669078
3.2466282433872813
3.2369703854539584
3.2266208957590163
3.211856859293396
3.196166173405576
3.1748922358455638
3.1534444206809451
3.1362471641718721
3.0801723463555577
3.0053868650937599
2.916136182323068
2.8326084484556691
2.7272521478976874
2.5851449523385996
2.3720901007353206
2.0942738419322264
2.9453805590156117
2.9469648381733982
2.949593636378244
2.953831483977249
2.9577467310394199
2.9607039349428108
2.9630423141676352
2.9657074591218286
2.969022850619182
2.9732245860229112
2.9773510606880764
2.9818126417953343
2.9869056706259296
2.9924085543841845
2.9983131780525816
3.0044944854052842
3.0108421161455863
3.0172552689559526
3.0236264552583081
3.0299674933408203
3.0363630015333993
3.0428194438683462
3.0493318045154458
3.055901797507349
3.06252997735622
3.0692179000355795
3.0759667034360234
3.0827768126968453
3.0896478745963485
3.0965784228089195
3.1035657809425565
3.1106068654821164
3.1176965826662868
3.1248308509055218
3.1320025368481388
3.1392069017961872
3.1464354031003285
3.1536828557510939
3.1609390579184349
3.1681983802936635
3.1754514581051581
3.1826867896143245
3.189902908872865
3.1970757442947257
3.204214912404058
3.2112826206571436
3.2183020640179656
3.2252158213848481
3.2320682404701948
3.2387754637113
3.2454132487520022
3.2518553067006106
3.25823191421803
3.26434918405121
3.2704207218931449
3.2761508334282285
3.2818789549560776
3.2871561891741621
3.2925097911472059
3.2973017215056903
3.3023742186666283
3.3069637305317925
3.3117210829553301
3.315862354943802
3.3202836788203816
3.3234059497036426
3.3269972775222865
3.3290298365109114
3.3316174607392472
3.3323928512200407
3.333772985465727
3.3330736807160428
3.3329595100637905
3.3304300703192209
3.3285849807208558
3.3233807219593077
3.317946537489564
3.3084423371540037
3.2984593931796273
3.2838002393317023
3.2684270136541311
3.2472310239692281
3.2262078928782914
3.2090780511283676
3.1523805772449802
3.0738005332054827
2.9799526986048637
2.8918276139697108
2.7783058581829754
2.6322227330070049
2.408057312628451
2.0999015495257929
2.9590112028833353
2.9625897682564513
2.9673596084612357
2.9745059495896315
2.9804154826276901
2.9845644092011034
2.9877994445520684
2.9915306711982432
2.9960565807469663
3.0017420816097058
3.0071080963854255
3.0128878862634965
3.0192955259836971
3.0261081412658291
3.0332397675768177
3.0405496093443656
3.0478577745859976
3.0550308211651735
3.0620602813818958
3.0690655382226115
3.0761138316193306
3.0832120636036047
3.090358806054315
3.0975588783946115
3.1048159873188514
3.1121345469137216
3.1195187927287669
3.126971776889695
3.1344959090487916
3.1420924776807024
3.1497610648430072
3.1575014652363347
3.1653100517045503
3.173185439815164
3.1811211671215451
3.1891145686111151
3.1971569802943565
3.2052444150593238
3.213366126680604
3.2215150400725796
3.2296843596665044
3.2378536955285124
3.2460318126527321
3.2541764009486749
3.2623149617941896
3.2703827545184354
3.2784292379148119
3.2863603242080122
3.294256009390983
3.3019851100514326
3.3096726932313056
3.317126431722154
3.3245520869711465
3.3316570074995209
3.3387734402360625
3.3454582402690636
3.3522247371861043
3.358419579924949
3.3648053057600436
3.3704356274249951
3.3764158019069712
3.3814126619451068
3.3870540341360771
3.3919240151505687
3.3973592927540581
3.4016385058538394
3.4064364290934455
3.4094088694347193
3.4130364156627664
3.4145957368548676
3.4169010442304462
3.4168687127112665
3.4175861899087372
3.4156112604725806
3.4145139067924895
3.4097042392264747
3.4048911440603313
3.395570511535889
3.3860811399754835
3.3714830407015834
3.3565260332939979
3.3353158085005119
3.3145317974113975
3.2975490614893386
3.2388014938734306
3.15634705312196
3.0579077468287639
2.9624520840566819
2.8389325268544043
2.6891897917541652
2.4510440789564893
2.1163079990898477
2.9861172660715796
2.9910166335571238
2.9976395239920852
3.0068341769927485
3.0143337893022761
3.0195449674080077
3.0234356577111203
3.0280549276665591
3.0335578719553284
3.0406327007586205
3.047123066655252
3.0540827670423711
3.0616372067049227
3.0695620296812058
3.0776527162742937
3.0857484225070091
3.0937634149282611
3.101609790584714
3.109405814478746
3.1171648772511062
3.1249640441689404
3.1328123215969477
3.1407096180074352
3.1486614028771833
3.156672897233308
3.1647494721637908
3.1728971508853538
3.1811207955902105
3.1894252000365895
3.1978148491102267
3.2062921630752435
3.2148612794606368
3.2235215108354924
3.2322759737828086
3.2411211339428165
3.2500579816901474
3.259080424527717
3.2681865292978221
3.2773691098250919
3.2866172097937776
3.2959339337034437
3.305282638186557
3.3146926374949981
3.3240917024520189
3.3335381449542671
3.342924581634529
3.3523420503650589
3.361641826600946
3.3709555510830227
3.3800859945992823
3.3892222835486909
3.3980895442532733
3.4069806574391639
3.4154941855762115
3.4240836232915459
3.4321622997018637
3.4404021019714781
3.4479672513905562
3.4558169740192288
3.4627949547284453
3.4702177015075848
3.4765344308653128
3.4834836609907462
3.4890620491312601
3.4956421840334211
3.5012142197260623
3.5074575609251117
3.5115595617171751
3.5164926058319881
3.519069986333887
3.5226119345559082
3.5235244260361518
3.5254155726676157
3.5242929174789279
3.5242991003486166
3.5201598891084198
3.5162948097811828
3.5073519539950055
3.4986805939666241
3.484138667487465
3.4699212182747794
3.4486003380372132
3.4282773322530979
3.4115490647195865
3.3499572149043795
3.2611516560889888
3.1572359511011205
3.0517216334690862
2.9143566673948764
2.7613493995277469
2.501276333083216
2.1442605300705257
3.0285060228159253
3.0343387390718779
3.042545819795087
3.0531328751196676
3.0618697419606109
3.0679201692268099
3.0721905276322334
3.0774809265243568
3.0837088733194524
3.0920611730335894
3.0995810451917474
3.1075329365861037
3.1159730972438888
3.1246341459743006
3.133434229560887
3.1422741348957124
3.1511665156718669
3.1599860501216508
3.1687645288918187
3.1775151017850245
3.1863271286110795
3.1952061807283938
3.2041498279507885
3.2131605625729787
3.222242324693446
3.2313987681936287
3.2406352661939426
3.2499564419030773
3.2593674555335328
3.2688748605488884
3.2784833409198648
3.288201580714972
3.2980335185368839
3.3079878962759546
3.3180679189395135
3.3282793833266426
3.338624995489087
3.3491044357588211
3.3597236773323371
3.3704638170851187
3.3813502201658481
3.3923228958372023
3.4034441572423293
3.4146021867784366
3.4258984878420318
3.4371714494109731
3.4485657005299641
3.4598648162338779
3.4712650746785756
3.4824844641299064
3.4937933908722365
3.5048149726289424
3.5159428118959202
3.5266480144143522
3.5375157533453949
3.5477929257054708
3.5583266468259898
3.5680723503729297
3.5782117428598088
3.5873335703521199
3.5970137331896832
3.6054297021749036
3.614556730646469
3.6221839506509363
3.6305873770608312
3.6372309584818576
3.6447635441072546
3.6500484067270036
3.656520033828019
3.6605050204055209
3.66574652429142
3.6681697473776715
3.6718228761899603
3.6721946662536489
3.6739842626994079
3.6711482858505122
3.6689622847483672
3.6608939328849748
3.6538293420004266
3.6395971407995966
3.6269248059978056
3.6055440277195707
3.5864409792522167
3.5706183624199386
3.5042392942253975
3.4058508652108235
3.2942187369935687
3.174682421990922
3.0210167635282148
2.860489608704976
2.5658700548677702
2.1889634355159133
3.0910348794720717
3.0979205818378737
3.1075093723162457
3.1196015219542454
3.128858207358717
3.1352297797917892
3.1395151470383644
3.1455320327591663
3.1524137673027002
3.1618465802411455
3.1700861132609233
3.1786464752206611
3.1877222103867697
3.1970909931372304
3.2068424705082146
3.216822323925391
3.2269420404012972
3.2370456015139184
3.2471790562950567
3.2573433615023499
3.2676401668414909
3.2780680316748159
3.2886169713051077
3.2992817225290776
3.3100600325449925
3.3209497726536581
3.3319512312011899
3.3430649705903575
3.3542922430444353
3.3656375795118256
3.3771050671376193
3.388704468744614
3.4004450622016655
3.4123388313506431
3.4244006835857399
3.4366399546404032
3.4490788727157824
3.4617145947946732
3.4745831959816837
3.4876524338283712
3.5009840065700151
3.5144957402688868
3.52828617421333
3.5422145232436137
3.5564194693369755
3.5706974223235806
3.5852329244926144
3.5997497516788801
3.6145028692696992
3.6291150138374975
3.6439570090567925
3.6585046900530607
3.6733004353366789
3.687636947735339
3.7022245877331201
3.7160951461350713
3.7303003184192915
3.743500917666557
3.7572035919048097
3.7695619078771752
3.782663938354228
3.7940164109434971
3.8064172752958267
3.8165606368188212
3.8275332181388197
3.8355374297093277
3.8445383611243997
3.8516550416445012
3.8601774683767838
3.8664879533251595
3.8740621589703959
3.8791084652773895
3.8852243191583344
3.8883512495816102
3.8926932424121055
3.8925762542751765
3.8929383806288387
3.8872064326901241
3.8827510329525663
3.8701480481728772
3.8603215205081707
3.8395308457269537
3.8235010660805147
3.810871047924278
3.7382255405174214
3.6277049955707295
3.5020910224210478
3.3665457685615174
3.1983668710880764
3.0188773693111033
2.6681869564504828
2.2768821808230757
3.1878089786107018
3.19492446209523
3.2053593791141712
3.2196383512117719
3.2294711774402027
3.2346773596730638
3.2378522138181629
3.2444365505896871
3.2515916865575236
3.262124082331697
3.2713285545758697
3.2809780717042827
3.2913725826098674
3.3023035691424147
3.3137304987613372
3.3255082783796852
3.3375685365440533
3.3497197035379225
3.3620417563650093
3.3745212803397862
3.3872852617349021
3.4003284160379543
3.4136317424526039
3.4271809668483626
3.440962359137516
3.4549631202443694
3.4691718247612582
3.4835793612534514
3.4981766304028672
3.5129584510310945
3.5279224378744343
3.5430705367861464
3.5584140392740653
3.5739612696925263
3.5897437560574423
3.6057648548416323
3.6220799778192982
3.6386727608010339
3.6556252165568646
3.6728874547019053
3.6905632061641458
3.7085689424232564
3.7270115518990119
3.7457712878851619
3.7649578196036888
3.7844015122627264
3.8042366443619664
3.8242011054119565
3.8445441126773501
3.8647842604610037
3.8854455980764837
3.9056762312467792
3.926441607691372
3.9463885433118162
3.966311469530762
3.9851431915453963
4.0040209204836019
4.0215256833442146
4.0392198602494274
4.0552586834074011
4.0716506555950511
4.0861488379146813
4.1011357166332312
4.1139104333240288
4.1268395288041297
4.1377009563119422
4.1496534337946693
4.16023889154049
4.1717313250325851
4.1817293965162783
4.1923460139570228
4.2012973090667494
4.2105990614207869
4.217753852282061
4.2255434254500477
4.2295181724721935
4.2337052224578366
4.2316962745538351
4.2315308141178125
4.2217332786174904
4.2167899286347463
4.1973972745058834
4.1872193291389879
4.1811949776962987
4.1026557894597602
3.9818123925551312
3.8396261265750824
3.6842741581479892
3.496538798432169
3.2937303935580462
2.8590081862960735
2.4444363359925245
3.347770045940702
3.353351205839016
3.3641867915186072
3.3830668872656804
3.3942991023971287
3.4000915158975515
3.4026257529248891
3.4092075494542775
3.4175654282476438
3.4320722551751635
3.4447117497272908
3.4578201791216836
3.4717775083355202
3.4864087957579115
3.5017054117679605
3.5175098168467556
3.5337806641726632
3.5502761588890395
3.567153405038102
3.5843841214840899
3.6021562607738131
3.6204757229550268
3.6393253723309757
3.6586829469552411
3.6785192893450778
3.6988066767981227
3.7195112705436486
3.7406020058608522
3.7620449081024772
3.7838064836694296
3.805861685115083
3.8281807049830805
3.850763002776397
3.8735859848688712
3.896690338047192
3.9200486322166919
3.9437530345098208
3.9677531499317569
3.9921808385185122
4.0169686570877765
4.0422321509719374
4.0679291330164666
4.0940909831739605
4.1207038879230558
4.1477115157238593
4.1750942684581718
4.2027691200376243
4.2306050272685036
4.2586852925413687
4.2865088106227089
4.3146380029413516
4.3419637480222226
4.369727962488029
4.395963053991979
4.4216818907049005
4.4459221998322613
4.4697164612762172
4.4919053586659983
4.5137328336920408
4.5339335371800935
4.5537538621843545
4.5721298138775008
4.5899446057761919
4.6067149655403759
4.6239563574950671
4.6404406191424483
4.6570410750284319
4.673075458838559
4.688901039866284
4.7042476725895463
4.7190618366617247
4.7332068452829841
4.7467728884537239
4.7588013214619016
4.7714190834944707
4.7797069803694985
4.7895039153760361
4.7902367837713919
4.796667668079432
4.7870967741350565
4.7902907678547182
4.7681720949569577
4.7664997275581547
4.7705667932131144
4.6771232574194412
4.5438849537274768
4.3790654030403271
4.1953971242577461
3.9721608495916674
3.7543098255897256
3.2207482902879074
2.7423058471081898
3.737480240977384
3.7592655892649405
3.7758499355792323
3.8054908779720731
3.8284419553642683
3.8454649614749434
3.8533884330305495
3.873261466703017
3.8960973484443833
3.9212968016357852
3.9436045740322943
3.9676781910095418
3.9937477523548095
4.0213843099075843
4.0503694565846029
4.0803113235496813
4.1109613616236276
4.1418525412402563
4.1730386785767823
4.2048670093697318
4.2377690379322566
4.2717649467707188
4.3068369572447169
4.3429441057127969
4.3800263956263663
4.4179957140376604
4.4567579301477709
4.4961897448707449
4.5361820038358571
4.5765889725737763
4.6173107096531725
4.6581996551491329
4.6991982048470602
4.7401811163950436
4.7811637361696331
4.8220459150001176
4.8629291724006407
4.9037117902686038
4.9445712843550069
4.9853778831792894
5.0263320119727259
5.0672701412362846
5.108358397141032
5.14935258218628
5.1904314692729603
5.2311680569562959
5.2718391106244908
5.3118019265400305
5.3514667987815727
5.3900277590724377
5.4279353634957381
5.4646042173010745
5.49993768714317
5.5345225693945705
5.5695618737377677
5.6034711546183615
5.6378760688375387
5.6708654591216163
5.7045359311653439
5.7366312619082276
5.7696517246057395
5.8008497303782987
5.8332423213118263
5.8634339018799633
5.8951258961683566
5.9241685142657206
5.9551123949135167
5.9826290504522062
6.0126931737042559
6.0380209597456762
6.0670822223930783
6.0893154013213806
6.1174165032275827
6.1352197566096329
6.1633313994281922
6.1748122304892892
6.2021083889528219
6.2020876237737701
6.2271056875271373
6.2120861491263817
6.2331999809487311
6.2016343062870662
6.2138763795928575
6.2149364228233308
6.143018800162344
6.0071647222632256
5.8144291053026285
5.6033920595979634
5.3001718679462702
5.0094907106805557
4.38435592636114
3.4658933768535904
2.1190306590712988
1.9860527169458935
1.8368081341261482
1.6887658472017895
1.5492146065236516
1.41310688144367
1.2859950315354722
1.1679225547793926
1.0558109873455954
0.95256105644512779
0.85856296816550282
0.77281790006177575
0.69745376144721016
0.63366416640783663
0.57730568225559675
0.52577234502029491
0.48211447939405605
0.44789561611975526
0.41942297012871571
0.39319815319755347
0.37006862436341098
0.35229608041885135
0.3384621912593358
0.32549398051549311
0.31244034887198052
0.30024053764451608
0.28943120383142945
0.27879785584699973
0.26743648207062315
0.25565981191678577
0.24415445630405994
0.2327034308985298
0.2208291975066359
0.20896457581003428
0.19759522741440422
0.18632014364883184
0.17523779493018721
0.16461008213118472
0.15460024358500091
0.1479415532484965
2.0953181931403608
1.96876889828636
1.8286212954308823
1.6899862795884748
1.561219004387256
1.4359979376171261
1.3176159324559693
1.2087583514466531
1.1064209828639942
1.0090016122783554
0.91795181491002442
0.83743017459808877
0.76689628506212515
0.70208636474979058
0.64293060734068308
0.59221991244420302
0.54919905961311544
0.51062851885093241
0.47594551842947985
0.44660300267399577
0.42207795628994454
0.40026204844194874
0.3802131370454509
0.36248671546374528
0.34740004500584376
0.33374973764285809
0.32022064583334725
0.30681563793716526
0.2942230175769151
0.28252482150217312
0.27079172565570919
0.25871467257844671
0.24683488430220138
0.23533153985518818
0.22402145535220569
0.2127112640061303
0.20173194189290741
0.19110967768996415
0.18098804006156849
0.17097526190738668
2.0868740322344421
1.958857962145206
1.8185286753685732
1.6797942029645099
1.550112684845615
1.4259760283673839
1.3109563486961615
1.2026703929475413
1.0982862741307178
1.0020724205949771
0.91582645719104305
0.83810488705504183
0.76630251317393472
0.7008379817517929
0.64447053602689941
0.59683608483936645
0.55436313175377927
0.51489446296788099
0.47954876471193802
0.45028287867970879
0.42637032366384264
0.40481816869745463
0.38419657736751495
0.36520852639408929
0.34897152694701006
0.33507006272322271
0.32172301964419586
0.30810460877090956
0.29478437387198908
0.28250095005132558
0.27081403369763657
0.2588932247496189
0.24690371598164093
0.23538291089756633
0.22417970002831764
0.21296302421389948
0.20217771289659722
0.19171074278087732
0.18184006742376929
0.172972568324301
2.0741005341837342
1.9433750818232525
1.8014897336195985
1.6658793023345475
1.5385611169748885
1.411900309589375
1.2981263895732575
1.1964218789924659
1.0948076575163943
0.99698658380321492
0.9112612330689811
0.83760490074060134
0.76993073405508128
0.70615254173492337
0.64970683259943884
0.60275961059473648
0.56261759885382989
0.5256371978795038
0.49126740241287953
0.46128678177153953
0.43675945068730887
0.41557431612652462
0.39539954053208215
0.37630496443214245
0.35903010922094847
0.34351559016026578
0.32908884577242342
0.31514744587042998
0.30144035287478216
0.28823001377355917
0.27573555333963273
0.2636503445662991
0.25150676868274813
0.23944243771026674
0.22800891320850458
0.2169858014966029
0.2062761815962732
0.19560654078024459
0.18562394179135253
0.1766408722588354
2.0604700832491871
1.9276816796426217
1.7827280917756065
1.6442415769557752
1.5200138781911643
1.3975275993067964
1.2805548339562476
1.1766158852058279
1.0807630440142451
0.98834690752701082
0.90196467080970433
0.82760954138461063
0.76322316032061288
0.70390484017833743
0.65038593431878577
0.60465817412913747
0.56468567222867405
0.52822532739038963
0.49602670247260294
0.46835348156782558
0.44345394671982707
0.42021382281810782
0.39924312202094614
0.38097826256677819
0.36417254173697544
0.34763612263258997
0.33148371848680452
0.31654859916248146
0.30303881594488635
0.28980451589092593
0.27639689378768334
0.26348648776579031
0.25123416678371113
0.23941001304892306
0.22781990310102732
0.21631250149037196
0.20553414707522802
0.19508080608002154
0.18531846937615656
0.17652719468825567
2.0440119528601799
1.9062287610522515
1.7621297637814293
1.6243529962128147
1.4955050866344375
1.3738760169581836
1.2637921953416795
1.1603080343828092
1.0612811164378819
0.97225491399951958
0.89231138176540703
0.82039459017884564
0.75573597346638621
0.69856747876242342
0.64965095680172136
0.60689682330375838
0.56752951540086516
0.53144726978563372
0.50038249501006316
0.47414974035571389
0.45018019240820417
0.42700859471525737
0.40512639552062901
0.38563341812103918
0.36843403597740604
0.35198147233147514
0.33533704717646146
0.31933486885261569
0.30486016298317709
0.29106761089224009
0.27739943531343403
0.26422288896793406
0.25159825732025293
0.23951993617826253
0.22785808404199023
0.21627532889468268
0.20543997893368013
0.19500176324081758
0.1853697066907769
0.1766534889579745
2.0279598348553445
1.8832391704173332
1.7344762330117176
1.6012116515918156
1.4753685383668784
1.3479858916409087
1.2375931793880102
1.1415060957440493
1.0452688005624517
0.95491485682698707
0.87741570505686717
0.81055290051509354
0.74941210315036366
0.69412053493100256
0.64706945958506823
0.60687134316593083
0.5701782185726163
0.53568297462761338
0.50460830563579451
0.4781420408206396
0.45490690546559714
0.43251040813861447
0.41030170331280119
0.38942816042372491
0.37109356017751177
0.35428031052664583
0.33742486168372215
0.32092946852720494
0.30548659586191357
0.29098055539109696
0.27713341043228223
0.26374889380713479
0.25083884108144811
0.2385866103911905
0.22682501549623216
0.21517996675361814
0.20437766806544963
0.19397292776842145
0.18445007396211166
0.17589383187125304
2.0088501838617732
1.8609700780558291
1.7075692375156066
1.5709529332845813
1.4487460198108086
1.3251649591799342
1.2130771066309447
1.1177337025972023
1.0258162937061697
0.93855240439026655
0.86319495121664791
0.80001988634765386
0.74318737805771062
0.69056594770147728
0.64482462402212948
0.60661941757031224
0.57272444328939254
0.54022616055427886
0.50937233072612664
0.48213795438785967
0.45880004424157084
0.4367701066872523
0.41446462927825523
0.39298206838548166
0.37380320414424345
0.35595065538138415
0.33856064951758325
0.32188601430597696
0.30583007361445858
0.29070649121947428
0.27667806474963019
0.2631907287607621
0.25000933619887494
0.23756685315492998
0.22577258954918578
0.21408353946272954
0.20329171200952889
0.19294226644597506
0.18352791483219325
0.17508282048618495
1.9868622618208056
1.8336624476368011
1.6817471882784982
1.5445845732429881
1.4174757658808206
1.2962650280895098
1.1903851919596067
1.0957242059123391
1.0041815349063847
0.92144203824492921
0.85091844020944962
0.79083257338083435
0.7364537315782923
0.68659742587043382
0.6438085731842742
0.60794941955690462
0.57537006784939138
0.54350708741726428
0.51305858513788505
0.48619772395855582
0.46281475153534601
0.4401407059139516
0.41715217324279485
0.39543785569775469
0.37581804519375472
0.35709666679390484
0.33909389560441544
0.3221370674353517
0.30578512559956178
0.29023140958467819
0.27588578031673883
0.26223502202919508
0.24892218833607174
0.23636667610508866
0.22450813916780699
0.21280717203968552
0.20201993074594696
0.19167608649290285
0.18236656363353299
0.17407292672309527
1.9660818774232662
1.8045990686492968
1.6494581950627309
1.5185490940215487
1.3941928999753781
1.2670985744619236
1.1614053497686507
1.0742937682565903
0.98779042710702558
0.90630527153534901
0.83793962375062292
0.78185786869303875
0.73151858169854234
0.68469585468210892
0.6439610620961963
0.60949862135863897
0.57777574126152631
0.54647389820012271
0.51659678059917435
0.49014444513444788
0.4661481681199085
0.44236889309137523
0.41890208186852224
0.39733011733691065
0.3772502403866706
0.3576991807304421
0.3391528152273155
0.32203583280954212
0.30558150167966541
0.28966925644423663
0.27496584101601107
0.26123535742580367
0.24786851991561801
0.23517576871505988
0.22327330434798967
0.2115635348154786
0.2007655231574306
0.19045445586003723
0.18124646501327421
0.17307907975254286
1.945415427729261
1.7800536803373559
1.6176413924953477
1.4855565453486947
1.3702354286087286
1.2474932118391149
1.1364875852886775
1.0498033402947726
0.97122518311949468
0.89518047604682438
0.82870485182850884
0.77501167436980301
0.72801069747322267
0.68416942501366995
0.64549636096712226
0.61200808833143583
0.58044050580390971
0.54928130809069775
0.52009059351253517
0.49392006544533895
0.46890722219678016
0.44405131988364166
0.42052665250932542
0.39903960957600049
0.37836733451143645
0.35815925122309689
0.33931241591952693
0.32207379354475874
0.30542637354352575
0.28921319208990071
0.2742386444050568
0.2603829980365035
0.24701882525865249
0.23421437272460763
0.22220875004520207
0.21050877115994715
0.19976194332440841
0.18942328616534032
0.1802729235985282
0.17222935596365938
1.9232956070083354
1.7582560150871129
1.5950378674174777
1.4559534388422217
1.3404728479431594
1.2285509216585364
1.1220249935824707
1.0321101829285817
0.95510207246670298
0.88552976347989554
0.8234887458294744
0.7719795620838108
0.72690532244053041
0.68563421824287929
0.64904721552087874
0.61597831136598746
0.58397295198174715
0.55282574376575733
0.52418572620325399
0.49771517309849633
0.47163232022148455
0.44614186666781547
0.42272847420568394
0.40099395447693609
0.3796268309713634
0.35888469518680965
0.33989481959700102
0.32257373648500764
0.30571498212835285
0.28923130720714346
0.27403278262917474
0.26004692997165718
0.2466871569747065
0.23382192029932547
0.22172406868164249
0.2099385561002502
0.19926800273052769
0.18892907554349503
0.17976708255873206
0.1717611525514004
1.9042898680268838
1.7359619745272448
1.5792178181827106
1.4397841797364102
1.3161507302301962
1.2058147005289006
1.1106077094915865
1.0238098806895426
0.94447249933510058
0.87903494485364075
0.82291139429544702
0.7731457075251903
0.72898033583924349
0.69024672413296595
0.65552507957005335
0.62198363437633208
0.58886510776440282
0.55776242768920259
0.52967060695874235
0.50265232784703195
0.47552125317835703
0.44931034298637024
0.42556213497977075
0.40370743681917237
0.3821558714584769
0.36092702473471933
0.34138277449303778
0.32369156033274227
0.30683757776677906
0.29035968114464095
0.27484812486260579
0.26053841197615984
0.24715940426414881
0.23428687014854371
0.22207584394542307
0.21021836200556163
0.19955908387902488
0.18916830958870623
0.17997438983400102
0.17193963349685737
1.8933258347483148
1.7153395089244845
1.5604752224188083
1.4295358392289017
1.3046835108698738
1.1861043622279837
1.0955263061179121
1.0182622573235931
0.94150175365973787
0.87664461335270094
0.82437750112927632
0.7782343420876624
0.7355861949613024
0.69710679947597121
0.66261637492091729
0.62949255144759775
0.59637172605319277
0.56440641538436997
0.53522629012127931
0.5079871241694609
0.48095391957153649
0.45409450301030757
0.42915269138543427
0.406952267876457
0.38546530640045967
0.36401705881813717
0.34409014679046235
0.32582000053518895
0.30860577552898527
0.29210738957747473
0.27652716072960321
0.26201817657086135
0.24843929918276564
0.23546895004929858
0.22317571406269612
0.2112140382647667
0.20047484513582448
0.19002095089120868
0.18080534486960664
0.17275689691129834
1.8868952465335229
1.6997167726528764
1.5379632160061649
1.4137265492610576
1.2977083356949011
1.1751694685353471
1.0807556730337522
1.0104095297119478
0.94185742938824113
0.87885502340761612
0.82737320514455226
0.78447267076742599
0.74434598073006875
0.70583259610332671
0.67052403313349396
0.63760227542145542
0.60472949854539915
0.57192897888664351
0.54154201419876613
0.51388410707235499
0.48661437174642025
0.45928184189532378
0.43379320766883483
0.41087974931006344
0.38895333377322583
0.36733975222948778
0.34713834738148119
0.32854485721025994
0.31098741984213707
0.29421329154141729
0.27856578414613919
0.26392889749970699
0.25007753206489902
0.2369780118895205
0.22464188850646102
0.21255782774707752
0.20170957887011723
0.19117067629041662
0.18191033029963213
0.17394238529844253
1.8806227810763192
1.6898443702349899
1.5188517468895744
1.3933183858842768
1.2868511381386407
1.1703927311432152
1.0727169500083533
1.0031454708921745
0.94235530229561215
0.88476841491493796
0.83376567939220803
0.79181866332007111
0.75375293962714296
0.71572317816330433
0.67945406140584486
0.64606069960802492
0.61291097257588878
0.57943101277584563
0.5484955271357963
0.52025661542607149
0.49200659935680768
0.46426222090056252
0.43912581995483974
0.41518105284046197
0.39229129910306287
0.37094034042476021
0.35066875274004888
0.33140236097390241
0.31361279128032737
0.29680297475000345
0.28085425992868357
0.26596947974945589
0.25206884364214188
0.23885184203468063
0.22632087337741372
0.21408652919029161
0.20318173083425589
0.19255782961446591
0.18322272669126041
0.17541707301580531
1.8711707913771127
1.6822174304269226
1.5069369137188764
1.3749357917703429
1.2720590522721797
1.1653237346033816
1.0706747288723659
1.0003748523097142
0.94366520229663098
0.89205942610802902
0.84317730306702765
0.80105348528013753
0.76362593325302142
0.72590750616302535
0.68919146328788505
0.65486680177787626
0.6208667420802727
0.58705135117753993
0.55578537359253288
0.52658349343841404
0.49764283213690491
0.46959720289603746
0.44407943194817817
0.41981096922708028
0.39658770958649875
0.37463903201321985
0.35413384219930993
0.33485659005801821
0.31674325771970291
0.29953753961774893
0.28348025010137951
0.26849278225032375
0.2543639382944517
0.24094169901186785
0.22831471108595983
0.21595248474875306
0.20494500320298689
0.19419509866462986
0.18479747458854995
0.1772900531710466
1.8578999573326906
1.6697708921344336
1.5009674359537699
1.3645773636340148
1.2579866053693691
1.1582670132157162
1.0708037020403665
1.0028305317626853
0.94865305663123223
0.90085062557503071
0.85409876262776985
0.81207037526011583
0.77450591811443947
0.73687624093017778
0.69990748403276537
0.66372795316559585
0.6286270738320372
0.59586946190212531
0.56422472517119682
0.53247705648598476
0.50319554774597963
0.47626616143093248
0.44991008676325422
0.42440254212788692
0.40109905736455959
0.3792315217239674
0.35827495283025301
0.33848070073014641
0.32019312804505828
0.3028806773940797
0.28658170872236094
0.27128841436701329
0.25698948472994548
0.24344686515509167
0.23070301803310428
0.21815875644503127
0.20704619906560531
0.19615387250752719
0.18670507248369977
0.17979274737915954
1.8505136707558387
1.651067406608012
1.4920885329417091
1.3641532141210531
1.251552828239954
1.1508361561460065
1.0722764576153532
1.0098169882035304
0.95745152046432436
0.91178296063293007
0.86668094076662594
0.8247097472381687
0.78637952584811255
0.74854456898975175
0.71098091127886531
0.67371361734055069
0.63788080069037145
0.60467588809097284
0.57244689952685246
0.53998258957059231
0.5099609708843873
0.48279250522567857
0.45621691434179984
0.43012240010364178
0.40621168397964813
0.38410133880994451
0.36300553337010322
0.34291491322432271
0.32418081728751685
0.30660942906198108
0.29020817272427157
0.27472101809324101
0.26013798746333666
0.2464285160510962
0.2335608218323435
0.22084857462069518
0.20959037792781221
0.19853975159903808
0.18904086657462069
0.1830445788151496
1.8538816713605721
1.6432451509112527
1.477420398865344
1.3628874247326459
1.2574991736673669
1.1502014076636067
1.074378644878843
1.0208215543830639
0.97204220353818915
0.92494222493328693
0.87969184642041209
0.83959711673376636
0.80175289436792696
0.76169548774333129
0.72212677290719562
0.6851444574500255
0.64941333812758173
0.6145270472496186
0.58086129148695742
0.54877792078298415
0.51880502843396337
0.49018650205464787
0.46268309858614931
0.43689395016435356
0.41282200719124829
0.38986118182938834
0.36825392522452099
0.34814131943717902
0.32915154344589015
0.31117669680864768
0.29447168505402221
0.27880743620915088
0.26400804853460663
0.25012831804665042
0.23704086456345189
0.22414142102528686
0.21273656450498821
0.20152659539156115
0.1919605047674352
0.18716290658893958
1.8529688929959973
1.6477524193940403
1.4762665266801955
1.3567142796721519
1.2594629367466197
1.160955110399051
1.0855892388160964
1.0332810234203402
0.98823255334611571
0.94309295284999783
0.89811321603147687
0.85738224886231407
0.81709482675058376
0.77589348573589423
0.7368759522800109
0.69849895022969721
0.66148736815579756
0.62625519886162073
0.59183178973524053
0.5589287607622988
0.52848726992691397
0.49927711268993841
0.47116612915430472
0.44490040657004043
0.4204073428724861
0.3970472793871222
0.37507096318950994
0.35459119470307487
0.33525061275306889
0.31700238929435287
0.30002469331969761
0.28406144767835695
0.26898747102000359
0.25489160951766915
0.24158526494549262
0.228443377036325
0.21687385517889426
0.2053261163349959
0.19591626340629339
0.19257698224574588
1.8538169948710783
1.6473371359157387
1.4883065263415851
1.368176718521793
1.2660722198851069
1.1720570036441549
1.1038726173557087
1.0557670789724085
1.0104718200664409
0.96442536708967908
0.92053528279816654
0.87869133363706564
0.83583598313639962
0.79370776199090887
0.75459027954202684
0.71514722883685378
0.67656441358006492
0.64052308275326009
0.6054915546710864
0.57176541201443787
0.54041807526586272
0.51072396550183718
0.48197366810264824
0.45510690946368315
0.43004034533497709
0.40624843904348429
0.38376951981388757
0.36288159701809625
0.34307827821646292
0.32454713376541694
0.30717035567620621
0.29090974129889774
0.27553985018479771
0.26127064375210879
0.24761501357321736
0.23428560896843184
0.22250953946457291
0.21058793469793363
0.20238339745376771
0.20016563954970851
1.8730136570165885
1.65922403737663
1.5014024644406199
1.3877647811210629
1.2857278522711535
1.191456282501193
1.1305280574490253
1.0860961842134031
1.0418074837616047
0.99481044840580413
0.9489195454805307
0.90513043250405378
0.86068443664758565
0.81823432903110149
0.77729512758924657
0.73623454803997612
0.6967896425914929
0.65970596691382288
0.62346385184964725
0.58949732342135086
0.55719458770480068
0.5263459328653417
0.49694231309351194
0.46996855954560324
0.44397737718073027
0.41965755685347522
0.39674394272042401
0.37560278294467625
0.35514359244428478
0.33645432780876716
0.31860366178268384
0.30224157455052603
0.28644110311629756
0.27210648226290285
0.25800095720472904
0.24481064191061991
0.23250946753807192
0.22053530422576351
0.21402915018076285
0.21208187651028085
1.9047753921522605
1.6873946935982589
1.5332137230200225
1.4234667600076112
1.3226535811502871
1.2345990360191383
1.1769732762504272
1.1321769271197983
1.086721002890827
1.0379646220393677
0.99034195313191586
0.94404759782029368
0.89760735729377328
0.85401429781961247
0.81128529044388087
0.76869309988308077
0.72787517949707137
0.68964180554043297
0.6522149267209445
0.61757330196803906
0.58406852117530572
0.55252615418306961
0.5223443761804093
0.49486215097616004
0.46799394507772285
0.44341510116509864
0.41984948474052053
0.398278430880039
0.37711786775447376
0.35822225968163623
0.33971756342162707
0.32299591225323698
0.30650618898072779
0.29181408605972675
0.2769861651976408
0.26338667884663741
0.25028336820496438
0.23788157814037597
0.23312681117322789
0.23178414650772294
1.9719201488103311
1.7581589752639717
1.6096136724406489
1.498556973074842
1.3942118698310724
1.3094022452430196
1.2543667567938148
1.208718911001488
1.1611710732106042
1.109701763588218
1.0599812961981794
1.0104764286731491
0.96160351667543431
0.91692166801532837
0.87159592362150806
0.82694920410101813
0.78418931757717247
0.74477243458524034
0.70537305936631634
0.66943620068915177
0.63391628325534222
0.60126025318119236
0.56942707740719023
0.54066047663370342
0.51188850570591016
0.4860808474597656
0.4606202384519657
0.43750633161437702
0.41448399455804008
0.39409206054645257
0.37361777732831153
0.35522078086871245
0.33686105244305997
0.3204829508782791
0.30381533218480267
0.28847353086845157
0.27358465319639236
0.25940436832337771
0.25518836392229149
0.25895386507372709
2.1138507033259235
1.8957912229863632
1.7457872249033701
1.6300112970101641
1.5201292006546474
1.4382915937046321
1.3860364250027024
1.3410039991437019
1.2901289313013393
1.2367763736323349
1.1831067263709898
1.1307774473062187
1.0784452344887541
1.0309592055168626
0.97954203941398155
0.93159737375412244
0.88431288126899743
0.84073956688674023
0.79585560236291952
0.75567772887242057
0.71476663333905055
0.6777145938021274
0.64063522534148931
0.60714883524344354
0.5732871452777748
0.54305546990950926
0.51285557739459975
0.48546052023011682
0.45834468637496467
0.43403950336138475
0.40992999479129144
0.38804837284810101
0.36668545598152796
0.34720741642688341
0.32806704901095712
0.30989308341223848
0.2930419479445967
0.27617058129741551
0.27154849089361255
0.28764129541362266
2.3715565311955698
2.1233724109118275
1.9913585146012731
1.8316910084323312
1.7271949797091328
1.6480664333371899
1.600349868410093
1.5536174264357996
1.4959105886979467
1.4363216080251633
1.3717183768161734
1.3094462099289759
1.2467375447816484
1.1880748159133754
1.1249374273203705
1.0665315111445905
1.0082205709631926
0.95399337242325066
0.89868776921624216
0.84853103994717294
0.79846430728085205
0.7528260196553207
0.70765545326000778
0.66658865027650283
0.62638855951762429
0.58962038171425246
0.55398723592516452
0.52139052817823606
0.49017509765109435
0.46131733330493535
0.43389972367660984
0.40859627124186004
0.38471097475476418
0.36244936538157885
0.34139015340948597
0.32094038961866445
0.30316004047757633
0.28386935074621317
0.28112845857314295
0.31358426064963496
2.9576558804636237
2.6440146747796627
2.504861925103004
2.2956873352521834
2.130218846836446
2.046505117245029
1.9914427324190636
1.9209920716306932
1.8357161905459389
1.7446817171074251
1.652497651704087
1.5621932107900529
1.4768600754186001
1.3902151431992793
1.3083083298607627
1.2283122970287337
1.1526717746188044
1.0781626853974917
1.0101046607520652
0.94331078852113681
0.88246320477262585
0.82340143013940237
0.76990325442903873
0.71776377280531212
0.67119653827356496
0.62600985088994932
0.58538801406145202
0.54610528459883778
0.51129884669215309
0.47737749960658615
0.44720243606408711
0.41800608558380126
0.39217642168919981
0.36696503481376169
0.34437720938940763
0.32180493589390163
0.3020400935115195
0.28162859669544482
0.29174699035972129
0.34876648734872506
)
;

boundaryField
{
    inlet
    {
        type            calculated;
        value           nonuniform List<scalar> 
28
(
2.943137239994869
2.9431366836117694
2.9431385004534398
2.9431400693578076
2.9431429172914387
2.9431456368055833
2.9431491845409474
2.9431528337572335
2.9431571778564418
2.9431619106442595
2.9431675340144925
2.9431737746642876
2.943180620943298
2.9431898179970464
2.9432003413388985
2.9432124768439332
2.943224126491522
2.9432392393038489
2.9432521840637857
2.9432725469668131
2.943285895060987
2.9433162611272605
2.9433285573884138
2.943385122564214
2.9434167712210813
2.943691857089596
2.9450051405638709
2.9730674707271034
)
;
    }
    outlet
    {
        type            zeroGradient;
    }
    fluid_to_graphite
    {
        type            zeroGradient;
    }
    wedgeBack
    {
        type            wedge;
    }
    wedgeFront
    {
        type            wedge;
    }
    defaultFaces
    {
        type            empty;
    }
}


                                                                               
