# Probe 0 (0.151410366795 0.011821249472999999 0)
# Probe 1 (0.152401606784 0.011803651873 0)
# Time                   0                        1                       
1                        882.40700293299994       883.47729541399997      
1.0999999999999162       882.40700293299994       883.47729541399997      
1.2000000000000006       1034.7124691854758       1008.4380653405857      
1.2999999999999821       1114.811525389227        1075.2786513451638      
1.4000000000000004       1180.5332516891394       1132.1882619218613      
1.5000000000000044       1239.8002683645564       1184.6870127402751      
1.599999999999989        1295.4074142394873       1234.7169964785837      
1.7000000000000202       1348.0803982886612       1282.7993547918079      
1.8000000000000318       1398.4501966606251       1329.0149876892369      
1.9000000000000541       1447.2460866593829       1373.97887308906        
1.9999999999999818       1494.9458090997716       1418.0362309005855      
2.0999999999998722       1541.7789269207424       1461.400402231636       
2.1999999999999527       1586.2062702551759       1502.8294133769039      
2.299999999999911        1627.7784424915105       1541.7460487814706      
2.4000000000000337       1667.4639249102856       1578.889681282418       
2.4999999999999756       1705.6333049184818       1614.6867800228235      
2.6000000000000267       1742.5404556997864       1649.2925902772795      
2.7000000000000068       1778.3492476544195       1682.8879787160245      
2.8000000000000469       1813.0477158092538       1715.566381915361       
2.8999999999999422       1846.8458466921727       1747.4572303776108      
3.0000000000001066       1879.793420218072        1778.599365657109       
3.0999999999999646       1911.9524942733469       1808.9722261867194      
3.1999999999998558       1943.137615780852        1838.4221177504724      
3.3000000000000203       1973.1943364799433       1866.85024908641        
3.4000000000000004       2002.3830449243505       1894.4477393810203      
3.4999999999999858       2030.8245655219835       1921.3351628500052      
3.5999999999998451       2058.4659324748568       1947.5536578139224      
3.6999999999999749       2085.4766169328318       1973.2160706747809      
3.7999999999999372       2111.9918937690295       1998.4025606849295      
3.8999999999999955       2137.9618738318118       2023.1134792990329      
4.0000000000000826       2163.3960978058067       2047.3160366933962      
4.1000000000001595       2188.35568716751         2071.0247918996774      
4.2000000000000366       2212.8865041567242       2094.3300738893859      
4.2999999999998906       2236.9652030889797       2117.235342131627       
4.3999999999999311       2260.6167292031573       2139.7021426715323      
