                                                                               
                             
                                                                   
                                                            
                                          
                             
                                                                               
FoamFile
{
    format          ascii;
    class           volScalarField;
    location        1 / fluid;
    object          nut;
}
                                                                               

dimensions      [ 0 2 -1 0 0 0 0 ];

internalField   nonuniform List<scalar> 
4592
(
0.00614592
0.00614101
0.00613797
0.00613495
0.00613249
0.00613012
0.00612839
0.00612711
0.00612661
0.00612691
0.0061283
0.00613087
0.00613454
0.00613845
0.00598797
0.00525574
0.00464905
0.00413585
0.00370187
0.00333109
0.00301404
0.00274008
0.00250346
0.00229766
0.00211832
0.00196058
0.00182202
0.00169859
0.00158908
0.00149021
0.00140293
0.00132285
0.00614596
0.00614103
0.00613807
0.00613517
0.00613295
0.00613092
0.00612969
0.00612909
0.00612951
0.00613102
0.00613392
0.00613815
0.00614273
0.00555351
0.00484229
0.0042513
0.00376386
0.00335505
0.00301211
0.00272143
0.00247429
0.00226243
0.00207964
0.00192121
0.00178346
0.00166263
0.00155675
0.00146273
0.00137977
0.00130501
0.00123959
0.00118052
0.00614587
0.0061406
0.00613732
0.00613404
0.00613146
0.00612903
0.00612739
0.00612636
0.00612637
0.00612746
0.00612997
0.00613388
0.00613841
0.00558652
0.00485295
0.00424794
0.00375037
0.00333486
0.00298758
0.00269445
0.00244602
0.0022337
0.00205134
0.00189349
0.00175651
0.00163655
0.00153167
0.00143857
0.00135698
0.00128308
0.00121911
0.00116099
0.00614583
0.00614028
0.00613675
0.00613312
0.00613022
0.00612739
0.00612537
0.00612391
0.00612351
0.00612418
0.0061263
0.00612985
0.00613417
0.00549267
0.00476455
0.00416709
0.00367718
0.00326994
0.00293041
0.00264443
0.00240218
0.00219527
0.00201755
0.00186377
0.0017302
0.00161325
0.00151088
0.00142004
0.00134037
0.00126819
0.00120569
0.00114864
0.00614587
0.00614014
0.00613651
0.00613265
0.00612954
0.0061264
0.00612409
0.00612225
0.00612148
0.00612174
0.00612345
0.00612665
0.00613106
0.00550984
0.0047592
0.00414934
0.00365237
0.00324273
0.00290276
0.00261762
0.00237667
0.00217137
0.00199524
0.00184321
0.0017112
0.00159592
0.0014949
0.00140565
0.00132708
0.00125649
0.00119473
0.00113911
0.00614593
0.00614021
0.00613667
0.00613277
0.00612964
0.00612635
0.00612387
0.00612176
0.00612069
0.00612054
0.00612183
0.00612458
0.00612884
0.00570598
0.00489731
0.00424684
0.00372231
0.00329472
0.0029421
0.0026479
0.00240017
0.00218979
0.00200976
0.00185484
0.00172049
0.00160367
0.0015012
0.0014113
0.00133174
0.00126123
0.00119856
0.00114291
0.00614616
0.00614084
0.00613778
0.00613427
0.00613153
0.0061285
0.00612626
0.00612425
0.00612324
0.00612303
0.0061242
0.00612676
0.0061309
0.00583493
0.00498867
0.00431158
0.00376857
0.00332908
0.00296791
0.00266726
0.00241465
0.00220044
0.00201751
0.00186042
0.00172438
0.00160652
0.00150304
0.00141294
0.00133268
0.00126275
0.00119928
0.00114407
0.00614665
0.00614247
0.00614052
0.00613811
0.00613636
0.00613421
0.00613272
0.00613128
0.00613073
0.0061308
0.00613213
0.00613467
0.00613875
0.00600276
0.00513316
0.00443064
0.00386345
0.00340528
0.00302954
0.00271691
0.00245482
0.00223266
0.00204358
0.0018814
0.00174143
0.00162049
0.00151448
0.00142283
0.00134083
0.00127064
0.00120561
0.00115001
0.00614762
0.00614569
0.00614572
0.00614538
0.00614542
0.0061449
0.00614482
0.00614454
0.00614495
0.00614573
0.00614756
0.00615035
0.00615442
0.00596474
0.00515262
0.00447361
0.00390857
0.00344643
0.00306526
0.00274644
0.00247906
0.00225158
0.00205853
0.0018925
0.0017499
0.0016265
0.00151887
0.00142601
0.00134297
0.00127283
0.00120678
0.001151
0.00614918
0.00615083
0.00615371
0.00615627
0.00615865
0.00616026
0.00616197
0.00616313
0.00616473
0.00616633
0.0061687
0.00617163
0.00617541
0.00573811
0.005049
0.00444016
0.00390622
0.00345636
0.00307942
0.00276026
0.00249173
0.00226128
0.00206619
0.00189709
0.00175286
0.00162707
0.00151852
0.00142422
0.00134079
0.0012704
0.0012039
0.00114763
0.00615131
0.00591839
0.00616219
0.0061673
0.00617161
0.00617496
0.00617815
0.0061805
0.00618305
0.00618527
0.00618791
0.0061906
0.00584417
0.00532646
0.00478425
0.00428006
0.00381093
0.00339815
0.00304252
0.00273467
0.00247331
0.00224558
0.00205285
0.00188343
0.00174019
0.00161318
0.00150556
0.00141008
0.00132785
0.00125701
0.00119151
0.00113449
0.00615363
0.00441157
0.00528672
0.00469689
0.00531665
0.00528075
0.00557868
0.00574975
0.00581005
0.00587765
0.00571247
0.00553639
0.00518834
0.00483699
0.00443384
0.00404056
0.00365245
0.00329308
0.0029711
0.00268303
0.00243456
0.00221329
0.00202556
0.00185727
0.00171636
0.00158838
0.00148269
0.00138547
0.00130566
0.00123314
0.00117014
0.00111108
0.00615551
0.00335499
0.00402569
0.00362373
0.00408065
0.00409063
0.0043343
0.00449842
0.00461458
0.00474314
0.00472713
0.00469467
0.00451852
0.0043157
0.00404447
0.00376127
0.00345839
0.00315911
0.00287687
0.00261362
0.00238102
0.00216826
0.00198658
0.00182009
0.0016818
0.00155269
0.00144919
0.00134929
0.00127277
0.00119667
0.00113787
0.00107425
0.00517004
0.0026313
0.00318151
0.00291101
0.00327064
0.00330783
0.00349961
0.00363601
0.00374046
0.00385771
0.00388709
0.00391345
0.00384416
0.00375061
0.00359117
0.00340821
0.00319246
0.00296431
0.0027344
0.0025073
0.00229882
0.00210118
0.00192945
0.00176781
0.00163347
0.00150449
0.00140344
0.00130084
0.00122803
0.00114653
0.00109369
0.00102188
0.00409206
0.00212247
0.00259643
0.00241192
0.00271015
0.00276441
0.0029221
0.00303826
0.00312596
0.00322229
0.00325833
0.0032964
0.00327172
0.00323346
0.00314412
0.00303249
0.00288571
0.00272027
0.00254304
0.00235947
0.00218256
0.00200694
0.00184941
0.00169684
0.00156797
0.00144125
0.00134225
0.00123797
0.00116808
0.0010805
0.00103422
0.000950743
0.00328434
0.00174586
0.00217052
0.00205223
0.00231046
0.00238042
0.00251524
0.00261911
0.00269179
0.00276906
0.00279778
0.00282847
0.00281455
0.00279414
0.00273785
0.00266752
0.00256824
0.00245122
0.00231747
0.00217262
0.00202714
0.00187883
0.00174106
0.00160308
0.0014825
0.0013623
0.0012656
0.00116293
0.00109393
0.00100225
0.000961769
0.000865738
0.00272124
0.00145756
0.00184422
0.00176975
0.00199187
0.0020676
0.0021821
0.0022747
0.00233778
0.00240432
0.00243235
0.00246173
0.00245669
0.00244687
0.00240838
0.00235983
0.00228802
0.00220342
0.00210205
0.00198874
0.00186899
0.00174333
0.00162215
0.00149973
0.00138863
0.00127624
0.00118038
0.00108133
0.00101038
0.000919902
0.000882672
0.000783476
0.00223168
0.00122758
0.00158706
0.00155524
0.00175287
0.00183791
0.00193902
0.00202474
0.00207826
0.00213285
0.00215289
0.00217293
0.00216577
0.00215635
0.00212548
0.00208892
0.00203462
0.00197212
0.00189522
0.00180832
0.00171147
0.00160615
0.00149928
0.00138907
0.00128499
0.00118273
0.00109149
0.00100486
0.000934319
0.000861064
0.000839339
0.000757041
0.00189446
0.00104484
0.00137917
0.00137177
0.00153956
0.00162164
0.00170619
0.00178187
0.00182901
0.00187821
0.00190073
0.0019243
0.00192622
0.0019254
0.00190476
0.00187793
0.00183378
0.00178292
0.00171857
0.00164773
0.00156786
0.00148305
0.00139422
0.00130132
0.0012092
0.00111871
0.00103465
0.000963337
0.000908455
0.000888379
0.000927425
0.000961193
0.00154677
0.000889125
0.00120079
0.00122656
0.00137598
0.00146394
0.00154103
0.00161306
0.00165493
0.0016958
0.00171026
0.00172286
0.00171701
0.0017098
0.0016881
0.0016644
0.00162932
0.00159237
0.00154531
0.0014945
0.00143409
0.00136955
0.00129784
0.00122296
0.00114724
0.00107674
0.00101564
0.00099219
0.00101161
0.00128943
0.00108423
0.0010015
0.00128617
0.000750319
0.00102851
0.00106321
0.00117712
0.00124844
0.00130535
0.00135949
0.0013901
0.00141943
0.00143141
0.00144386
0.00144408
0.00144139
0.00142466
0.00140289
0.00136881
0.00133159
0.00128397
0.00123469
0.00117777
0.00112327
0.00106443
0.000995937
0.000921492
0.000856918
0.000800755
0.000752882
0.000711957
0.000696953
0.000810294
0.00107701
0.000904368
0.000592373
0.00080513
0.000854597
0.00093619
0.000990634
0.00102769
0.00105892
0.00107019
0.00107247
0.00105651
0.00103083
0.000992227
0.00094827
0.000898487
0.000822372
0.000754467
0.000698807
0.000654989
0.000622996
0.000602314
0.000592773
0.000593814
0.000605007
0.000626044
0.000656778
0.000698149
0.000751805
0.000830718
0.00101784
0.0013111
0.00166821
0.000543984
0.000408979
0.000524441
0.000544476
0.00056657
0.000574746
0.000573572
0.000567452
0.000555047
0.000544386
0.000540851
0.000512955
0.000494829
0.000489078
0.000495454
0.000513426
0.000542609
0.00058255
0.000632989
0.00069344
0.000763893
0.000843695
0.000930798
0.00102345
0.00112338
0.00123079
0.00135191
0.00149475
0.00170949
0.00196039
0.00222943
0.00248895
0.000257987
0.000237274
0.000276388
0.000295911
0.000323411
0.000366936
0.000401473
0.000406906
0.000425108
0.000456355
0.000501355
0.000560489
0.00063419
0.000720713
0.000816813
0.000921441
0.00103409
0.00115379
0.00128028
0.00141237
0.00155028
0.00169247
0.00180559
0.00190323
0.00200888
0.00213119
0.00230698
0.00254938
0.00279755
0.00296358
0.00309228
0.0031686
0.000151655
0.000181974
0.000265105
0.00037164
0.00042038
0.000479925
0.000554242
0.000643166
0.000746725
0.000864186
0.000995062
0.00113864
0.00129424
0.0014392
0.00155848
0.0016779
0.00179713
0.00191568
0.002033
0.00214866
0.00226271
0.00237619
0.00249274
0.00261888
0.00276139
0.00292351
0.0031052
0.00331491
0.00347714
0.00350039
0.0034703
0.00338072
0.000143326
0.000274104
0.000433063
0.000583442
0.000723589
0.000859927
0.000994219
0.00113035
0.00126809
0.00140829
0.00155069
0.00169676
0.00184328
0.00198818
0.00213014
0.00226688
0.00239821
0.00252299
0.00264219
0.00275543
0.00286473
0.00297098
0.0030761
0.00317983
0.00328335
0.00339135
0.00341314
0.00341262
0.00338335
0.00332056
0.00320672
0.00303484
0.000133889
0.000311875
0.000491222
0.000669073
0.000847854
0.00102429
0.00119296
0.00135159
0.00149897
0.00163568
0.00176246
0.00188001
0.00198972
0.00209252
0.00218892
0.00227969
0.00236504
0.00244559
0.00252121
0.00259261
0.00265934
0.00271881
0.00273392
0.00274211
0.00273872
0.00272852
0.00270327
0.00266545
0.00260191
0.00250996
0.00237
0.00218176
0.000102129
0.000190929
0.000265289
0.000322481
0.000365063
0.000395041
0.000415571
0.000428809
0.000436783
0.000440925
0.000442356
0.000441945
0.000440211
0.000437648
0.000434467
0.000430979
0.000427215
0.000423404
0.000419473
0.000415626
0.000411725
0.000407983
0.000404133
0.000400455
0.000396712
0.000393248
0.000389792
0.000386749
0.000383823
0.000381332
0.000379156
0.000374363
0.00125325
0.00119777
0.00112958
0.00106383
0.00102328
0.000978415
0.000933864
0.000887172
0.000834738
0.000810343
0.000774494
0.000741712
0.000712422
0.000683121
0.000657129
0.000632397
0.000611283
0.000591314
0.00057378
0.000557684
0.00054375
0.00053168
0.000521472
0.000513073
0.00050643
0.000501519
0.000498256
0.00049663
0.000496551
0.000500751
0.000503407
0.000506375
0.000509426
0.000512465
0.000515305
0.000517902
0.000520095
0.000521911
0.00052321
0.000527761
0.000527696
0.000527096
0.000525858
0.000524074
0.00052166
0.000518681
0.000515081
0.000514917
0.000509726
0.000504035
0.000497792
0.000491051
0.000483777
0.000476073
0.000471629
0.000462512
0.000452931
0.000443044
0.000432763
0.000422196
0.000414735
0.000403017
0.000391022
0.000378896
0.00036651
0.000353978
0.000341282
0.000331062
0.000317662
0.00030443
0.000291381
0.000280617
0.000267329
0.000254399
0.0002412
0.000227128
0.000212839
0.000200869
0.000187442
0.000175589
0.0001666
0.000157703
0.000152469
0.00013953
0.000129718
0.000123665
0.000121132
0.000117086
0.000111032
0.000105185
0.000100841
0.000100235
0.00112677
0.00108134
0.00102065
0.00096516
0.000935043
0.000897007
0.000859366
0.000817382
0.000774257
0.00075804
0.000727867
0.000697946
0.000674642
0.000649485
0.000628026
0.000607068
0.000588709
0.000572102
0.000557631
0.000544042
0.000532201
0.000521853
0.000514412
0.000507065
0.000501114
0.000496536
0.000493293
0.000491351
0.000490667
0.000491196
0.000492899
0.000495723
0.000499608
0.000506636
0.000510423
0.000513995
0.000517255
0.000520138
0.000522578
0.000524524
0.000525952
0.000526829
0.00053094
0.000530303
0.000529074
0.000527232
0.000524791
0.000521779
0.000518153
0.00051803
0.000512773
0.000506983
0.000500639
0.000493764
0.000486402
0.000478556
0.00047409
0.00046471
0.000454966
0.000444783
0.000434248
0.000423381
0.000412213
0.000403938
0.000391538
0.000378931
0.000366037
0.000353031
0.000339981
0.000329216
0.000315388
0.000301752
0.000288297
0.000277193
0.00026312
0.000248845
0.000233975
0.000219079
0.000205131
0.000193945
0.000181847
0.00017186
0.000165607
0.000153151
0.000141715
0.000134845
0.000131131
0.000126862
0.000120648
0.00011421
0.00010959
0.000109808
0.00110786
0.00106529
0.00100263
0.000948935
0.000925248
0.000886237
0.000848914
0.00080519
0.000764455
0.000754352
0.000721948
0.000690422
0.000668207
0.000642805
0.000622076
0.000600878
0.000582366
0.000565374
0.000550183
0.000535426
0.000522376
0.000510684
0.000500247
0.000491094
0.000483178
0.000476495
0.000472637
0.000468448
0.000465401
0.000463463
0.000462603
0.00046278
0.000463957
0.000466092
0.000469145
0.000476102
0.000480419
0.00048449
0.000488247
0.00049161
0.000494524
0.000496946
0.00049883
0.000500149
0.000504523
0.000504279
0.00050344
0.000501996
0.000499921
0.000497257
0.000494007
0.000490156
0.000489392
0.000483873
0.000477816
0.000471229
0.000464124
0.00045651
0.000448466
0.00044334
0.000433766
0.000423786
0.000413456
0.000402789
0.000391806
0.000380524
0.000371661
0.000359106
0.00034636
0.000333576
0.000320842
0.000310134
0.000296616
0.000283367
0.000269961
0.000256212
0.000242019
0.000227826
0.000215379
0.000201664
0.000189428
0.000180273
0.000172219
0.00016153
0.00014766
0.00014107
0.000136939
0.000133387
0.000127139
0.000120104
0.000115273
0.000115985
0.00109427
0.00105233
0.000987352
0.000935078
0.000917557
0.000878574
0.00084137
0.000795833
0.000756648
0.000752899
0.000719378
0.000686276
0.000665306
0.000639531
0.000618818
0.000597446
0.000578974
0.000561759
0.000546536
0.000530907
0.000516914
0.000504142
0.000492439
0.000481863
0.000472363
0.000463947
0.000456591
0.000450283
0.000445007
0.000442336
0.000439145
0.000436902
0.000435582
0.00043515
0.000435574
0.000436821
0.000438856
0.00044164
0.000447978
0.000452175
0.000456419
0.000460267
0.000463664
0.000466575
0.000468974
0.000470795
0.000475488
0.000475762
0.000475404
0.000474423
0.000472843
0.000470637
0.000467804
0.000464372
0.000463885
0.00045872
0.000452988
0.000446673
0.0004399
0.000432595
0.000424755
0.000419837
0.000410449
0.00040063
0.00039044
0.000379926
0.000369021
0.000357829
0.000349075
0.00033647
0.000323824
0.000311183
0.000298634
0.000288153
0.000274582
0.000260732
0.000247017
0.000232896
0.00021871
0.000205255
0.000194214
0.0001825
0.000174937
0.000163554
0.000149359
0.000143714
0.000138731
0.000137255
0.000129544
0.000121845
0.00011698
0.000118631
0.00108527
0.00104353
0.000978954
0.000929604
0.000915359
0.00087584
0.000839338
0.000793792
0.000756449
0.000756323
0.000721919
0.000688251
0.000668584
0.000642802
0.000622602
0.000601257
0.000582808
0.0005654
0.000549386
0.000533009
0.000518229
0.000504996
0.000492276
0.00048054
0.000469732
0.000459872
0.00045094
0.000442934
0.000435851
0.00042967
0.000424389
0.000421467
0.000417997
0.000415348
0.000413509
0.00041244
0.000412128
0.000412527
0.000413625
0.000415375
0.00042039
0.000423356
0.000426873
0.000430875
0.000435086
0.000438767
0.000441921
0.000444508
0.000446511
0.000451049
0.000451431
0.000451139
0.000450243
0.000448683
0.000446485
0.000443668
0.000440237
0.000439341
0.000434088
0.000428242
0.000421802
0.000414822
0.000407402
0.000399408
0.000394055
0.000384381
0.000374336
0.00036387
0.000353031
0.000341845
0.000330574
0.000320909
0.000308275
0.000295741
0.000282923
0.000269513
0.000255951
0.000242148
0.00023024
0.000215379
0.000201712
0.000189774
0.000183695
0.000169395
0.000154362
0.000147862
0.000143464
0.000142071
0.000134417
0.000125683
0.00012064
0.000123106
0.001088
0.00104394
0.000978943
0.000932602
0.000920829
0.000879987
0.000843044
0.000797475
0.000762233
0.0007655
0.000729642
0.00069532
0.000676728
0.000650872
0.000631072
0.000609617
0.00059115
0.000573554
0.000557197
0.000540163
0.000524707
0.000510223
0.000496493
0.00048361
0.000471962
0.000460739
0.000450318
0.000440708
0.000431908
0.000423911
0.000416725
0.000410332
0.000404733
0.000399907
0.00039725
0.00039398
0.000391438
0.000389574
0.000388397
0.000387848
0.000387928
0.000388583
0.000389819
0.00039396
0.000396182
0.00039882
0.000401876
0.000405322
0.000409114
0.000412627
0.000415555
0.000417799
0.000422335
0.00042288
0.000422799
0.000422046
0.000420693
0.000418623
0.000415961
0.000412593
0.000411638
0.000406358
0.000400544
0.000394055
0.000387095
0.000379542
0.000371553
0.000362991
0.000356428
0.000345924
0.000335156
0.000324038
0.000312956
0.000303882
0.000290927
0.000277481
0.000264028
0.000250671
0.000236705
0.000222479
0.000208972
0.000198243
0.000189547
0.000174996
0.000160439
0.000151603
0.000148074
0.000146662
0.000139194
0.000129304
0.000124092
0.000127946
0.0010895
0.00104318
0.000979656
0.000937765
0.000926965
0.000884835
0.000847845
0.000803624
0.000771199
0.000776207
0.000739158
0.000705031
0.000687682
0.000662148
0.000642889
0.000621559
0.000603228
0.000585575
0.000569003
0.00055152
0.000535608
0.000520555
0.000506113
0.000492398
0.00047933
0.000466964
0.000455659
0.000444716
0.000434474
0.000424937
0.000416108
0.000408005
0.000400603
0.000393918
0.000387949
0.000382675
0.000378096
0.000375492
0.000372275
0.000369697
0.00036772
0.000366317
0.000365523
0.000365221
0.000365449
0.000366177
0.000369562
0.000371087
0.000372965
0.00037519
0.000377769
0.000380555
0.000383698
0.000387044
0.000390067
0.000395115
0.000396299
0.000396725
0.000396579
0.00039572
0.000394259
0.000392065
0.00038933
0.000385844
0.00038426
0.000378692
0.000372564
0.000365748
0.000358361
0.000350296
0.000341845
0.0003349
0.000324229
0.000313234
0.000301657
0.00028919
0.000276382
0.000263188
0.000249611
0.000235908
0.0002229
0.000209133
0.000200673
0.000185191
0.000167594
0.000158703
0.000157184
0.000154098
0.000146566
0.000135121
0.000129511
0.000135478
0.00109528
0.00104586
0.000983814
0.000947231
0.000937105
0.000893308
0.00085579
0.000813305
0.00078444
0.000790892
0.000752287
0.000718612
0.000702431
0.000677313
0.00065856
0.000637401
0.000619231
0.000601551
0.000584815
0.000566948
0.000550675
0.000535158
0.00052013
0.00050572
0.000491844
0.000478562
0.000465848
0.000453739
0.000442223
0.000431711
0.000421478
0.000411898
0.00040295
0.000394668
0.000387033
0.000380082
0.000373784
0.000368175
0.000363222
0.000358954
0.000356556
0.000353592
0.000351256
0.000349518
0.000348366
0.000347802
0.000347741
0.000348215
0.00034917
0.000350523
0.000354369
0.00035632
0.000358579
0.000361056
0.000363746
0.000366589
0.000369576
0.000372591
0.000375801
0.000381691
0.000384454
0.000386322
0.000387436
0.000387603
0.000386988
0.000385556
0.000383328
0.000380264
0.000378949
0.000373207
0.000366688
0.000359289
0.000351551
0.000343093
0.000335659
0.000322986
0.000309985
0.000296488
0.000282816
0.0002677
0.000252094
0.000237814
0.000229303
0.000211144
0.000187175
0.000177282
0.0001746
0.000172139
0.000163639
0.000149332
0.000142919
0.00015287
0.00109682
0.00104503
0.000985762
0.000956082
0.000946552
0.000901544
0.000864033
0.00082431
0.000799919
0.000807248
0.000767274
0.00073477
0.000719919
0.000695566
0.000677466
0.00065667
0.000638772
0.000621153
0.000604273
0.00058611
0.000569584
0.00055373
0.000538251
0.000523285
0.000508765
0.000494747
0.000481214
0.000468206
0.000455722
0.000443799
0.000432439
0.000421689
0.000411555
0.000402483
0.000393733
0.000385717
0.000378453
0.000372003
0.000366369
0.000361614
0.000357735
0.000354767
0.000352718
0.000351583
0.000352576
0.000353161
0.00035449
0.000356544
0.000359254
0.000362388
0.00036596
0.000369776
0.000373856
0.000377999
0.000384323
0.000388191
0.000391859
0.000395178
0.000398321
0.000400956
0.000403296
0.000405163
0.000406749
0.000407852
0.000411086
0.000410912
0.000410445
0.000409678
0.000408742
0.000407608
0.000406474
0.000405427
0.000406041
0.000401104
0.000394327
0.000385321
0.000374797
0.000362581
0.000349063
0.000333748
0.000317936
0.000304737
0.000293113
0.000266039
0.000233502
0.00022081
0.000215445
0.000213484
0.00020246
0.000182473
0.000174215
0.00019029
0.00109429
0.00104111
0.000985249
0.00096414
0.0009559
0.000910214
0.000873157
0.000836906
0.000817964
0.000826428
0.000785069
0.000754256
0.000740835
0.000717511
0.000700126
0.000679797
0.000662207
0.000644662
0.000627648
0.00060918
0.000592415
0.000576187
0.000560277
0.000544789
0.000529691
0.000515069
0.000500878
0.000487203
0.000474076
0.000461564
0.000449728
0.000438657
0.000428441
0.000419193
0.000411038
0.000404117
0.00039856
0.000394987
0.000392429
0.000391523
0.000392337
0.000394926
0.000399226
0.000405183
0.000412577
0.000421318
0.000431046
0.0004416
0.000454453
0.000465594
0.000476618
0.000487244
0.000497227
0.000506416
0.000514493
0.000521481
0.000527151
0.000531432
0.000534396
0.000538392
0.000538015
0.000536187
0.00053314
0.000528785
0.000523359
0.000516925
0.000509655
0.000501679
0.000493125
0.000486842
0.000476601
0.000466053
0.000455734
0.00044585
0.000435547
0.000425373
0.000415889
0.00040977
0.000398696
0.000391442
0.000383353
0.000369228
0.000362049
0.00033474
0.00029547
0.000282808
0.000273714
0.000275097
0.000263345
0.00023477
0.000224342
0.000246424
0.00108269
0.00103009
0.000978544
0.000968026
0.00096235
0.000917194
0.000881729
0.00084987
0.000837352
0.000847552
0.00080505
0.000776693
0.000764891
0.000742997
0.000726456
0.000706752
0.000689545
0.000672084
0.000654903
0.000636053
0.000618995
0.000602358
0.000586006
0.000570049
0.00055453
0.000539583
0.000525302
0.000511875
0.000499458
0.00048835
0.000478678
0.00047077
0.000464928
0.000461566
0.000461012
0.000463666
0.000469751
0.000479517
0.000492927
0.000509966
0.000530245
0.000554945
0.000580418
0.000607571
0.000635462
0.000663685
0.000691188
0.000717783
0.000742469
0.000765203
0.000785168
0.000802563
0.000816669
0.000831152
0.000838347
0.000842752
0.000843596
0.000841793
0.000836839
0.000829482
0.000819387
0.000807288
0.000792961
0.000776992
0.00075925
0.000742373
0.000721342
0.000699527
0.00067677
0.000653704
0.000630075
0.000606471
0.000583196
0.000560727
0.000538119
0.000512277
0.000487457
0.000464609
0.000443668
0.000425334
0.00040773
0.00039223
0.000384564
0.000364898
0.000333018
0.000322054
0.00032034
0.000331565
0.000321181
0.000290069
0.000279441
0.000305014
0.00106171
0.00101216
0.000965138
0.00096745
0.000966253
0.000923018
0.000890477
0.000863655
0.000858374
0.000871659
0.000828024
0.000802825
0.000792703
0.000772543
0.000756886
0.000737834
0.000721011
0.000703536
0.000686074
0.000666655
0.000649284
0.00063239
0.000616082
0.000600583
0.000586241
0.00057347
0.000562716
0.00055458
0.0005497
0.000548802
0.00055267
0.000562188
0.000578155
0.000601264
0.000632601
0.000670475
0.000714777
0.000764513
0.000818211
0.00087451
0.000931746
0.0009886
0.00104345
0.00109548
0.00114336
0.00118687
0.00122494
0.00126196
0.00128816
0.00130895
0.00132362
0.00133322
0.00133699
0.00133633
0.00133028
0.00132055
0.00130601
0.00128839
0.00126669
0.00124253
0.00121696
0.00118686
0.00115411
0.00112005
0.00108395
0.00104705
0.00100872
0.000970024
0.00093048
0.000890894
0.000850816
0.000811084
0.000772148
0.000732383
0.000691241
0.000648555
0.000606597
0.000566539
0.000528708
0.00049406
0.000462784
0.000436563
0.000420742
0.000387993
0.00034666
0.00033129
0.000335918
0.000359603
0.00035629
0.000329195
0.00032134
0.000345423
0.00102911
0.000985795
0.000942977
0.000960811
0.000966814
0.000927373
0.000899801
0.000878458
0.000881061
0.000899599
0.000854491
0.000833234
0.000824649
0.000806363
0.000791515
0.000772905
0.000756492
0.000739059
0.000721698
0.000702345
0.00068625
0.000671785
0.000659748
0.000650993
0.000646747
0.000648316
0.000657354
0.000675795
0.000705574
0.000748022
0.000803639
0.000871743
0.00095076
0.00103811
0.00113099
0.00122643
0.00132178
0.0014146
0.00150308
0.00158576
0.00166699
0.00173417
0.00179296
0.00184313
0.00188483
0.00191825
0.00194367
0.00196133
0.00197161
0.00197485
0.0019714
0.00196172
0.00194617
0.00192533
0.00190176
0.0018704
0.00183449
0.00179502
0.00175182
0.00170586
0.00165684
0.00160576
0.00155233
0.00149754
0.0014411
0.00138396
0.00132586
0.0012676
0.0012094
0.00115077
0.0010923
0.00103439
0.000977461
0.000921527
0.000864511
0.000805633
0.000747577
0.00069123
0.000637553
0.000587198
0.000541985
0.000503554
0.000474045
0.000426352
0.000368056
0.000340131
0.000338084
0.000353335
0.000351545
0.000330844
0.000327776
0.000348528
0.000985156
0.000952274
0.000911742
0.00094825
0.000965129
0.000931662
0.000911713
0.000895624
0.000906156
0.000933636
0.000885773
0.000868981
0.00086155
0.000844777
0.00083082
0.000812626
0.000797866
0.000782499
0.000769165
0.000755656
0.000750274
0.000752362
0.000764755
0.000790386
0.000833113
0.000896059
0.000980253
0.00108371
0.00120185
0.00132989
0.00146334
0.00159799
0.00173626
0.00186291
0.00198212
0.00209249
0.00219346
0.00228451
0.00236593
0.00243701
0.00249801
0.00254888
0.00259029
0.00262223
0.00264581
0.002661
0.00266836
0.00266748
0.00266212
0.00264504
0.0026214
0.00259083
0.00255434
0.00251141
0.00246317
0.00240941
0.00235121
0.00228845
0.00222226
0.00215257
0.00208035
0.00200569
0.0019295
0.00185218
0.00177374
0.00169484
0.00161609
0.00153763
0.00145994
0.00138312
0.00130755
0.00123318
0.00116083
0.00109003
0.00101889
0.000946482
0.00087516
0.000805725
0.000739599
0.000677155
0.00062034
0.000569575
0.000531735
0.000473402
0.000399694
0.000358397
0.000347303
0.000352059
0.000343792
0.000315591
0.000308119
0.000321557
0.000930099
0.000912377
0.000869794
0.000927911
0.000961508
0.000937006
0.000929092
0.000917066
0.000935068
0.000978384
0.000924324
0.000912138
0.000906197
0.000890114
0.000879
0.000863083
0.000856964
0.000855797
0.000867039
0.000889683
0.000939815
0.00101722
0.00112501
0.00125629
0.00140643
0.00156848
0.00173537
0.00188649
0.00199254
0.00210453
0.00222051
0.00233875
0.0024577
0.00257608
0.00269277
0.00280685
0.00291759
0.00302443
0.00312676
0.00318402
0.0032348
0.00327003
0.00329679
0.00331516
0.0033252
0.00332593
0.00331787
0.0033006
0.00327505
0.00324093
0.00319966
0.00315025
0.00309381
0.00302969
0.0029596
0.00288306
0.00280184
0.00271577
0.00262583
0.00253212
0.00243648
0.00233851
0.00223992
0.00214031
0.00204117
0.00194218
0.00184455
0.00174798
0.00165342
0.00156059
0.0014702
0.00138189
0.00129669
0.00121377
0.00113136
0.00104862
0.000967782
0.000889221
0.000814444
0.000743452
0.000678464
0.000620292
0.000575194
0.0005123
0.00042939
0.000378168
0.000358779
0.000356808
0.000341826
0.000304047
0.000286202
0.00028541
0.00087488
0.00087933
0.000825075
0.000906721
0.000964986
0.000952274
0.000961805
0.000949811
0.000968462
0.00104375
0.00097748
0.000964112
0.000962012
0.000943597
0.000946876
0.000955969
0.00100161
0.00107969
0.00119769
0.00134055
0.00150876
0.00160194
0.00170238
0.00181598
0.00193926
0.00206913
0.00220293
0.00233841
0.00247372
0.00260705
0.00273698
0.0028624
0.00298246
0.00309646
0.00320386
0.00330439
0.00339797
0.00348457
0.0035641
0.00363677
0.00370291
0.00376288
0.00381701
0.0038656
0.00387094
0.0038586
0.00383684
0.00380536
0.00376543
0.00371648
0.00365976
0.0035922
0.003517
0.00343343
0.00334406
0.00324766
0.00314636
0.00303919
0.00292891
0.00281462
0.00269892
0.002581
0.00246327
0.00234494
0.00222819
0.00211224
0.00199888
0.00188741
0.00177925
0.00167368
0.00157177
0.00147284
0.00137812
0.00128642
0.00119629
0.00110669
0.00101976
0.000935529
0.000855542
0.000779488
0.000709754
0.000647007
0.000596347
0.000533296
0.000447222
0.000390405
0.00036466
0.000361274
0.000342203
0.00029615
0.000264128
0.000252641
0.000849155
0.000888268
0.00080258
0.000906443
0.0010034
0.00100346
0.001036
0.00101391
0.0009967
0.00110198
0.00101831
0.000988173
0.00102042
0.00106357
0.00118007
0.00131719
0.00139043
0.00148889
0.00160606
0.00173789
0.00188014
0.00202944
0.00218237
0.00233599
0.00248783
0.00263591
0.00277869
0.00291498
0.00304381
0.00316446
0.00327658
0.00338
0.0034746
0.0035602
0.00363696
0.00370535
0.00376579
0.00381872
0.0038646
0.0039041
0.00393771
0.00396592
0.00398926
0.00400817
0.00402313
0.00403456
0.00404284
0.00404838
0.00405157
0.00403479
0.00396419
0.00388363
0.00379584
0.00370003
0.00359766
0.00348671
0.00337043
0.00324822
0.00312293
0.00299321
0.00286213
0.00272881
0.0025963
0.00246356
0.00233328
0.00220441
0.00207923
0.00195673
0.0018387
0.00172414
0.00161435
0.00150839
0.00140765
0.00131059
0.00121608
0.00112293
0.0010332
0.000946397
0.000864222
0.000786031
0.000714394
0.000649584
0.000595233
0.000534558
0.000449724
0.000390784
0.000363131
0.000360316
0.000340479
0.000288867
0.000244495
0.000222592
0.000965166
0.00110825
0.000914238
0.00100422
0.00110683
0.00107314
0.00107247
0.0010203
0.000955683
0.00108417
0.0011485
0.00119698
0.00127525
0.00138286
0.00151521
0.00166587
0.00182835
0.00199606
0.00216497
0.00233376
0.00249966
0.0026604
0.00281424
0.00295977
0.00309595
0.00322221
0.00333827
0.00344391
0.00353877
0.00362307
0.00369735
0.00376208
0.00381777
0.00386502
0.00390448
0.00393669
0.00396217
0.00398146
0.00399506
0.00400351
0.0040073
0.00400693
0.00400289
0.00399561
0.00398554
0.0039731
0.00395872
0.00394279
0.00392572
0.00390789
0.00388954
0.00387096
0.00385242
0.0038299
0.00371948
0.0036003
0.00347642
0.00334581
0.00321106
0.0030711
0.00293024
0.00278695
0.00264447
0.00250188
0.00236242
0.00222489
0.0020919
0.00196233
0.0018382
0.00171836
0.00160421
0.00149472
0.00139125
0.00129211
0.00119638
0.00110278
0.00101312
0.000926524
0.000844834
0.000767054
0.000695942
0.000631278
0.000575256
0.000518724
0.000437803
0.000379577
0.000352488
0.000351528
0.000333814
0.00027982
0.000225756
0.000194863
0.00135318
0.00124354
0.00115551
0.00113155
0.00112922
0.00113081
0.0011403
0.0011665
0.00124598
0.00134991
0.00147811
0.00162497
0.0017893
0.00196492
0.00214687
0.00232955
0.00250815
0.00267866
0.00283945
0.00299102
0.00313232
0.00326265
0.00338144
0.00348805
0.0035825
0.00366536
0.00373715
0.00379839
0.00384981
0.00389214
0.00392599
0.00395194
0.00397061
0.00398255
0.00398831
0.00398844
0.00398347
0.0039739
0.00396026
0.00394301
0.00392257
0.00389937
0.00387382
0.00384631
0.00381722
0.00378689
0.00375568
0.00372402
0.0036921
0.00366022
0.00362868
0.00359779
0.00356784
0.00353909
0.00351157
0.00348546
0.00346099
0.00334406
0.00320522
0.00306075
0.00291528
0.00276576
0.00261783
0.00246991
0.0023252
0.00218285
0.00204566
0.00191265
0.00178585
0.00166415
0.00154889
0.00143908
0.0013359
0.00123768
0.00114362
0.00105243
0.000965201
0.000881257
0.000802393
0.000727284
0.000658789
0.00059623
0.000540473
0.000488978
0.000413964
0.000358641
0.000333425
0.000335041
0.000321385
0.000267515
0.000207189
0.000169912
0.00109539
0.00110036
0.0011849
0.00133533
0.00144003
0.00152234
0.00159922
0.0017035
0.00186124
0.00200608
0.00216259
0.00230308
0.00247183
0.00262448
0.00279091
0.00295182
0.00311063
0.00326437
0.00339141
0.00349855
0.00359289
0.00367478
0.00374466
0.00380324
0.00385136
0.00388972
0.00391897
0.00393978
0.0039528
0.00395866
0.00395799
0.00395137
0.00393937
0.00392254
0.00390138
0.00387637
0.00384795
0.00381668
0.0037828
0.00374668
0.0037087
0.0036692
0.00362852
0.00358697
0.00354486
0.00350246
0.00346005
0.00341791
0.00337625
0.00333531
0.00329531
0.00325649
0.00321906
0.00318326
0.00314927
0.0031173
0.00308755
0.00305983
0.00303422
0.00298021
0.00283243
0.00268017
0.00253036
0.00237919
0.00223224
0.00208833
0.00194988
0.00181651
0.00168997
0.00156948
0.00145597
0.00134876
0.00124854
0.00115394
0.00106406
0.000977753
0.000895355
0.000816315
0.000742253
0.000671788
0.000607684
0.000548889
0.000495164
0.000449032
0.000381286
0.000330658
0.000308175
0.000312552
0.000303856
0.000252168
0.000188051
0.000146583
0.00138489
0.00148315
0.00165838
0.00188404
0.00203988
0.00213267
0.00214752
0.00220338
0.00230958
0.0024778
0.0025906
0.00270442
0.00286043
0.00300558
0.00315774
0.00330369
0.00344443
0.00357785
0.00369937
0.00376042
0.00380713
0.00384321
0.00386947
0.00388669
0.00389575
0.00389722
0.00389176
0.00388003
0.00386265
0.0038402
0.00381324
0.00378227
0.00374776
0.00371017
0.00366991
0.00362736
0.00358287
0.00353681
0.00348945
0.00344106
0.00339193
0.0033423
0.00329243
0.00324252
0.00319281
0.0031435
0.00309478
0.00304684
0.00299987
0.00295402
0.00290949
0.00286641
0.00282498
0.00278531
0.00274761
0.002712
0.0026787
0.0026478
0.00261951
0.00259375
0.00257022
0.00254846
0.00239623
0.00224294
0.00209537
0.00195114
0.00181337
0.00168213
0.00155835
0.00144181
0.00133269
0.00123083
0.00113607
0.00104759
0.000964152
0.000884962
0.000809353
0.000737172
0.000669584
0.000605495
0.000547263
0.000493657
0.000443552
0.000402763
0.000343441
0.000298667
0.000279451
0.000286739
0.000282664
0.000234072
0.000169802
0.00012522
0.00199006
0.00211657
0.0022951
0.00250536
0.00259851
0.0025571
0.00253603
0.00257314
0.0026798
0.00283503
0.00293398
0.0030355
0.0031687
0.00329373
0.00342032
0.00353944
0.00364854
0.00374192
0.00376583
0.00378009
0.00378573
0.00378358
0.00377437
0.00375881
0.00373757
0.00371119
0.00368022
0.00364518
0.00360654
0.00356476
0.00352025
0.00347339
0.00342453
0.00337401
0.00332212
0.00326915
0.00321535
0.00316096
0.00310621
0.00305129
0.00299639
0.00294169
0.00288736
0.00283355
0.00278043
0.00272813
0.0026768
0.00262656
0.00257757
0.00252992
0.00248377
0.0024392
0.00239639
0.0023554
0.00231642
0.00227949
0.00224484
0.00221249
0.00218271
0.0021555
0.00213112
0.00210952
0.00209012
0.00206908
0.00192003
0.00177607
0.00164066
0.00151383
0.00139555
0.00128608
0.00118448
0.00109105
0.0010046
0.00092491
0.000850311
0.000780372
0.000713373
0.000649801
0.000590153
0.000533973
0.0004828
0.000435692
0.000390462
0.000354642
0.000304477
0.000266467
0.000250885
0.000261016
0.000261228
0.000216057
0.000152798
0.00010903
0.00268715
0.00276919
0.00287816
0.00300157
0.00305315
0.00292986
0.0028457
0.0028403
0.00293122
0.00306556
0.00314124
0.00322588
0.00333205
0.00342977
0.00352296
0.00360474
0.00361832
0.00361262
0.00359956
0.0035802
0.00355527
0.00352539
0.00349108
0.00345284
0.00341114
0.00336639
0.00331898
0.00326927
0.0032176
0.00316427
0.00310957
0.00305378
0.00299713
0.00293986
0.00288218
0.00282429
0.00276635
0.00270852
0.00265096
0.0025938
0.0025372
0.00248127
0.00242614
0.00237189
0.00231867
0.00226656
0.00221567
0.00216607
0.00211791
0.00207122
0.00202617
0.00198277
0.0019412
0.00190148
0.00186378
0.0018281
0.00179466
0.00176343
0.00173466
0.00170831
0.00168466
0.00166365
0.00164554
0.00163019
0.00161694
0.00154748
0.00142067
0.00130439
0.00119784
0.00110119
0.00101253
0.000932262
0.000858407
0.000791087
0.00072839
0.000670126
0.000613821
0.000560692
0.000510491
0.000463641
0.000420551
0.000381129
0.000341839
0.000310486
0.000269697
0.000239111
0.000227286
0.000240137
0.000243493
0.000200468
0.000140152
0.000100503
0.00318454
0.00319341
0.00320541
0.00321815
0.0032477
0.00313906
0.00298681
0.00294164
0.00301883
0.00313536
0.00318969
0.003251
0.00332371
0.00337694
0.00336035
0.00333676
0.00330736
0.00327318
0.00323504
0.0031932
0.00314818
0.00310037
0.00305017
0.00299791
0.00294391
0.00288845
0.0028318
0.00277421
0.0027159
0.00265708
0.00259795
0.00253868
0.00247945
0.00242041
0.0023617
0.00230346
0.00224579
0.0021888
0.0021326
0.00207728
0.00202292
0.00196961
0.00191744
0.00186646
0.00181676
0.00176841
0.00172149
0.00167605
0.00163221
0.00158999
0.00154953
0.00151082
0.00147405
0.00143918
0.0014064
0.00137568
0.00134719
0.0013209
0.00129699
0.00127541
0.00125635
0.00123969
0.00122562
0.001214
0.00120493
0.00119799
0.00111967
0.00103173
0.000952008
0.000880192
0.00081474
0.000755665
0.000701235
0.000651663
0.000605247
0.000561873
0.000519231
0.000478886
0.000440148
0.000404093
0.00037017
0.00033937
0.000307114
0.000279759
0.00024743
0.000224088
0.000216046
0.000230297
0.000233571
0.000191234
0.000138946
0.00010833
0.00325083
0.00320599
0.00314615
0.00307438
0.00304864
0.00305324
0.00289704
0.00279693
0.00285325
0.00296008
0.00300379
0.00300163
0.00296897
0.00293092
0.00288829
0.0028419
0.00279272
0.00274161
0.00268896
0.00263455
0.00257875
0.00252184
0.00246409
0.00240573
0.00234698
0.00228804
0.00222908
0.00217027
0.00211174
0.00205365
0.00199611
0.00193925
0.00188316
0.00182794
0.00177369
0.00172048
0.00166839
0.00161748
0.00156782
0.00151945
0.00147245
0.00142685
0.00138272
0.00134009
0.00129902
0.00125956
0.00122177
0.00118569
0.00115141
0.00111893
0.00108837
0.00105972
0.00103312
0.00100853
0.000986057
0.000965649
0.000947392
0.000931208
0.000917172
0.000905163
0.000895135
0.000886867
0.000880232
0.000875018
0.000871039
0.000842289
0.000792043
0.000745779
0.000703359
0.000664407
0.000628208
0.000594851
0.000563538
0.000534596
0.000506637
0.000479757
0.00045227
0.000425828
0.000399561
0.000374706
0.000350322
0.000327954
0.000303167
0.000280034
0.000253071
0.000234051
0.000227631
0.000237107
0.000232261
0.000192042
0.000161778
0.000153616
0.00283933
0.00278607
0.00269695
0.00258412
0.00252817
0.00251057
0.00250936
0.00250544
0.00247762
0.00243851
0.00239376
0.00234551
0.00229415
0.00224037
0.00218507
0.00212894
0.0020727
0.00201687
0.00196147
0.00190599
0.00185065
0.00179562
0.00174106
0.00168709
0.00163383
0.0015814
0.00152988
0.00147938
0.00142998
0.00138175
0.00133476
0.00128909
0.00124479
0.00120191
0.00116049
0.00112058
0.00108221
0.00104541
0.00101021
0.000976612
0.000944654
0.000914338
0.000885683
0.000858696
0.000833392
0.000809776
0.000787862
0.000767648
0.00074916
0.000732374
0.000717329
0.000703991
0.000692374
0.000682367
0.00067389
0.000666804
0.000661059
0.000656551
0.000653241
0.000650992
0.000649592
0.000648773
0.00064826
0.000629845
0.000608177
0.000587671
0.000568376
0.000550481
0.000533623
0.000517908
0.00050288
0.000488841
0.000475046
0.000462043
0.000449056
0.0004365
0.000423074
0.000410375
0.000397181
0.000384301
0.000370749
0.000357467
0.000341298
0.000326703
0.000305003
0.000287909
0.000279252
0.00027701
0.000262756
0.000228005
0.00022022
0.000266786
0.00199693
0.0019536
0.00187801
0.00176358
0.00169935
0.00167369
0.00166142
0.00164397
0.00160205
0.00155429
0.00150397
0.00145415
0.00140488
0.00135651
0.00130948
0.00126404
0.00122044
0.00117878
0.00113874
0.00109982
0.0010621
0.00102557
0.000990272
0.000956211
0.000923405
0.000891872
0.000861626
0.00083268
0.000805043
0.000778719
0.00075371
0.000730008
0.000707606
0.000686485
0.000666633
0.000648018
0.000630626
0.000614417
0.000599374
0.000585455
0.000572643
0.000560897
0.0005502
0.000540516
0.000531832
0.000524112
0.000517355
0.000511524
0.000506627
0.00050263
0.000499534
0.000497335
0.000495855
0.000482164
0.00046917
0.000456939
0.000445476
0.000434768
0.000424772
0.000415489
0.000406821
0.00039883
0.000391337
0.000384597
0.000378386
0.000372889
0.000367895
0.000363625
0.000359722
0.000356465
0.000353418
0.000350995
0.000348654
0.000346887
0.000345433
0.000344849
0.000344427
0.000344484
0.000344392
0.000344135
0.000343075
0.000341114
0.000337089
0.000339208
0.000329662
0.000317384
0.00030861
0.000304227
0.000303524
0.000290203
0.000288821
0.000472529
0.000354214
0.00033323
0.000312254
0.000289669
0.000269687
0.000253221
0.000240798
0.000233867
0.000231273
0.000229595
0.000226593
0.000223178
0.000219499
0.000215583
0.000211514
0.000207344
0.000203151
0.000198996
0.000194871
0.000190716
0.000186573
0.000182456
0.000178373
0.000174328
0.000170329
0.000166379
0.000162485
0.000158651
0.000154879
0.000151176
0.000147543
0.000143985
0.000140505
0.000137105
0.00013379
0.000130562
0.000127423
0.000124375
0.000121421
0.000118562
0.000115799
0.000113134
0.000110569
0.000108102
0.000105738
0.000103473
0.000101313
9.92542e-05
9.73013e-05
9.54524e-05
9.37094e-05
9.20744e-05
9.05406e-05
8.91331e-05
8.78356e-05
8.66395e-05
8.55375e-05
8.45271e-05
8.36027e-05
8.27678e-05
8.20155e-05
8.13544e-05
8.07759e-05
8.02929e-05
7.99002e-05
7.96088e-05
7.94099e-05
7.93149e-05
7.93206e-05
7.94343e-05
7.96627e-05
7.99957e-05
8.04628e-05
8.10337e-05
8.18541e-05
8.28356e-05
8.40778e-05
8.54197e-05
8.70057e-05
8.863e-05
9.04382e-05
9.21182e-05
9.39301e-05
9.81894e-05
0.000101213
0.00010522
0.000112081
0.000123971
0.000141521
0.00015558
0.000165543
0.000168845
9.95825e-05
9.99897e-05
9.83692e-05
0.000101636
0.000108294
0.000112169
0.000114707
0.000115993
0.000112085
0.000109365
0.000109781
0.000108432
0.000106883
0.000112137
0.000121331
0.000125772
0.000130523
0.000146081
0.000172312
0.000200038
0.000218887
0.000242934
0.000285667
0.000298594
0.000295902
0.000293286
0.000291008
0.000288704
0.000286004
0.00028297
0.000279882
0.000276646
0.00027303
0.000269211
0.000265411
0.000261441
0.000257338
0.000253212
0.000249285
0.000245409
0.000109973
0.000112235
0.000112256
0.000117023
0.000127428
0.00013665
0.000140635
0.000143014
0.000145189
0.00014566
0.000141133
0.000139514
0.000143962
0.000146641
0.000148444
0.00015493
0.000165553
0.000175755
0.000187698
0.000207589
0.000235008
0.000260356
0.000284994
0.00031132
0.000307899
0.000304799
0.000301595
0.000298279
0.000295109
0.000292142
0.000289035
0.000285647
0.000282171
0.000278674
0.000275082
0.000271314
0.000267472
0.000263591
0.00025973
0.00025624
0.000115912
0.000118498
0.000119857
0.000125416
0.000135002
0.000145782
0.000155884
0.00015765
0.000158102
0.000156537
0.00015635
0.000157745
0.000155325
0.000152937
0.00015607
0.000167758
0.000183548
0.000194988
0.000205146
0.000221325
0.000252022
0.000286624
0.00031496
0.000313668
0.000309973
0.000306883
0.000303855
0.000300598
0.000297285
0.000294197
0.000291205
0.000287994
0.000284599
0.000281224
0.000277815
0.00027423
0.000270626
0.000266973
0.000263371
0.000260049
0.000119069
0.000122195
0.000124734
0.000133581
0.000145447
0.000154228
0.000164643
0.000174385
0.000175215
0.000169639
0.000168491
0.000174068
0.000177329
0.000175336
0.000175134
0.000185482
0.000203445
0.000220068
0.000234171
0.000247302
0.000270059
0.000305155
0.000316648
0.000312708
0.000309075
0.000305811
0.000302755
0.00029973
0.000296646
0.00029358
0.000290614
0.000287655
0.00028452
0.000281239
0.00027804
0.000274865
0.000271613
0.000268186
0.000264837
0.000261808
0.000123618
0.000128189
0.000132948
0.000141702
0.000155487
0.000171372
0.000179516
0.000182968
0.00019093
0.000192849
0.000188018
0.000189488
0.0001968
0.000199424
0.000201038
0.000212425
0.0002288
0.000242349
0.000259564
0.000286061
0.000310327
0.000319057
0.000315229
0.000311948
0.000308933
0.000305842
0.000302593
0.000299379
0.000296774
0.000294215
0.000291227
0.000288211
0.000285336
0.000282492
0.000279563
0.000276509
0.000273462
0.000270388
0.000267322
0.000264467
0.000129071
0.000134066
0.000143721
0.000158171
0.000169141
0.000186715
0.000204916
0.000208895
0.000209968
0.000214866
0.000219312
0.000222588
0.000223225
0.000225238
0.000236354
0.000253785
0.000268267
0.000279046
0.000294992
0.00032702
0.000327267
0.000323555
0.000319985
0.000316795
0.000313961
0.000311237
0.000308055
0.000304778
0.000302001
0.000299374
0.000296516
0.000293617
0.000290689
0.000287905
0.000285309
0.000282643
0.000279834
0.000277096
0.000274251
0.00027139
0.000139149
0.000146689
0.000160848
0.000183719
0.000201194
0.000219011
0.000237533
0.0002512
0.000256388
0.000254854
0.000261576
0.000273216
0.000276121
0.00027547
0.00028591
0.000308703
0.000331084
0.000345571
0.000350464
0.000346113
0.000342254
0.000338703
0.000334996
0.000331498
0.000328683
0.00032617
0.000323175
0.000320155
0.0003175
0.000314868
0.000312225
0.000309447
0.000306475
0.000303587
0.000300762
0.000297938
0.000294844
0.000292026
0.000288854
0.000285622
0.000160367
0.000174399
0.000198364
0.000229914
0.000254771
0.000283436
0.000306963
0.00032556
0.000334682
0.000332961
0.000339058
0.00035668
0.000367564
0.000367187
0.000372142
0.000397372
0.000399851
0.000393065
0.000386515
0.000380866
0.000376526
0.000372679
0.000368449
0.000364595
0.000361933
0.000359432
0.000356435
0.000353626
0.000350882
0.000347997
0.000345309
0.000342488
0.000339153
0.000335799
0.000332581
0.000329359
0.000325622
0.000322314
0.000318116
0.000313388
0.000202808
0.000223624
0.000264183
0.000311892
0.000338874
0.00038169
0.000424803
0.000441607
0.000445792
0.000453111
0.000470093
0.000493995
0.000504644
0.00049477
0.000481851
0.000471717
0.000462932
0.000454163
0.000445786
0.000439103
0.000434347
0.000429463
0.000423918
0.000419243
0.000416028
0.000412693
0.000408927
0.000405441
0.000401922
0.000398188
0.000394658
0.000391022
0.000386854
0.000382609
0.000378466
0.000374402
0.000369752
0.000365542
0.00036007
0.000352788
0.000263847
0.000291457
0.000351482
0.00041643
0.000453072
0.000502127
0.000552608
0.00058386
0.000598358
0.000604376
0.000621964
0.000611732
0.000593284
0.000576229
0.000561737
0.000550001
0.000539443
0.000528889
0.000519114
0.000511532
0.000505494
0.000498644
0.00049145
0.000485712
0.000481077
0.000475909
0.000470543
0.000465713
0.000460846
0.000455611
0.000450596
0.00044569
0.000440297
0.000434766
0.000429411
0.000424136
0.000418374
0.000413091
0.00040642
0.000396888
0.000324671
0.000357622
0.00043581
0.000513086
0.00055657
0.000616475
0.000659239
0.000689236
0.000734225
0.000734771
0.00070971
0.000687956
0.000668664
0.000651184
0.000636551
0.00062454
0.000613032
0.000601238
0.00059061
0.000582313
0.000574518
0.00056563
0.000557072
0.000550127
0.000543565
0.000536293
0.000529182
0.000522848
0.00051642
0.000509547
0.000502944
0.0004966
0.000489965
0.00048318
0.000476537
0.000470066
0.000463328
0.00045695
0.000449333
0.000438422
0.000363618
0.000399658
0.000493797
0.000567925
0.000604506
0.000671814
0.0007303
0.000742868
0.000795998
0.000785399
0.000762202
0.000742048
0.0007239
0.00070778
0.000694736
0.000683385
0.000671437
0.000659225
0.000648786
0.000640137
0.000630755
0.000620481
0.000611052
0.000602882
0.000594585
0.000585754
0.000577379
0.000569764
0.000561925
0.000553739
0.000545971
0.000538516
0.000530876
0.000523168
0.000515608
0.000508128
0.000500733
0.000493645
0.000485468
0.000474003
0.00036496
0.000403818
0.000500705
0.000576889
0.000584135
0.00064958
0.000735113
0.00075531
0.000776322
0.00080817
0.00078861
0.000771607
0.000756551
0.000743896
0.000733084
0.000722261
0.000710695
0.00069955
0.000689796
0.000680382
0.000670099
0.000659524
0.000649697
0.000640539
0.000631273
0.000621671
0.000612526
0.000604029
0.000595326
0.000586492
0.000577996
0.000569717
0.000561551
0.000553407
0.000545342
0.000537329
0.000529705
0.000522159
0.000513922
0.000502746
0.000335691
0.000371564
0.000460358
0.00053302
0.000541157
0.000580347
0.000674078
0.000728162
0.000749289
0.000788808
0.000795985
0.000782505
0.000771377
0.000762162
0.000752949
0.000742931
0.000732745
0.000722939
0.000713341
0.000703498
0.000693303
0.00068285
0.000672697
0.000663131
0.000653496
0.000643473
0.000633939
0.000624928
0.000615789
0.00060655
0.000597634
0.000589168
0.000580839
0.000572405
0.000564189
0.000556025
0.000548397
0.00054068
0.000532937
0.000523127
0.000295192
0.00032542
0.000401364
0.000470424
0.00048785
0.000520886
0.000587232
0.00066389
0.000719722
0.00073275
0.000741019
0.000779637
0.000771515
0.000764574
0.000757146
0.000748603
0.000739444
0.000730058
0.000720901
0.000711652
0.000701517
0.000690592
0.000680494
0.000671457
0.000661228
0.000650665
0.000641252
0.000632066
0.000622549
0.000613231
0.000604423
0.000595824
0.0005873
0.000578992
0.000570987
0.000562807
0.000555331
0.000547684
0.000540877
0.000533621
0.000258793
0.00028474
0.000349254
0.00040824
0.000437912
0.000476151
0.000525216
0.0005826
0.000661559
0.000679384
0.000646843
0.000667163
0.000701804
0.000692027
0.000688781
0.00072332
0.000728989
0.000720018
0.000711302
0.000702631
0.000692623
0.0006819
0.00067228
0.00066293
0.000652627
0.000642633
0.000633266
0.0006239
0.000614684
0.000605767
0.000597067
0.000588662
0.000580628
0.000572771
0.000565066
0.000557174
0.000550224
0.000542931
0.000537434
0.000533864
0.000225725
0.000248106
0.000305346
0.000350427
0.000380719
0.000429378
0.000476541
0.000499975
0.00055791
0.000581135
0.000555709
0.000552989
0.000579463
0.000582532
0.000582986
0.000594601
0.000621495
0.000633015
0.000623907
0.000634623
0.000663788
0.000654384
0.000646202
0.000636802
0.000627112
0.000618096
0.000609322
0.00060064
0.000592189
0.000583861
0.000575954
0.000568446
0.000561081
0.000553851
0.000546984
0.00053995
0.000533845
0.000527233
0.000523492
0.000524616
0.000195005
0.000215185
0.000265636
0.000303962
0.00032487
0.000375282
0.000428159
0.000433379
0.000456868
0.00047191
0.000456707
0.000451418
0.000465147
0.000479684
0.000481725
0.00048166
0.000499467
0.000522427
0.000521133
0.000509409
0.000539165
0.000571354
0.000565534
0.00056809
0.00058754
0.00057985
0.000572605
0.000565116
0.000557679
0.000550583
0.000543977
0.000537626
0.00053146
0.000525519
0.000519954
0.000514183
0.000509327
0.000503921
0.000502289
0.000508464
0.000167254
0.000184553
0.000231525
0.000269206
0.000275888
0.000315303
0.000377798
0.00037867
0.000358898
0.000359187
0.000362787
0.000365513
0.000370258
0.000375317
0.000380989
0.000395197
0.000398695
0.000403165
0.000417393
0.000425862
0.000428769
0.000445716
0.000463281
0.000473867
0.000485596
0.000508582
0.000525614
0.000519838
0.000514578
0.000509303
0.000504456
0.000499935
0.000495759
0.000491741
0.000488239
0.000484586
0.000481724
0.00047874
0.000479471
0.000490134
0.000144886
0.000157676
0.000201783
0.000245556
0.00025062
0.00026279
0.000294133
0.000304435
0.000283288
0.000272297
0.000275168
0.000282282
0.000287669
0.000292338
0.00029664
0.00030469
0.00031495
0.000318773
0.000322611
0.000337356
0.000349227
0.00035497
0.000367703
0.000388954
0.000403668
0.000419918
0.000441201
0.000469867
0.000467929
0.000466048
0.000464813
0.000463941
0.000463668
0.000463817
0.000464779
0.000466618
0.000468319
0.000473596
0.000476285
0.000486824
0.00012717
0.000139353
0.000183199
0.000211735
0.00022027
0.000239708
0.000238111
0.000214442
0.000206002
0.000207849
0.000210964
0.000212725
0.000217155
0.000227192
0.000232731
0.000234179
0.000242895
0.000253623
0.000258927
0.000267793
0.000281557
0.000298056
0.000310715
0.000329482
0.000352433
0.000379852
0.000405902
0.000433628
0.000439218
0.000445908
0.000454854
0.000464682
0.000476053
0.000488455
0.000503395
0.000523004
0.000539451
0.000574304
0.000578525
0.000573326
0.000113864
0.000129845
0.000183872
0.000202634
0.000185613
0.000193396
0.000181251
0.000159301
0.000152674
0.000156621
0.000162815
0.000167101
0.000172915
0.000180348
0.000185477
0.000194295
0.000201934
0.00021247
0.000225631
0.000242072
0.00025917
0.000284113
0.000311913
0.000346347
0.000383985
0.000428202
0.000449108
0.000473288
0.000501119
0.000531686
0.000567796
0.00060581
0.000647724
0.000692184
0.000742742
0.000806028
0.000861737
0.000965202
0.00098164
0.000948732
0.000112756
0.000136659
0.000192642
0.000192813
0.000172914
0.000151687
0.000134414
0.000128444
0.00013033
0.000136698
0.000144108
0.000152318
0.000162388
0.000173437
0.000183471
0.000198214
0.000216127
0.00023833
0.000266926
0.000303354
0.000345436
0.000399095
0.000450297
0.000489806
0.000536081
0.000587047
0.000646443
0.000712615
0.000784686
0.000863539
0.000951977
0.00104633
0.00114763
0.00125773
0.00137867
0.0015285
0.00166678
0.00188731
0.00196213
0.00190715
0.000133875
0.000175934
0.000189078
0.000169459
0.000167818
0.00015642
0.0001484
0.000148844
0.00015706
0.000170584
0.000186639
0.000204561
0.000225799
0.000249686
0.000275876
0.00031266
0.000357961
0.000415439
0.000477662
0.000528947
0.000590557
0.000660295
0.000740441
0.000832299
0.000934525
0.00104699
0.00117239
0.00131008
0.0014565
0.00161795
0.00179198
0.00198018
0.00217859
0.00239613
0.00262748
0.0029047
0.00316717
0.00352162
0.0036541
0.00320828
0.000190626
0.000228376
0.00021574
0.000220625
0.000236888
0.000233279
0.000232957
0.000242365
0.000262146
0.000290733
0.000324197
0.000362609
0.000405715
0.000454586
0.000518791
0.000595317
0.000682521
0.000772866
0.000870782
0.000982088
0.00110666
0.00124518
0.00139738
0.00156724
0.00173637
0.00190494
0.00207871
0.00226203
0.00244983
0.00264594
0.0028492
0.00306203
0.00328059
0.00350883
0.00374832
0.00401672
0.00427886
0.00456248
0.00451992
0.0042371
0.000304421
0.000352109
0.000336045
0.0003656
0.000408959
0.000412268
0.000422633
0.000447113
0.000485681
0.000534731
0.000590587
0.000655466
0.000728988
0.000818185
0.000920506
0.00103061
0.00114899
0.00127884
0.00141664
0.00156438
0.00172101
0.00188729
0.00206242
0.00224838
0.00244387
0.00264984
0.002867
0.00309463
0.00333273
0.00358034
0.00384135
0.0041096
0.00439088
0.00467767
0.0049831
0.00531031
0.00563631
0.00593024
0.00593239
0.00573103
0.000502186
0.000586373
0.000535042
0.000605601
0.000692244
0.000706898
0.000723603
0.000766072
0.000828633
0.000909672
0.0010044
0.0011047
0.00120481
0.00131622
0.00143078
0.00155289
0.00167989
0.001816
0.00195445
0.00210241
0.00225325
0.00241253
0.00257455
0.00274558
0.00291854
0.00309994
0.00328417
0.00347709
0.00367237
0.00387662
0.00408392
0.00430017
0.00451957
0.00474801
0.00498081
0.00523433
0.00548299
0.00573217
0.00577267
0.00589025
0.000192896
0.000223139
0.000276803
0.000303332
0.00032376
0.00035887
0.000388023
0.000405112
0.000417725
0.000428644
0.000439206
0.000450278
0.00046266
0.000475771
0.000490852
0.000507349
0.000525498
0.000544693
0.000566209
0.000588501
0.000612982
0.000638289
0.000665739
0.000693688
0.000724084
0.000754851
0.0007878
0.000821164
0.000857139
0.000893107
0.000931613
0.000970395
0.00101195
0.00105361
0.00109857
0.00114481
0.00119434
0.00123423
0.00128773
0.00147457
)
;

boundaryField
{
    inlet
    {
        type            zeroGradient;
    }
    outlet
    {
        type            zeroGradient;
    }
    fluid_to_graphite
    {
        type            zeroGradient;
    }
    wedgeBack
    {
        type            wedge;
    }
    wedgeFront
    {
        type            wedge;
    }
    defaultFaces
    {
        type            empty;
    }
}


                                                                               
