                                                                               
                             
                                                                   
                                                            
                                          
                             
                                                                               
FoamFile
{
    format          ascii;
    class           volScalarField;
    location        1 / fluid;
    object          p;
}
                                                                               

dimensions      [ 1 -1 -2 0 0 0 0 ];

internalField   nonuniform List<scalar> 
4592
(
2.70291e+06
2.70269e+06
2.7025e+06
2.70229e+06
2.70211e+06
2.70193e+06
2.70176e+06
2.70159e+06
2.70144e+06
2.70129e+06
2.70114e+06
2.70101e+06
2.70088e+06
2.70075e+06
2.70063e+06
2.70051e+06
2.7004e+06
2.7003e+06
2.7002e+06
2.7001e+06
2.70001e+06
2.69992e+06
2.69983e+06
2.69975e+06
2.69967e+06
2.69959e+06
2.69952e+06
2.69944e+06
2.69937e+06
2.6993e+06
2.69924e+06
2.69917e+06
2.70291e+06
2.70269e+06
2.7025e+06
2.70229e+06
2.70211e+06
2.70192e+06
2.70176e+06
2.70159e+06
2.70143e+06
2.70128e+06
2.70114e+06
2.701e+06
2.70087e+06
2.70074e+06
2.70062e+06
2.7005e+06
2.70039e+06
2.70028e+06
2.70018e+06
2.70008e+06
2.69998e+06
2.69989e+06
2.6998e+06
2.69972e+06
2.69964e+06
2.69956e+06
2.69948e+06
2.6994e+06
2.69933e+06
2.69926e+06
2.69919e+06
2.69912e+06
2.70292e+06
2.70269e+06
2.7025e+06
2.70229e+06
2.70211e+06
2.70193e+06
2.70176e+06
2.70159e+06
2.70144e+06
2.70129e+06
2.70114e+06
2.70101e+06
2.70087e+06
2.70075e+06
2.70063e+06
2.70051e+06
2.7004e+06
2.7003e+06
2.7002e+06
2.7001e+06
2.7e+06
2.69991e+06
2.69982e+06
2.69974e+06
2.69966e+06
2.69958e+06
2.6995e+06
2.69943e+06
2.69936e+06
2.69929e+06
2.69922e+06
2.69915e+06
2.70292e+06
2.70269e+06
2.7025e+06
2.70229e+06
2.70211e+06
2.70193e+06
2.70176e+06
2.70159e+06
2.70144e+06
2.70129e+06
2.70115e+06
2.70101e+06
2.70088e+06
2.70075e+06
2.70063e+06
2.70052e+06
2.70041e+06
2.70031e+06
2.7002e+06
2.70011e+06
2.70001e+06
2.69992e+06
2.69984e+06
2.69975e+06
2.69967e+06
2.6996e+06
2.69952e+06
2.69945e+06
2.69938e+06
2.69931e+06
2.69924e+06
2.69917e+06
2.70292e+06
2.70269e+06
2.7025e+06
2.70229e+06
2.70212e+06
2.70193e+06
2.70177e+06
2.7016e+06
2.70145e+06
2.7013e+06
2.70116e+06
2.70102e+06
2.70089e+06
2.70077e+06
2.70065e+06
2.70054e+06
2.70043e+06
2.70033e+06
2.70023e+06
2.70013e+06
2.70004e+06
2.69995e+06
2.69987e+06
2.69978e+06
2.69971e+06
2.69963e+06
2.69956e+06
2.69948e+06
2.69942e+06
2.69935e+06
2.69928e+06
2.69922e+06
2.70292e+06
2.70269e+06
2.7025e+06
2.70229e+06
2.70212e+06
2.70193e+06
2.70177e+06
2.7016e+06
2.70145e+06
2.7013e+06
2.70116e+06
2.70103e+06
2.7009e+06
2.70078e+06
2.70066e+06
2.70055e+06
2.70044e+06
2.70034e+06
2.70024e+06
2.70015e+06
2.70006e+06
2.69997e+06
2.69989e+06
2.69981e+06
2.69973e+06
2.69966e+06
2.69959e+06
2.69952e+06
2.69945e+06
2.69939e+06
2.69932e+06
2.69926e+06
2.70293e+06
2.70269e+06
2.70251e+06
2.70229e+06
2.70212e+06
2.70193e+06
2.70177e+06
2.7016e+06
2.70146e+06
2.70131e+06
2.70117e+06
2.70104e+06
2.70091e+06
2.70079e+06
2.70068e+06
2.70057e+06
2.70046e+06
2.70036e+06
2.70027e+06
2.70018e+06
2.70009e+06
2.7e+06
2.69992e+06
2.69985e+06
2.69977e+06
2.6997e+06
2.69963e+06
2.69956e+06
2.69949e+06
2.69943e+06
2.69937e+06
2.69931e+06
2.70293e+06
2.70269e+06
2.70251e+06
2.70229e+06
2.70212e+06
2.70193e+06
2.70177e+06
2.70161e+06
2.70146e+06
2.70131e+06
2.70118e+06
2.70104e+06
2.70092e+06
2.7008e+06
2.70069e+06
2.70058e+06
2.70048e+06
2.70038e+06
2.70029e+06
2.7002e+06
2.70011e+06
2.70003e+06
2.69995e+06
2.69988e+06
2.6998e+06
2.69973e+06
2.69967e+06
2.6996e+06
2.69954e+06
2.69948e+06
2.69942e+06
2.69936e+06
2.70293e+06
2.70268e+06
2.70251e+06
2.70229e+06
2.70212e+06
2.70193e+06
2.70178e+06
2.70161e+06
2.70146e+06
2.70132e+06
2.70118e+06
2.70105e+06
2.70093e+06
2.70081e+06
2.7007e+06
2.7006e+06
2.7005e+06
2.7004e+06
2.70031e+06
2.70022e+06
2.70014e+06
2.70006e+06
2.69998e+06
2.69991e+06
2.69984e+06
2.69977e+06
2.6997e+06
2.69964e+06
2.69958e+06
2.69952e+06
2.69946e+06
2.69941e+06
2.70293e+06
2.70268e+06
2.70251e+06
2.70228e+06
2.70212e+06
2.70193e+06
2.70178e+06
2.70161e+06
2.70147e+06
2.70132e+06
2.70119e+06
2.70106e+06
2.70094e+06
2.70082e+06
2.70072e+06
2.70061e+06
2.70051e+06
2.70042e+06
2.70033e+06
2.70024e+06
2.70016e+06
2.70009e+06
2.70001e+06
2.69994e+06
2.69987e+06
2.69981e+06
2.69974e+06
2.69968e+06
2.69962e+06
2.69957e+06
2.69951e+06
2.69946e+06
2.70294e+06
2.70267e+06
2.70251e+06
2.70228e+06
2.70212e+06
2.70193e+06
2.70178e+06
2.70161e+06
2.70147e+06
2.70132e+06
2.70119e+06
2.70107e+06
2.70095e+06
2.70083e+06
2.70073e+06
2.70063e+06
2.70053e+06
2.70044e+06
2.70035e+06
2.70027e+06
2.70019e+06
2.70011e+06
2.70004e+06
2.69997e+06
2.6999e+06
2.69984e+06
2.69978e+06
2.69972e+06
2.69966e+06
2.69961e+06
2.69956e+06
2.69951e+06
2.70294e+06
2.70266e+06
2.70251e+06
2.70227e+06
2.70212e+06
2.70192e+06
2.70178e+06
2.70161e+06
2.70147e+06
2.70133e+06
2.7012e+06
2.70107e+06
2.70096e+06
2.70084e+06
2.70074e+06
2.70064e+06
2.70054e+06
2.70045e+06
2.70037e+06
2.70029e+06
2.70021e+06
2.70014e+06
2.70007e+06
2.7e+06
2.69993e+06
2.69987e+06
2.69982e+06
2.69976e+06
2.6997e+06
2.69965e+06
2.6996e+06
2.69955e+06
2.70295e+06
2.70265e+06
2.70251e+06
2.70227e+06
2.70212e+06
2.70192e+06
2.70177e+06
2.70161e+06
2.70147e+06
2.70133e+06
2.7012e+06
2.70108e+06
2.70096e+06
2.70085e+06
2.70075e+06
2.70065e+06
2.70056e+06
2.70047e+06
2.70038e+06
2.7003e+06
2.70023e+06
2.70016e+06
2.70009e+06
2.70002e+06
2.69996e+06
2.6999e+06
2.69985e+06
2.69979e+06
2.69974e+06
2.69969e+06
2.69964e+06
2.6996e+06
2.70295e+06
2.70264e+06
2.70251e+06
2.70226e+06
2.70211e+06
2.70191e+06
2.70177e+06
2.70161e+06
2.70147e+06
2.70133e+06
2.7012e+06
2.70108e+06
2.70097e+06
2.70086e+06
2.70076e+06
2.70066e+06
2.70057e+06
2.70048e+06
2.7004e+06
2.70032e+06
2.70025e+06
2.70018e+06
2.70011e+06
2.70005e+06
2.69999e+06
2.69993e+06
2.69988e+06
2.69983e+06
2.69978e+06
2.69973e+06
2.69969e+06
2.69964e+06
2.70296e+06
2.70262e+06
2.7025e+06
2.70225e+06
2.70211e+06
2.70191e+06
2.70177e+06
2.7016e+06
2.70147e+06
2.70133e+06
2.70121e+06
2.70108e+06
2.70097e+06
2.70086e+06
2.70076e+06
2.70067e+06
2.70058e+06
2.70049e+06
2.70041e+06
2.70033e+06
2.70026e+06
2.7002e+06
2.70013e+06
2.70007e+06
2.70002e+06
2.69996e+06
2.69991e+06
2.69986e+06
2.69982e+06
2.69977e+06
2.69973e+06
2.69968e+06
2.70296e+06
2.70261e+06
2.7025e+06
2.70224e+06
2.7021e+06
2.7019e+06
2.70176e+06
2.7016e+06
2.70147e+06
2.70133e+06
2.70121e+06
2.70108e+06
2.70097e+06
2.70087e+06
2.70077e+06
2.70067e+06
2.70059e+06
2.7005e+06
2.70042e+06
2.70035e+06
2.70028e+06
2.70021e+06
2.70015e+06
2.70009e+06
2.70004e+06
2.69998e+06
2.69994e+06
2.69989e+06
2.69985e+06
2.6998e+06
2.69977e+06
2.69972e+06
2.70297e+06
2.70259e+06
2.7025e+06
2.70222e+06
2.7021e+06
2.70189e+06
2.70176e+06
2.70159e+06
2.70146e+06
2.70133e+06
2.70121e+06
2.70109e+06
2.70098e+06
2.70087e+06
2.70077e+06
2.70068e+06
2.70059e+06
2.70051e+06
2.70043e+06
2.70036e+06
2.70029e+06
2.70022e+06
2.70017e+06
2.70011e+06
2.70006e+06
2.7e+06
2.69996e+06
2.69991e+06
2.69988e+06
2.69983e+06
2.69981e+06
2.69976e+06
2.70298e+06
2.70257e+06
2.70249e+06
2.70221e+06
2.70209e+06
2.70189e+06
2.70175e+06
2.70159e+06
2.70146e+06
2.70132e+06
2.70121e+06
2.70109e+06
2.70098e+06
2.70087e+06
2.70078e+06
2.70069e+06
2.7006e+06
2.70052e+06
2.70044e+06
2.70037e+06
2.7003e+06
2.70023e+06
2.70018e+06
2.70012e+06
2.70007e+06
2.70002e+06
2.69998e+06
2.69993e+06
2.69991e+06
2.69986e+06
2.69984e+06
2.69979e+06
2.70299e+06
2.70254e+06
2.70249e+06
2.7022e+06
2.70208e+06
2.70188e+06
2.70175e+06
2.70159e+06
2.70146e+06
2.70132e+06
2.70121e+06
2.70109e+06
2.70098e+06
2.70088e+06
2.70078e+06
2.70069e+06
2.70061e+06
2.70052e+06
2.70045e+06
2.70038e+06
2.70031e+06
2.70025e+06
2.70019e+06
2.70013e+06
2.70009e+06
2.70004e+06
2.7e+06
2.69995e+06
2.69993e+06
2.69988e+06
2.69988e+06
2.69982e+06
2.703e+06
2.70252e+06
2.70249e+06
2.70219e+06
2.70208e+06
2.70187e+06
2.70174e+06
2.70158e+06
2.70145e+06
2.70132e+06
2.7012e+06
2.70109e+06
2.70098e+06
2.70088e+06
2.70078e+06
2.70069e+06
2.70061e+06
2.70053e+06
2.70045e+06
2.70038e+06
2.70032e+06
2.70025e+06
2.7002e+06
2.70014e+06
2.7001e+06
2.70004e+06
2.70001e+06
2.69997e+06
2.69995e+06
2.6999e+06
2.69991e+06
2.69985e+06
2.70301e+06
2.70249e+06
2.70248e+06
2.70217e+06
2.70207e+06
2.70186e+06
2.70173e+06
2.70157e+06
2.70145e+06
2.70132e+06
2.7012e+06
2.70109e+06
2.70099e+06
2.70088e+06
2.70079e+06
2.7007e+06
2.70062e+06
2.70053e+06
2.70046e+06
2.70039e+06
2.70032e+06
2.70026e+06
2.7002e+06
2.70015e+06
2.7001e+06
2.70005e+06
2.70002e+06
2.69998e+06
2.69996e+06
2.69991e+06
2.69992e+06
2.69987e+06
2.70303e+06
2.70246e+06
2.70248e+06
2.70217e+06
2.70207e+06
2.70186e+06
2.70173e+06
2.70157e+06
2.70145e+06
2.70131e+06
2.7012e+06
2.70108e+06
2.70098e+06
2.70088e+06
2.70079e+06
2.7007e+06
2.70061e+06
2.70053e+06
2.70046e+06
2.70039e+06
2.70032e+06
2.70026e+06
2.7002e+06
2.70014e+06
2.7001e+06
2.70005e+06
2.70002e+06
2.69997e+06
2.69996e+06
2.69991e+06
2.69993e+06
2.69989e+06
2.70303e+06
2.70242e+06
2.70246e+06
2.70214e+06
2.70205e+06
2.70184e+06
2.70172e+06
2.70156e+06
2.70144e+06
2.70131e+06
2.7012e+06
2.70109e+06
2.70099e+06
2.70089e+06
2.7008e+06
2.70071e+06
2.70062e+06
2.70054e+06
2.70046e+06
2.70039e+06
2.70032e+06
2.70025e+06
2.7002e+06
2.70014e+06
2.7001e+06
2.70004e+06
2.70001e+06
2.69995e+06
2.69995e+06
2.69992e+06
2.69997e+06
2.69998e+06
2.70306e+06
2.70239e+06
2.70247e+06
2.70215e+06
2.70206e+06
2.70185e+06
2.70172e+06
2.70156e+06
2.70144e+06
2.7013e+06
2.70119e+06
2.70107e+06
2.70097e+06
2.70086e+06
2.70077e+06
2.70068e+06
2.7006e+06
2.70051e+06
2.70044e+06
2.70036e+06
2.7003e+06
2.70023e+06
2.70018e+06
2.70011e+06
2.70007e+06
2.7e+06
2.69998e+06
2.69994e+06
2.69997e+06
2.69997e+06
2.70007e+06
2.70015e+06
2.70305e+06
2.70233e+06
2.70243e+06
2.70211e+06
2.70202e+06
2.70181e+06
2.70169e+06
2.70153e+06
2.70141e+06
2.70129e+06
2.70117e+06
2.70106e+06
2.70096e+06
2.70086e+06
2.70077e+06
2.70068e+06
2.7006e+06
2.70052e+06
2.70044e+06
2.70036e+06
2.7003e+06
2.70022e+06
2.70017e+06
2.70009e+06
2.70006e+06
2.70002e+06
2.70004e+06
2.70002e+06
2.70009e+06
2.70012e+06
2.70029e+06
2.70044e+06
2.70312e+06
2.70229e+06
2.70246e+06
2.70213e+06
2.70203e+06
2.70181e+06
2.70168e+06
2.70151e+06
2.70138e+06
2.70124e+06
2.70112e+06
2.701e+06
2.70089e+06
2.70079e+06
2.7007e+06
2.70061e+06
2.70053e+06
2.70044e+06
2.70037e+06
2.7003e+06
2.70024e+06
2.70017e+06
2.70014e+06
2.70009e+06
2.70008e+06
2.70004e+06
2.70008e+06
2.70007e+06
2.7002e+06
2.70026e+06
2.70055e+06
2.70082e+06
2.70303e+06
2.70215e+06
2.70231e+06
2.70197e+06
2.70186e+06
2.70166e+06
2.70155e+06
2.70141e+06
2.70131e+06
2.7012e+06
2.70111e+06
2.70103e+06
2.70094e+06
2.70086e+06
2.70079e+06
2.70071e+06
2.70064e+06
2.70056e+06
2.7005e+06
2.70043e+06
2.70038e+06
2.70031e+06
2.70029e+06
2.70023e+06
2.70025e+06
2.70021e+06
2.70031e+06
2.70032e+06
2.70055e+06
2.70067e+06
2.70112e+06
2.70149e+06
2.7034e+06
2.70197e+06
2.70242e+06
2.70213e+06
2.70204e+06
2.70184e+06
2.70172e+06
2.70156e+06
2.70144e+06
2.70132e+06
2.70121e+06
2.7011e+06
2.70101e+06
2.70091e+06
2.70082e+06
2.70073e+06
2.70065e+06
2.70056e+06
2.7005e+06
2.70041e+06
2.70037e+06
2.70028e+06
2.70026e+06
2.70017e+06
2.7002e+06
2.70012e+06
2.70021e+06
2.70018e+06
2.70041e+06
2.7005e+06
2.70104e+06
2.70143e+06
2.69911e+06
2.69905e+06
2.69899e+06
2.69893e+06
2.69886e+06
2.6988e+06
2.69874e+06
2.69867e+06
2.6986e+06
2.69853e+06
2.69847e+06
2.6984e+06
2.69833e+06
2.69825e+06
2.69818e+06
2.6981e+06
2.69802e+06
2.69794e+06
2.69786e+06
2.69778e+06
2.69769e+06
2.6976e+06
2.6975e+06
2.6974e+06
2.6973e+06
2.69719e+06
2.69708e+06
2.69696e+06
2.69684e+06
2.69671e+06
2.69658e+06
2.69643e+06
2.69628e+06
2.69612e+06
2.69595e+06
2.69577e+06
2.69558e+06
2.69537e+06
2.69515e+06
2.69492e+06
2.69467e+06
2.69439e+06
2.6941e+06
2.69379e+06
2.69345e+06
2.69308e+06
2.69269e+06
2.69226e+06
2.69179e+06
2.69129e+06
2.69073e+06
2.69013e+06
2.68948e+06
2.68876e+06
2.68797e+06
2.6871e+06
2.68615e+06
2.68511e+06
2.68396e+06
2.68268e+06
2.68127e+06
2.67971e+06
2.67798e+06
2.67604e+06
2.67389e+06
2.67148e+06
2.66879e+06
2.66576e+06
2.66235e+06
2.65851e+06
2.65416e+06
2.64923e+06
2.64362e+06
2.63722e+06
2.62994e+06
2.62156e+06
2.61183e+06
2.60047e+06
2.58718e+06
2.57161e+06
2.55334e+06
2.53196e+06
2.50686e+06
2.48024e+06
2.4438e+06
2.40002e+06
2.34984e+06
2.29324e+06
2.2292e+06
2.1496e+06
2.05427e+06
1.94706e+06
2.69906e+06
2.69899e+06
2.69893e+06
2.69886e+06
2.69879e+06
2.69873e+06
2.69866e+06
2.69859e+06
2.69852e+06
2.69844e+06
2.69838e+06
2.6983e+06
2.69823e+06
2.69814e+06
2.69806e+06
2.69798e+06
2.69789e+06
2.6978e+06
2.69771e+06
2.69762e+06
2.69752e+06
2.69742e+06
2.69732e+06
2.69721e+06
2.69709e+06
2.69697e+06
2.69685e+06
2.69671e+06
2.69658e+06
2.69643e+06
2.69628e+06
2.69611e+06
2.69594e+06
2.69576e+06
2.69557e+06
2.69536e+06
2.69514e+06
2.69491e+06
2.69466e+06
2.69439e+06
2.6941e+06
2.69379e+06
2.69346e+06
2.6931e+06
2.69271e+06
2.6923e+06
2.69185e+06
2.69136e+06
2.69083e+06
2.69025e+06
2.68963e+06
2.68894e+06
2.6882e+06
2.68738e+06
2.68649e+06
2.68552e+06
2.68445e+06
2.68327e+06
2.68197e+06
2.68054e+06
2.67896e+06
2.67721e+06
2.67527e+06
2.67311e+06
2.67071e+06
2.66802e+06
2.66503e+06
2.66167e+06
2.65789e+06
2.65364e+06
2.64884e+06
2.6434e+06
2.63724e+06
2.63022e+06
2.62225e+06
2.61306e+06
2.60238e+06
2.58994e+06
2.57544e+06
2.55854e+06
2.5389e+06
2.51613e+06
2.48979e+06
2.46189e+06
2.42269e+06
2.37698e+06
2.32579e+06
2.26864e+06
2.20352e+06
2.12203e+06
2.02639e+06
1.92119e+06
2.69909e+06
2.69903e+06
2.69897e+06
2.6989e+06
2.69883e+06
2.69876e+06
2.6987e+06
2.69863e+06
2.69856e+06
2.69847e+06
2.69842e+06
2.69834e+06
2.69827e+06
2.69818e+06
2.6981e+06
2.69802e+06
2.69793e+06
2.69784e+06
2.69775e+06
2.69766e+06
2.69756e+06
2.69746e+06
2.69736e+06
2.69725e+06
2.69713e+06
2.69701e+06
2.69689e+06
2.69676e+06
2.69662e+06
2.69647e+06
2.69632e+06
2.69616e+06
2.69599e+06
2.69581e+06
2.69561e+06
2.69541e+06
2.69519e+06
2.69495e+06
2.6947e+06
2.69444e+06
2.69415e+06
2.69384e+06
2.69351e+06
2.69315e+06
2.69277e+06
2.69235e+06
2.6919e+06
2.69141e+06
2.69088e+06
2.69031e+06
2.68968e+06
2.689e+06
2.68826e+06
2.68744e+06
2.68655e+06
2.68557e+06
2.6845e+06
2.68333e+06
2.68203e+06
2.6806e+06
2.67902e+06
2.67726e+06
2.67532e+06
2.67316e+06
2.67075e+06
2.66806e+06
2.66507e+06
2.66169e+06
2.65791e+06
2.65364e+06
2.64883e+06
2.64337e+06
2.63718e+06
2.63012e+06
2.62212e+06
2.61286e+06
2.60208e+06
2.58947e+06
2.57478e+06
2.55765e+06
2.53779e+06
2.51483e+06
2.48827e+06
2.46107e+06
2.42055e+06
2.37393e+06
2.32258e+06
2.26571e+06
2.2008e+06
2.11761e+06
2.02019e+06
1.91407e+06
2.69911e+06
2.69905e+06
2.69899e+06
2.69892e+06
2.69885e+06
2.69878e+06
2.69872e+06
2.69865e+06
2.69859e+06
2.69849e+06
2.69844e+06
2.69836e+06
2.69829e+06
2.6982e+06
2.69813e+06
2.69804e+06
2.69795e+06
2.69786e+06
2.69777e+06
2.69768e+06
2.69758e+06
2.69748e+06
2.69737e+06
2.69726e+06
2.69715e+06
2.69703e+06
2.6969e+06
2.69677e+06
2.69663e+06
2.69649e+06
2.69633e+06
2.69617e+06
2.696e+06
2.69582e+06
2.69562e+06
2.69541e+06
2.6952e+06
2.69496e+06
2.69471e+06
2.69444e+06
2.69415e+06
2.69384e+06
2.69351e+06
2.69315e+06
2.69277e+06
2.69235e+06
2.6919e+06
2.69141e+06
2.69088e+06
2.6903e+06
2.68968e+06
2.689e+06
2.68826e+06
2.68744e+06
2.68655e+06
2.68558e+06
2.68451e+06
2.68334e+06
2.68204e+06
2.68061e+06
2.67904e+06
2.67729e+06
2.67535e+06
2.6732e+06
2.67081e+06
2.66812e+06
2.66514e+06
2.66177e+06
2.65801e+06
2.65375e+06
2.64896e+06
2.64351e+06
2.63734e+06
2.63029e+06
2.62232e+06
2.61306e+06
2.60222e+06
2.58951e+06
2.57468e+06
2.55736e+06
2.53729e+06
2.51412e+06
2.48735e+06
2.46096e+06
2.41891e+06
2.37099e+06
2.31902e+06
2.26203e+06
2.19691e+06
2.1112e+06
2.01106e+06
1.90313e+06
2.69916e+06
2.6991e+06
2.69904e+06
2.69897e+06
2.6989e+06
2.69884e+06
2.69878e+06
2.6987e+06
2.69864e+06
2.69855e+06
2.6985e+06
2.69841e+06
2.69835e+06
2.69826e+06
2.69819e+06
2.6981e+06
2.69802e+06
2.69793e+06
2.69784e+06
2.69774e+06
2.69765e+06
2.69755e+06
2.69744e+06
2.69733e+06
2.69722e+06
2.6971e+06
2.69698e+06
2.69685e+06
2.69671e+06
2.69657e+06
2.69642e+06
2.69626e+06
2.69609e+06
2.69591e+06
2.69572e+06
2.69551e+06
2.6953e+06
2.69507e+06
2.69482e+06
2.69455e+06
2.69427e+06
2.69397e+06
2.69364e+06
2.69329e+06
2.69291e+06
2.6925e+06
2.69205e+06
2.69157e+06
2.69105e+06
2.69049e+06
2.68987e+06
2.6892e+06
2.68847e+06
2.68767e+06
2.6868e+06
2.68584e+06
2.68479e+06
2.68363e+06
2.68236e+06
2.68096e+06
2.67941e+06
2.67769e+06
2.67579e+06
2.67367e+06
2.67132e+06
2.66867e+06
2.66574e+06
2.66242e+06
2.65872e+06
2.65453e+06
2.6498e+06
2.64443e+06
2.63834e+06
2.63137e+06
2.6235e+06
2.61433e+06
2.60355e+06
2.59085e+06
2.57601e+06
2.55864e+06
2.53847e+06
2.51523e+06
2.48832e+06
2.46292e+06
2.41949e+06
2.37028e+06
2.31766e+06
2.26048e+06
2.19511e+06
2.10676e+06
2.00326e+06
1.89302e+06
2.6992e+06
2.69914e+06
2.69908e+06
2.69902e+06
2.69894e+06
2.69888e+06
2.69883e+06
2.69875e+06
2.6987e+06
2.69859e+06
2.69855e+06
2.69847e+06
2.6984e+06
2.69832e+06
2.69824e+06
2.69816e+06
2.69807e+06
2.69798e+06
2.6979e+06
2.6978e+06
2.69771e+06
2.69761e+06
2.69751e+06
2.6974e+06
2.69729e+06
2.69717e+06
2.69705e+06
2.69692e+06
2.69679e+06
2.69665e+06
2.6965e+06
2.69634e+06
2.69617e+06
2.696e+06
2.69581e+06
2.69561e+06
2.6954e+06
2.69517e+06
2.69493e+06
2.69467e+06
2.69439e+06
2.69409e+06
2.69377e+06
2.69343e+06
2.69305e+06
2.69265e+06
2.69222e+06
2.69174e+06
2.69124e+06
2.69068e+06
2.69008e+06
2.68942e+06
2.68871e+06
2.68792e+06
2.68707e+06
2.68613e+06
2.6851e+06
2.68397e+06
2.68273e+06
2.68136e+06
2.67984e+06
2.67816e+06
2.6763e+06
2.67422e+06
2.67192e+06
2.66934e+06
2.66647e+06
2.66322e+06
2.6596e+06
2.65548e+06
2.65085e+06
2.64558e+06
2.63959e+06
2.63275e+06
2.62502e+06
2.61599e+06
2.60532e+06
2.5927e+06
2.5779e+06
2.56054e+06
2.54035e+06
2.51708e+06
2.49008e+06
2.4657e+06
2.42092e+06
2.37031e+06
2.31689e+06
2.2593e+06
2.19348e+06
2.10211e+06
1.9948e+06
1.88089e+06
2.69925e+06
2.69919e+06
2.69914e+06
2.69907e+06
2.699e+06
2.69894e+06
2.69889e+06
2.69882e+06
2.69876e+06
2.69866e+06
2.69862e+06
2.69853e+06
2.69847e+06
2.69839e+06
2.69831e+06
2.69823e+06
2.69815e+06
2.69806e+06
2.69797e+06
2.69788e+06
2.69779e+06
2.69769e+06
2.69759e+06
2.69748e+06
2.69738e+06
2.69726e+06
2.69714e+06
2.69702e+06
2.69689e+06
2.69675e+06
2.6966e+06
2.69645e+06
2.69628e+06
2.69611e+06
2.69593e+06
2.69573e+06
2.69552e+06
2.6953e+06
2.69507e+06
2.69481e+06
2.69454e+06
2.69425e+06
2.69394e+06
2.6936e+06
2.69324e+06
2.69284e+06
2.69242e+06
2.69196e+06
2.69146e+06
2.69092e+06
2.69033e+06
2.68969e+06
2.68899e+06
2.68823e+06
2.6874e+06
2.68649e+06
2.68548e+06
2.68438e+06
2.68317e+06
2.68183e+06
2.68036e+06
2.67872e+06
2.6769e+06
2.67489e+06
2.67264e+06
2.67013e+06
2.66732e+06
2.66417e+06
2.66063e+06
2.65662e+06
2.65209e+06
2.64695e+06
2.64109e+06
2.63439e+06
2.62683e+06
2.61799e+06
2.60745e+06
2.59499e+06
2.58027e+06
2.56302e+06
2.54284e+06
2.51963e+06
2.49255e+06
2.46926e+06
2.42319e+06
2.37118e+06
2.31682e+06
2.25872e+06
2.19231e+06
2.09757e+06
1.98638e+06
1.86838e+06
2.6993e+06
2.69925e+06
2.69919e+06
2.69913e+06
2.69906e+06
2.699e+06
2.69894e+06
2.69887e+06
2.69882e+06
2.69871e+06
2.69868e+06
2.6986e+06
2.69854e+06
2.69845e+06
2.69838e+06
2.6983e+06
2.69822e+06
2.69813e+06
2.69804e+06
2.69795e+06
2.69786e+06
2.69777e+06
2.69767e+06
2.69757e+06
2.69746e+06
2.69735e+06
2.69723e+06
2.69711e+06
2.69698e+06
2.69684e+06
2.6967e+06
2.69655e+06
2.69639e+06
2.69622e+06
2.69604e+06
2.69585e+06
2.69565e+06
2.69544e+06
2.6952e+06
2.69496e+06
2.69469e+06
2.69441e+06
2.6941e+06
2.69377e+06
2.69342e+06
2.69304e+06
2.69262e+06
2.69218e+06
2.69169e+06
2.69117e+06
2.69059e+06
2.68997e+06
2.68929e+06
2.68855e+06
2.68774e+06
2.68685e+06
2.68588e+06
2.68481e+06
2.68363e+06
2.68233e+06
2.68089e+06
2.67931e+06
2.67754e+06
2.67559e+06
2.67339e+06
2.67097e+06
2.66823e+06
2.66517e+06
2.66171e+06
2.65782e+06
2.65341e+06
2.64841e+06
2.64269e+06
2.63616e+06
2.62878e+06
2.62014e+06
2.60979e+06
2.59752e+06
2.58294e+06
2.56584e+06
2.54574e+06
2.52264e+06
2.49554e+06
2.47333e+06
2.42611e+06
2.37265e+06
2.31726e+06
2.25851e+06
2.19138e+06
2.09295e+06
1.97726e+06
1.85509e+06
2.69935e+06
2.6993e+06
2.69925e+06
2.69918e+06
2.69911e+06
2.69906e+06
2.69901e+06
2.69894e+06
2.69888e+06
2.69878e+06
2.69875e+06
2.69866e+06
2.69861e+06
2.69852e+06
2.69845e+06
2.69837e+06
2.69829e+06
2.6982e+06
2.69812e+06
2.69803e+06
2.69794e+06
2.69785e+06
2.69775e+06
2.69765e+06
2.69755e+06
2.69744e+06
2.69732e+06
2.6972e+06
2.69708e+06
2.69695e+06
2.69681e+06
2.69666e+06
2.6965e+06
2.69634e+06
2.69617e+06
2.69598e+06
2.69578e+06
2.69557e+06
2.69535e+06
2.69511e+06
2.69485e+06
2.69457e+06
2.69427e+06
2.69395e+06
2.69361e+06
2.69324e+06
2.69283e+06
2.6924e+06
2.69193e+06
2.69142e+06
2.69086e+06
2.69026e+06
2.68959e+06
2.68888e+06
2.68809e+06
2.68723e+06
2.68628e+06
2.68524e+06
2.68409e+06
2.68284e+06
2.68144e+06
2.67991e+06
2.67819e+06
2.6763e+06
2.67417e+06
2.67182e+06
2.66915e+06
2.6662e+06
2.66283e+06
2.65907e+06
2.65476e+06
2.64992e+06
2.64434e+06
2.638e+06
2.6308e+06
2.62241e+06
2.61224e+06
2.60021e+06
2.5858e+06
2.56891e+06
2.54893e+06
2.526e+06
2.49894e+06
2.47779e+06
2.42961e+06
2.37466e+06
2.31819e+06
2.25863e+06
2.19069e+06
2.08838e+06
1.96795e+06
1.84008e+06
2.6994e+06
2.69935e+06
2.6993e+06
2.69924e+06
2.69917e+06
2.69912e+06
2.69906e+06
2.699e+06
2.69894e+06
2.69884e+06
2.69881e+06
2.69872e+06
2.69867e+06
2.69859e+06
2.69852e+06
2.69844e+06
2.69836e+06
2.69827e+06
2.69819e+06
2.6981e+06
2.69802e+06
2.69793e+06
2.69783e+06
2.69773e+06
2.69763e+06
2.69752e+06
2.69741e+06
2.6973e+06
2.69717e+06
2.69704e+06
2.69691e+06
2.69677e+06
2.69661e+06
2.69645e+06
2.69628e+06
2.6961e+06
2.69591e+06
2.69571e+06
2.69549e+06
2.69525e+06
2.695e+06
2.69473e+06
2.69444e+06
2.69413e+06
2.69379e+06
2.69343e+06
2.69304e+06
2.69262e+06
2.69216e+06
2.69166e+06
2.69112e+06
2.69053e+06
2.68989e+06
2.68919e+06
2.68842e+06
2.68759e+06
2.68667e+06
2.68567e+06
2.68455e+06
2.68334e+06
2.68198e+06
2.6805e+06
2.67882e+06
2.677e+06
2.67493e+06
2.67266e+06
2.67006e+06
2.66721e+06
2.66393e+06
2.6603e+06
2.65611e+06
2.65143e+06
2.646e+06
2.63986e+06
2.63285e+06
2.62472e+06
2.61475e+06
2.60301e+06
2.5888e+06
2.57218e+06
2.55236e+06
2.52964e+06
2.50269e+06
2.48254e+06
2.43367e+06
2.37715e+06
2.31955e+06
2.25903e+06
2.19019e+06
2.08372e+06
1.95874e+06
1.82429e+06
2.69945e+06
2.69941e+06
2.69936e+06
2.69929e+06
2.69923e+06
2.69917e+06
2.69912e+06
2.69906e+06
2.699e+06
2.6989e+06
2.69888e+06
2.69879e+06
2.69874e+06
2.69865e+06
2.69859e+06
2.6985e+06
2.69843e+06
2.69834e+06
2.69826e+06
2.69818e+06
2.69809e+06
2.698e+06
2.69791e+06
2.69781e+06
2.69771e+06
2.69761e+06
2.6975e+06
2.69739e+06
2.69727e+06
2.69714e+06
2.69701e+06
2.69687e+06
2.69672e+06
2.69656e+06
2.6964e+06
2.69622e+06
2.69603e+06
2.69583e+06
2.69562e+06
2.69539e+06
2.69515e+06
2.69488e+06
2.6946e+06
2.6943e+06
2.69397e+06
2.69362e+06
2.69323e+06
2.69282e+06
2.69237e+06
2.69189e+06
2.69136e+06
2.6908e+06
2.69017e+06
2.6895e+06
2.68875e+06
2.68794e+06
2.68704e+06
2.68608e+06
2.68499e+06
2.68382e+06
2.68249e+06
2.68106e+06
2.67943e+06
2.67767e+06
2.67565e+06
2.67347e+06
2.67094e+06
2.66819e+06
2.665e+06
2.66149e+06
2.65741e+06
2.65289e+06
2.6476e+06
2.64166e+06
2.63483e+06
2.62696e+06
2.61722e+06
2.60579e+06
2.59182e+06
2.57557e+06
2.55595e+06
2.53351e+06
2.50678e+06
2.48748e+06
2.43844e+06
2.38016e+06
2.32136e+06
2.25961e+06
2.18996e+06
2.07893e+06
1.94939e+06
1.80807e+06
2.6995e+06
2.69946e+06
2.69941e+06
2.69935e+06
2.69928e+06
2.69923e+06
2.69918e+06
2.69911e+06
2.69906e+06
2.69896e+06
2.69893e+06
2.69885e+06
2.6988e+06
2.69871e+06
2.69865e+06
2.69857e+06
2.69849e+06
2.69841e+06
2.69833e+06
2.69825e+06
2.69816e+06
2.69807e+06
2.69798e+06
2.69789e+06
2.69779e+06
2.69769e+06
2.69758e+06
2.69747e+06
2.69735e+06
2.69723e+06
2.6971e+06
2.69697e+06
2.69682e+06
2.69667e+06
2.6965e+06
2.69633e+06
2.69615e+06
2.69595e+06
2.69574e+06
2.69552e+06
2.69528e+06
2.69502e+06
2.69475e+06
2.69445e+06
2.69413e+06
2.69379e+06
2.69342e+06
2.69302e+06
2.69258e+06
2.69211e+06
2.6916e+06
2.69105e+06
2.69044e+06
2.68978e+06
2.68905e+06
2.68828e+06
2.6874e+06
2.68647e+06
2.6854e+06
2.68428e+06
2.68298e+06
2.6816e+06
2.68002e+06
2.67832e+06
2.67635e+06
2.67424e+06
2.67179e+06
2.66913e+06
2.66602e+06
2.66263e+06
2.65867e+06
2.65429e+06
2.64915e+06
2.64339e+06
2.63674e+06
2.62909e+06
2.6196e+06
2.60843e+06
2.59475e+06
2.5788e+06
2.5595e+06
2.53738e+06
2.51101e+06
2.49221e+06
2.44371e+06
2.38389e+06
2.32386e+06
2.26049e+06
2.19014e+06
2.07406e+06
1.94005e+06
1.7905e+06
2.69955e+06
2.69951e+06
2.69946e+06
2.6994e+06
2.69933e+06
2.69928e+06
2.69923e+06
2.69917e+06
2.69912e+06
2.69901e+06
2.69899e+06
2.6989e+06
2.69886e+06
2.69877e+06
2.69871e+06
2.69863e+06
2.69855e+06
2.69847e+06
2.69839e+06
2.69831e+06
2.69823e+06
2.69814e+06
2.69806e+06
2.69796e+06
2.69787e+06
2.69777e+06
2.69766e+06
2.69755e+06
2.69744e+06
2.69732e+06
2.69719e+06
2.69705e+06
2.69691e+06
2.69676e+06
2.6966e+06
2.69643e+06
2.69625e+06
2.69606e+06
2.69586e+06
2.69564e+06
2.6954e+06
2.69515e+06
2.69489e+06
2.6946e+06
2.69429e+06
2.69395e+06
2.69359e+06
2.6932e+06
2.69278e+06
2.69232e+06
2.69182e+06
2.69128e+06
2.69069e+06
2.69005e+06
2.68935e+06
2.68859e+06
2.68774e+06
2.68683e+06
2.6858e+06
2.6847e+06
2.68345e+06
2.68211e+06
2.68057e+06
2.67893e+06
2.67702e+06
2.67497e+06
2.67259e+06
2.67001e+06
2.66701e+06
2.66372e+06
2.65987e+06
2.65563e+06
2.65064e+06
2.64505e+06
2.6386e+06
2.63117e+06
2.62192e+06
2.61102e+06
2.59763e+06
2.582e+06
2.56301e+06
2.54122e+06
2.51519e+06
2.49683e+06
2.44862e+06
2.38786e+06
2.32665e+06
2.2617e+06
2.19039e+06
2.0697e+06
1.93141e+06
1.77114e+06
2.6996e+06
2.69955e+06
2.69951e+06
2.69945e+06
2.69938e+06
2.69933e+06
2.69929e+06
2.69922e+06
2.69917e+06
2.69906e+06
2.69905e+06
2.69896e+06
2.69891e+06
2.69883e+06
2.69877e+06
2.69868e+06
2.69861e+06
2.69853e+06
2.69845e+06
2.69837e+06
2.69829e+06
2.69821e+06
2.69812e+06
2.69803e+06
2.69793e+06
2.69783e+06
2.69773e+06
2.69762e+06
2.69751e+06
2.69739e+06
2.69726e+06
2.69713e+06
2.69699e+06
2.69685e+06
2.69669e+06
2.69652e+06
2.69635e+06
2.69616e+06
2.69596e+06
2.69575e+06
2.69552e+06
2.69528e+06
2.69501e+06
2.69473e+06
2.69443e+06
2.6941e+06
2.69375e+06
2.69337e+06
2.69296e+06
2.69251e+06
2.69203e+06
2.6915e+06
2.69093e+06
2.69031e+06
2.68962e+06
2.68888e+06
2.68806e+06
2.68718e+06
2.68618e+06
2.68511e+06
2.68389e+06
2.68259e+06
2.6811e+06
2.6795e+06
2.67765e+06
2.67566e+06
2.67335e+06
2.67085e+06
2.66793e+06
2.66475e+06
2.66101e+06
2.6569e+06
2.65205e+06
2.64663e+06
2.64037e+06
2.63316e+06
2.62415e+06
2.61353e+06
2.60045e+06
2.58515e+06
2.56652e+06
2.5451e+06
2.51944e+06
2.50162e+06
2.4537e+06
2.39219e+06
2.32951e+06
2.26319e+06
2.19033e+06
2.06528e+06
1.92283e+06
1.75056e+06
2.69964e+06
2.6996e+06
2.69956e+06
2.69949e+06
2.69943e+06
2.69938e+06
2.69934e+06
2.69927e+06
2.69922e+06
2.69911e+06
2.6991e+06
2.69901e+06
2.69896e+06
2.69888e+06
2.69882e+06
2.69874e+06
2.69867e+06
2.69858e+06
2.69851e+06
2.69843e+06
2.69835e+06
2.69826e+06
2.69818e+06
2.69809e+06
2.69799e+06
2.6979e+06
2.69779e+06
2.69769e+06
2.69758e+06
2.69746e+06
2.69734e+06
2.69721e+06
2.69707e+06
2.69693e+06
2.69677e+06
2.69661e+06
2.69644e+06
2.69626e+06
2.69606e+06
2.69585e+06
2.69563e+06
2.69539e+06
2.69514e+06
2.69486e+06
2.69456e+06
2.69425e+06
2.6939e+06
2.69353e+06
2.69313e+06
2.6927e+06
2.69222e+06
2.69171e+06
2.69115e+06
2.69055e+06
2.68988e+06
2.68916e+06
2.68836e+06
2.6875e+06
2.68653e+06
2.68549e+06
2.68431e+06
2.68304e+06
2.68159e+06
2.68004e+06
2.67824e+06
2.67631e+06
2.67407e+06
2.67164e+06
2.66881e+06
2.66572e+06
2.66209e+06
2.6581e+06
2.65339e+06
2.64813e+06
2.64204e+06
2.63505e+06
2.62628e+06
2.61594e+06
2.60316e+06
2.58821e+06
2.56995e+06
2.54894e+06
2.52368e+06
2.50642e+06
2.45887e+06
2.39683e+06
2.33281e+06
2.26498e+06
2.19044e+06
2.06114e+06
1.91443e+06
1.73007e+06
2.69969e+06
2.69964e+06
2.69961e+06
2.69954e+06
2.69948e+06
2.69943e+06
2.69938e+06
2.69931e+06
2.69927e+06
2.69915e+06
2.69915e+06
2.69905e+06
2.69901e+06
2.69893e+06
2.69887e+06
2.69879e+06
2.69871e+06
2.69863e+06
2.69856e+06
2.69848e+06
2.6984e+06
2.69831e+06
2.69823e+06
2.69814e+06
2.69805e+06
2.69795e+06
2.69785e+06
2.69775e+06
2.69764e+06
2.69752e+06
2.6974e+06
2.69728e+06
2.69714e+06
2.697e+06
2.69685e+06
2.69669e+06
2.69653e+06
2.69635e+06
2.69616e+06
2.69595e+06
2.69573e+06
2.6955e+06
2.69525e+06
2.69498e+06
2.69469e+06
2.69438e+06
2.69405e+06
2.69368e+06
2.69329e+06
2.69287e+06
2.69241e+06
2.69191e+06
2.69136e+06
2.69077e+06
2.69012e+06
2.68942e+06
2.68864e+06
2.6878e+06
2.68686e+06
2.68585e+06
2.6847e+06
2.68347e+06
2.68206e+06
2.68054e+06
2.6788e+06
2.67692e+06
2.67474e+06
2.67238e+06
2.66962e+06
2.66662e+06
2.66309e+06
2.65922e+06
2.65464e+06
2.64954e+06
2.64362e+06
2.63682e+06
2.62828e+06
2.61822e+06
2.60574e+06
2.59116e+06
2.57328e+06
2.55271e+06
2.52787e+06
2.51118e+06
2.46411e+06
2.40171e+06
2.33638e+06
2.26692e+06
2.19049e+06
2.05717e+06
1.90592e+06
1.70881e+06
2.69974e+06
2.69968e+06
2.69965e+06
2.69959e+06
2.69952e+06
2.69947e+06
2.69943e+06
2.69936e+06
2.69931e+06
2.69919e+06
2.69919e+06
2.6991e+06
2.69906e+06
2.69897e+06
2.69891e+06
2.69883e+06
2.69875e+06
2.69867e+06
2.6986e+06
2.69852e+06
2.69844e+06
2.69836e+06
2.69827e+06
2.69819e+06
2.6981e+06
2.698e+06
2.6979e+06
2.6978e+06
2.6977e+06
2.69758e+06
2.69747e+06
2.69734e+06
2.69721e+06
2.69707e+06
2.69693e+06
2.69677e+06
2.69661e+06
2.69643e+06
2.69625e+06
2.69605e+06
2.69584e+06
2.69561e+06
2.69536e+06
2.6951e+06
2.69482e+06
2.69451e+06
2.69418e+06
2.69383e+06
2.69344e+06
2.69303e+06
2.69258e+06
2.69209e+06
2.69156e+06
2.69098e+06
2.69035e+06
2.68967e+06
2.6889e+06
2.68809e+06
2.68717e+06
2.68618e+06
2.68506e+06
2.68386e+06
2.68249e+06
2.68101e+06
2.67931e+06
2.67749e+06
2.67536e+06
2.67307e+06
2.67038e+06
2.66747e+06
2.66403e+06
2.66027e+06
2.65581e+06
2.65085e+06
2.64509e+06
2.63849e+06
2.63016e+06
2.62037e+06
2.60819e+06
2.59397e+06
2.57648e+06
2.55638e+06
2.53197e+06
2.51584e+06
2.46939e+06
2.40681e+06
2.34021e+06
2.26903e+06
2.19053e+06
2.05355e+06
1.89756e+06
1.68631e+06
2.69979e+06
2.69972e+06
2.6997e+06
2.69963e+06
2.69957e+06
2.69951e+06
2.69947e+06
2.69939e+06
2.69936e+06
2.69923e+06
2.69923e+06
2.69913e+06
2.69909e+06
2.699e+06
2.69894e+06
2.69886e+06
2.69879e+06
2.69871e+06
2.69863e+06
2.69856e+06
2.69848e+06
2.6984e+06
2.69832e+06
2.69823e+06
2.69814e+06
2.69805e+06
2.69796e+06
2.69786e+06
2.69775e+06
2.69764e+06
2.69753e+06
2.69741e+06
2.69728e+06
2.69714e+06
2.697e+06
2.69685e+06
2.69669e+06
2.69652e+06
2.69634e+06
2.69614e+06
2.69593e+06
2.69571e+06
2.69547e+06
2.69521e+06
2.69493e+06
2.69464e+06
2.69431e+06
2.69397e+06
2.69359e+06
2.69319e+06
2.69274e+06
2.69227e+06
2.69175e+06
2.69118e+06
2.69056e+06
2.68989e+06
2.68915e+06
2.68835e+06
2.68745e+06
2.68649e+06
2.6854e+06
2.68423e+06
2.68289e+06
2.68145e+06
2.6798e+06
2.67802e+06
2.67594e+06
2.67371e+06
2.67109e+06
2.66825e+06
2.6649e+06
2.66124e+06
2.6569e+06
2.65207e+06
2.64646e+06
2.64004e+06
2.63192e+06
2.62239e+06
2.61049e+06
2.59664e+06
2.57953e+06
2.55992e+06
2.53596e+06
2.52037e+06
2.47467e+06
2.41206e+06
2.34426e+06
2.27125e+06
2.19049e+06
2.05022e+06
1.88973e+06
1.66209e+06
2.69984e+06
2.69975e+06
2.69975e+06
2.69968e+06
2.69961e+06
2.69955e+06
2.6995e+06
2.69942e+06
2.6994e+06
2.69925e+06
2.69926e+06
2.69916e+06
2.69912e+06
2.69904e+06
2.69898e+06
2.6989e+06
2.69883e+06
2.69875e+06
2.69867e+06
2.6986e+06
2.69852e+06
2.69845e+06
2.69836e+06
2.69828e+06
2.69819e+06
2.6981e+06
2.69801e+06
2.69791e+06
2.69781e+06
2.6977e+06
2.69759e+06
2.69747e+06
2.69735e+06
2.69721e+06
2.69707e+06
2.69692e+06
2.69677e+06
2.6966e+06
2.69642e+06
2.69623e+06
2.69602e+06
2.6958e+06
2.69557e+06
2.69532e+06
2.69504e+06
2.69475e+06
2.69444e+06
2.6941e+06
2.69373e+06
2.69333e+06
2.6929e+06
2.69243e+06
2.69192e+06
2.69137e+06
2.69076e+06
2.69011e+06
2.68938e+06
2.6886e+06
2.68772e+06
2.68678e+06
2.68571e+06
2.68457e+06
2.68326e+06
2.68187e+06
2.68024e+06
2.67851e+06
2.67648e+06
2.67431e+06
2.67175e+06
2.66899e+06
2.66572e+06
2.66215e+06
2.65791e+06
2.65321e+06
2.64773e+06
2.64148e+06
2.63355e+06
2.62427e+06
2.61265e+06
2.59915e+06
2.58242e+06
2.5633e+06
2.5398e+06
2.52473e+06
2.47994e+06
2.41749e+06
2.34848e+06
2.27354e+06
2.19033e+06
2.04718e+06
1.88285e+06
1.63549e+06
2.6999e+06
2.69977e+06
2.69979e+06
2.69972e+06
2.69964e+06
2.69958e+06
2.69954e+06
2.69945e+06
2.69944e+06
2.69927e+06
2.6993e+06
2.69919e+06
2.69915e+06
2.69907e+06
2.69901e+06
2.69893e+06
2.69886e+06
2.69878e+06
2.69871e+06
2.69864e+06
2.69856e+06
2.69849e+06
2.69841e+06
2.69833e+06
2.69824e+06
2.69815e+06
2.69806e+06
2.69797e+06
2.69786e+06
2.69776e+06
2.69765e+06
2.69753e+06
2.69741e+06
2.69728e+06
2.69714e+06
2.69699e+06
2.69684e+06
2.69667e+06
2.6965e+06
2.69631e+06
2.69611e+06
2.69589e+06
2.69566e+06
2.69541e+06
2.69515e+06
2.69486e+06
2.69455e+06
2.69422e+06
2.69386e+06
2.69347e+06
2.69305e+06
2.69259e+06
2.69209e+06
2.69155e+06
2.69095e+06
2.69032e+06
2.6896e+06
2.68884e+06
2.68798e+06
2.68706e+06
2.68601e+06
2.68489e+06
2.68361e+06
2.68225e+06
2.68066e+06
2.67897e+06
2.67699e+06
2.67487e+06
2.67236e+06
2.66967e+06
2.66647e+06
2.66299e+06
2.65885e+06
2.65427e+06
2.64891e+06
2.64283e+06
2.63507e+06
2.62603e+06
2.61466e+06
2.60152e+06
2.58514e+06
2.56653e+06
2.54348e+06
2.5289e+06
2.48518e+06
2.42304e+06
2.35286e+06
2.27591e+06
2.19001e+06
2.04412e+06
1.8771e+06
1.61012e+06
2.69995e+06
2.69978e+06
2.69984e+06
2.69977e+06
2.69967e+06
2.69962e+06
2.69957e+06
2.69949e+06
2.69948e+06
2.69929e+06
2.69933e+06
2.69922e+06
2.69919e+06
2.69911e+06
2.69905e+06
2.69897e+06
2.6989e+06
2.69883e+06
2.69875e+06
2.69868e+06
2.69861e+06
2.69854e+06
2.69846e+06
2.69838e+06
2.69829e+06
2.69821e+06
2.69812e+06
2.69802e+06
2.69792e+06
2.69782e+06
2.69771e+06
2.69759e+06
2.69747e+06
2.69734e+06
2.69721e+06
2.69706e+06
2.69691e+06
2.69675e+06
2.69657e+06
2.69639e+06
2.69619e+06
2.69598e+06
2.69575e+06
2.69551e+06
2.69525e+06
2.69497e+06
2.69466e+06
2.69434e+06
2.69398e+06
2.6936e+06
2.69318e+06
2.69274e+06
2.69224e+06
2.69172e+06
2.69113e+06
2.69051e+06
2.6898e+06
2.68906e+06
2.68821e+06
2.68731e+06
2.68629e+06
2.6852e+06
2.68394e+06
2.6826e+06
2.68105e+06
2.6794e+06
2.67745e+06
2.67538e+06
2.67293e+06
2.6703e+06
2.66717e+06
2.66377e+06
2.65972e+06
2.65525e+06
2.65001e+06
2.64407e+06
2.63647e+06
2.62766e+06
2.61653e+06
2.60373e+06
2.5877e+06
2.56959e+06
2.54699e+06
2.53283e+06
2.49035e+06
2.4287e+06
2.35737e+06
2.27835e+06
2.18946e+06
2.04149e+06
1.87021e+06
1.5854e+06
2.70002e+06
2.69981e+06
2.69991e+06
2.69986e+06
2.69974e+06
2.69968e+06
2.69962e+06
2.69953e+06
2.69953e+06
2.69933e+06
2.69937e+06
2.69926e+06
2.69922e+06
2.69915e+06
2.69908e+06
2.69901e+06
2.69894e+06
2.69887e+06
2.6988e+06
2.69873e+06
2.69865e+06
2.69858e+06
2.6985e+06
2.69842e+06
2.69834e+06
2.69825e+06
2.69816e+06
2.69807e+06
2.69797e+06
2.69787e+06
2.69776e+06
2.69765e+06
2.69753e+06
2.6974e+06
2.69727e+06
2.69713e+06
2.69697e+06
2.69681e+06
2.69664e+06
2.69646e+06
2.69627e+06
2.69606e+06
2.69583e+06
2.6956e+06
2.69534e+06
2.69506e+06
2.69476e+06
2.69444e+06
2.69409e+06
2.69372e+06
2.69331e+06
2.69287e+06
2.69239e+06
2.69187e+06
2.6913e+06
2.69069e+06
2.69e+06
2.68927e+06
2.68843e+06
2.68756e+06
2.68655e+06
2.68548e+06
2.68424e+06
2.68294e+06
2.68141e+06
2.67979e+06
2.67789e+06
2.67587e+06
2.67346e+06
2.67089e+06
2.66782e+06
2.6645e+06
2.66052e+06
2.65616e+06
2.65102e+06
2.64522e+06
2.63777e+06
2.62918e+06
2.61826e+06
2.6058e+06
2.59008e+06
2.57249e+06
2.55032e+06
2.53653e+06
2.49547e+06
2.43439e+06
2.36196e+06
2.28091e+06
2.18865e+06
2.03899e+06
1.86568e+06
1.55535e+06
2.70014e+06
2.69991e+06
2.70003e+06
2.69999e+06
2.69984e+06
2.69976e+06
2.69969e+06
2.69958e+06
2.69958e+06
2.69937e+06
2.69941e+06
2.6993e+06
2.69927e+06
2.69919e+06
2.69913e+06
2.69906e+06
2.69899e+06
2.69892e+06
2.69885e+06
2.69878e+06
2.69871e+06
2.69863e+06
2.69856e+06
2.69848e+06
2.6984e+06
2.69831e+06
2.69822e+06
2.69813e+06
2.69803e+06
2.69793e+06
2.69782e+06
2.69771e+06
2.69759e+06
2.69747e+06
2.69733e+06
2.69719e+06
2.69704e+06
2.69689e+06
2.69672e+06
2.69654e+06
2.69634e+06
2.69614e+06
2.69592e+06
2.69568e+06
2.69543e+06
2.69516e+06
2.69486e+06
2.69455e+06
2.6942e+06
2.69384e+06
2.69343e+06
2.693e+06
2.69252e+06
2.69202e+06
2.69145e+06
2.69085e+06
2.69017e+06
2.68946e+06
2.68864e+06
2.68778e+06
2.68679e+06
2.68574e+06
2.68453e+06
2.68325e+06
2.68175e+06
2.68016e+06
2.67829e+06
2.67631e+06
2.67395e+06
2.67143e+06
2.66842e+06
2.66517e+06
2.66127e+06
2.65699e+06
2.65195e+06
2.64628e+06
2.63897e+06
2.63058e+06
2.61986e+06
2.60771e+06
2.59229e+06
2.5752e+06
2.55344e+06
2.53999e+06
2.50047e+06
2.44016e+06
2.36664e+06
2.28346e+06
2.18772e+06
2.03647e+06
1.86144e+06
1.52714e+06
2.70035e+06
2.7002e+06
2.70025e+06
2.70024e+06
2.70005e+06
2.69993e+06
2.69983e+06
2.69968e+06
2.69965e+06
2.69943e+06
2.69946e+06
2.69936e+06
2.69932e+06
2.69924e+06
2.69918e+06
2.6991e+06
2.69903e+06
2.69896e+06
2.69889e+06
2.69882e+06
2.69875e+06
2.69867e+06
2.6986e+06
2.69852e+06
2.69844e+06
2.69835e+06
2.69826e+06
2.69817e+06
2.69807e+06
2.69797e+06
2.69787e+06
2.69775e+06
2.69764e+06
2.69751e+06
2.69738e+06
2.69724e+06
2.6971e+06
2.69694e+06
2.69677e+06
2.6966e+06
2.69641e+06
2.69621e+06
2.69599e+06
2.69576e+06
2.69551e+06
2.69524e+06
2.69495e+06
2.69464e+06
2.6943e+06
2.69394e+06
2.69354e+06
2.69312e+06
2.69265e+06
2.69216e+06
2.6916e+06
2.69101e+06
2.69034e+06
2.68964e+06
2.68884e+06
2.68799e+06
2.68702e+06
2.686e+06
2.6848e+06
2.68355e+06
2.68207e+06
2.68052e+06
2.67868e+06
2.67673e+06
2.67442e+06
2.67195e+06
2.66899e+06
2.6658e+06
2.66197e+06
2.65778e+06
2.65282e+06
2.64727e+06
2.64008e+06
2.63188e+06
2.62135e+06
2.6095e+06
2.59435e+06
2.57775e+06
2.55637e+06
2.54319e+06
2.50533e+06
2.44594e+06
2.37138e+06
2.28596e+06
2.18651e+06
2.03373e+06
1.85788e+06
1.49722e+06
2.70067e+06
2.70066e+06
2.70054e+06
2.70056e+06
2.70033e+06
2.70013e+06
2.69997e+06
2.69976e+06
2.6997e+06
2.6995e+06
2.69953e+06
2.69943e+06
2.69939e+06
2.69931e+06
2.69925e+06
2.69918e+06
2.69911e+06
2.69904e+06
2.69896e+06
2.6989e+06
2.69882e+06
2.69875e+06
2.69867e+06
2.69859e+06
2.69851e+06
2.69843e+06
2.69834e+06
2.69825e+06
2.69815e+06
2.69805e+06
2.69794e+06
2.69783e+06
2.69771e+06
2.69759e+06
2.69746e+06
2.69732e+06
2.69718e+06
2.69702e+06
2.69685e+06
2.69668e+06
2.69649e+06
2.69629e+06
2.69607e+06
2.69585e+06
2.6956e+06
2.69533e+06
2.69505e+06
2.69474e+06
2.6944e+06
2.69405e+06
2.69365e+06
2.69324e+06
2.69277e+06
2.69229e+06
2.69173e+06
2.69115e+06
2.69049e+06
2.6898e+06
2.68901e+06
2.68818e+06
2.68721e+06
2.68621e+06
2.68503e+06
2.6838e+06
2.68234e+06
2.68082e+06
2.67901e+06
2.6771e+06
2.67482e+06
2.67239e+06
2.66948e+06
2.66635e+06
2.66259e+06
2.65847e+06
2.65359e+06
2.64813e+06
2.64107e+06
2.63303e+06
2.62267e+06
2.61111e+06
2.59621e+06
2.58009e+06
2.55906e+06
2.54609e+06
2.50997e+06
2.45161e+06
2.37624e+06
2.28826e+06
2.18492e+06
2.03058e+06
1.85287e+06
1.467e+06
2.70116e+06
2.70182e+06
2.70115e+06
2.70119e+06
2.70099e+06
2.70066e+06
2.70038e+06
2.69999e+06
2.69978e+06
2.69957e+06
2.69958e+06
2.69947e+06
2.69941e+06
2.69934e+06
2.69926e+06
2.69919e+06
2.69912e+06
2.69905e+06
2.69897e+06
2.6989e+06
2.69883e+06
2.69876e+06
2.69868e+06
2.6986e+06
2.69852e+06
2.69843e+06
2.69834e+06
2.69825e+06
2.69816e+06
2.69806e+06
2.69795e+06
2.69784e+06
2.69773e+06
2.69761e+06
2.69748e+06
2.69734e+06
2.6972e+06
2.69705e+06
2.69688e+06
2.69671e+06
2.69653e+06
2.69633e+06
2.69612e+06
2.69589e+06
2.69565e+06
2.69539e+06
2.69511e+06
2.69481e+06
2.69448e+06
2.69413e+06
2.69375e+06
2.69334e+06
2.69288e+06
2.6924e+06
2.69186e+06
2.6913e+06
2.69065e+06
2.68997e+06
2.68919e+06
2.68838e+06
2.68743e+06
2.68645e+06
2.68529e+06
2.68409e+06
2.68266e+06
2.68117e+06
2.67939e+06
2.67751e+06
2.67527e+06
2.67288e+06
2.67003e+06
2.66696e+06
2.66327e+06
2.65923e+06
2.65443e+06
2.64907e+06
2.64212e+06
2.63424e+06
2.62404e+06
2.61274e+06
2.59807e+06
2.58242e+06
2.56173e+06
2.54886e+06
2.51452e+06
2.45726e+06
2.38118e+06
2.2905e+06
2.18332e+06
2.02737e+06
1.84844e+06
1.43666e+06
2.7019e+06
2.70284e+06
2.70156e+06
2.70173e+06
2.70151e+06
2.70099e+06
2.70057e+06
2.70006e+06
2.69986e+06
2.69971e+06
2.69975e+06
2.69963e+06
2.69957e+06
2.69949e+06
2.69942e+06
2.69935e+06
2.69927e+06
2.6992e+06
2.69913e+06
2.69906e+06
2.69899e+06
2.69891e+06
2.69883e+06
2.69875e+06
2.69867e+06
2.69858e+06
2.69849e+06
2.6984e+06
2.6983e+06
2.6982e+06
2.69809e+06
2.69798e+06
2.69786e+06
2.69774e+06
2.69761e+06
2.69747e+06
2.69733e+06
2.69717e+06
2.69701e+06
2.69683e+06
2.69665e+06
2.69645e+06
2.69623e+06
2.69601e+06
2.69576e+06
2.6955e+06
2.69522e+06
2.69492e+06
2.69459e+06
2.69424e+06
2.69385e+06
2.69345e+06
2.69299e+06
2.69251e+06
2.69197e+06
2.69141e+06
2.69076e+06
2.69009e+06
2.68931e+06
2.6885e+06
2.68756e+06
2.68658e+06
2.68543e+06
2.68423e+06
2.68281e+06
2.68132e+06
2.67957e+06
2.67769e+06
2.67549e+06
2.67311e+06
2.6703e+06
2.66724e+06
2.6636e+06
2.65959e+06
2.65483e+06
2.64954e+06
2.64266e+06
2.63491e+06
2.62481e+06
2.61374e+06
2.59922e+06
2.584e+06
2.56357e+06
2.55084e+06
2.51822e+06
2.46204e+06
2.38561e+06
2.29255e+06
2.18188e+06
2.0241e+06
1.84389e+06
1.40846e+06
2.7028e+06
2.70761e+06
2.70323e+06
2.70309e+06
2.70345e+06
2.7028e+06
2.70191e+06
2.70061e+06
2.69977e+06
2.6995e+06
2.69961e+06
2.69951e+06
2.69945e+06
2.69937e+06
2.69929e+06
2.69922e+06
2.69915e+06
2.69908e+06
2.699e+06
2.69893e+06
2.69886e+06
2.69878e+06
2.6987e+06
2.69863e+06
2.69854e+06
2.69846e+06
2.69837e+06
2.69828e+06
2.69819e+06
2.69809e+06
2.69799e+06
2.69788e+06
2.69777e+06
2.69765e+06
2.69752e+06
2.69739e+06
2.69725e+06
2.6971e+06
2.69694e+06
2.69678e+06
2.6966e+06
2.69641e+06
2.6962e+06
2.69599e+06
2.69575e+06
2.6955e+06
2.69523e+06
2.69494e+06
2.69463e+06
2.69429e+06
2.69392e+06
2.69353e+06
2.69309e+06
2.69263e+06
2.69211e+06
2.69156e+06
2.69094e+06
2.69029e+06
2.68954e+06
2.68877e+06
2.68786e+06
2.68691e+06
2.6858e+06
2.68465e+06
2.68328e+06
2.68185e+06
2.68015e+06
2.67835e+06
2.67621e+06
2.67392e+06
2.6712e+06
2.66826e+06
2.66473e+06
2.66089e+06
2.65627e+06
2.65117e+06
2.6445e+06
2.63705e+06
2.62728e+06
2.61667e+06
2.60269e+06
2.58819e+06
2.56873e+06
2.55628e+06
2.52781e+06
2.47664e+06
2.40193e+06
2.30485e+06
2.18679e+06
2.02848e+06
1.85142e+06
1.34234e+06
1.82701e+06
1.69338e+06
1.54534e+06
1.39838e+06
1.26252e+06
1.13215e+06
1.01086e+06
901248
801237
708629
624074
552261
491052
435632
388059
350003
317482
288533
264902
246416
231129
218047
205897
196320
187929
180013
171826
163624
156182
148635
140312
131885
124376
116931
108829
101427
94548.3
87692.5
81296.6
77164.4
1.80449e+06
1.67728e+06
1.53871e+06
1.40095e+06
1.27382e+06
1.15354e+06
1.04299e+06
940584
844310
757666
680459
608919
544341
491354
446261
403953
366045
336003
311483
289236
268259
251356
237747
225787
214032
202642
193098
184467
176125
166983
158260
150480
142567
134654
126728
119262
112218
105133
98445.4
92031.7
1.79607e+06
1.66749e+06
1.52738e+06
1.39039e+06
1.26533e+06
1.14461e+06
1.03325e+06
933316
840415
754636
675666
605149
545574
494795
448111
405205
369090
340010
315358
293367
271618
254029
239848
227480
216268
204352
193817
184806
176311
167716
158397
150292
142737
134682
126859
119570
112409
105442
99018.2
93307.6
1.7826e+06
1.65289e+06
1.51256e+06
1.37453e+06
1.25115e+06
1.13534e+06
1.02496e+06
923548
833584
752403
675168
604845
545928
496884
453448
412390
376016
346697
322553
301416
281196
262335
247760
235064
222721
210873
199878
189768
180536
171565
162286
153234
145131
137607
129840
121770
114638
107907
101455
95538.6
1.76939e+06
1.63509e+06
1.49355e+06
1.35866e+06
1.23323e+06
1.11469e+06
1.01062e+06
912824
819585
738786
666996
600175
541712
494331
452538
412496
378488
351546
327560
304278
284125
267701
253101
238583
224683
212698
202118
192097
181346
171302
162625
153860
145423
136978
129162
121755
114437
107430
101181
95503.6
1.75415e+06
1.61669e+06
1.47001e+06
1.33553e+06
1.21605e+06
1.09632e+06
988079
895729
808517
727249
654454
591254
538358
492778
450378
412237
380926
355040
331895
309025
288654
271634
256867
243181
228734
215490
204202
193726
182902
172733
163257
154024
145668
137272
129103
121574
114449
107431
101160
95544.4
1.73597e+06
1.59521e+06
1.44798e+06
1.31041e+06
1.19002e+06
1.07658e+06
969611
873972
790392
715094
643814
581753
531828
489311
449618
413002
382452
357255
335049
313812
292779
275117
259866
245758
231714
217449
205744
194420
183381
173101
162974
153682
145174
136610
128464
120866
113704
106741
100570
95060.5
1.71744e+06
1.56968e+06
1.42139e+06
1.28744e+06
1.16465e+06
1.05008e+06
948762
855136
771939
700166
633133
573573
525162
485200
449169
414374
384337
359554
337830
317686
296849
278416
262757
248170
233223
219472
207064
194566
183627
173372
162672
152988
144611
136086
127712
120161
113027
106042
99954.5
94529.3
1.6975e+06
1.5454e+06
1.39107e+06
1.25927e+06
1.14196e+06
1.02518e+06
922892
835649
756050
685265
620909
565321
520595
482899
448335
414931
386407
362548
341076
320830
299455
281154
265303
250146
234166
220544
207771
194713
183368
173050
162239
152414
143837
135260
126902
119191
112141
105268
99176.8
93856.9
1.67453e+06
1.51894e+06
1.36419e+06
1.22867e+06
1.11259e+06
1.00199e+06
900839
813503
737661
671879
611441
558338
516194
480806
448321
416279
388756
365457
344115
323153
301657
283686
267482
251172
234806
221176
208209
194671
182861
172482
161876
151617
142956
134486
125999
118299
111296
104447
98373
93198
1.65057e+06
1.48898e+06
1.33495e+06
1.20273e+06
1.083e+06
972595
878910
796718
719963
657989
602466
552790
512884
479609
448460
417622
391186
368379
346859
324387
303500
285744
268999
251373
235201
221450
208234
194369
182325
171816
161201
150993
141904
133647
125200
117339
110346
103698
97536.6
92517.7
1.6267e+06
1.45792e+06
1.30212e+06
1.17546e+06
1.05822e+06
945025
854134
778835
705571
646145
594207
548079
511247
479689
448924
419168
393511
370874
348779
325560
305140
287221
269602
251478
235564
221615
207941
193860
181755
171152
160494
150250
140975
132771
124277
116661
109375
102936
96694.2
91942.6
1.60144e+06
1.42839e+06
1.26876e+06
1.14335e+06
1.03404e+06
922081
830101
759735
694037
635452
585932
544951
510963
479536
448855
420724
396027
373048
349487
326483
306279
288008
269983
251500
235280
221150
207563
193552
181063
170379
159552
149620
140037
131858
123489
115807
108526
102145
95831.9
91376.3
1.57297e+06
1.39862e+06
1.23855e+06
1.1104e+06
1.00488e+06
900872
810093
740573
680950
628429
580875
542094
509981
480444
450496
422307
397328
374210
351006
327431
306506
287970
270235
251650
234981
220727
206671
193152
180516
169539
158744
148767
139227
131022
122692
115010
107788
101409
95032.1
90825.8
1.54318e+06
1.36641e+06
1.20964e+06
1.08139e+06
975614
876655
793765
725502
668341
620770
578458
540732
509387
480817
452062
423526
398108
374799
351724
327858
306668
287958
269980
251166
234537
220286
206086
192178
179827
168955
157802
147860
138592
130272
121875
114241
107098
100728
94378.2
90348.1
1.51351e+06
1.33234e+06
1.17878e+06
1.05508e+06
949128
852709
776168
714163
658681
614348
576109
540744
509399
481360
453142
424619
398938
375317
351831
327827
306925
288024
268654
251077
234750
219246
204981
191997
179061
167850
157203
147255
137726
129452
121239
113557
106430
100068
93773.8
89994.9
1.48434e+06
1.29822e+06
1.14671e+06
1.02951e+06
925937
831051
759064
703732
651965
609706
573939
541085
509902
481999
453731
425042
399362
375646
351545
327464
306754
287734
268237
250157
233813
219013
204349
190811
178422
167369
156351
146368
137116
128801
120541
112870
105832
99469.2
93237.9
89783.3
1.45605e+06
1.26514e+06
1.11426e+06
1.00333e+06
904660
811825
744462
693303
646168
606946
573148
541294
510397
482605
453389
425669
400506
374806
350213
328379
306750
286218
267497
250198
233182
217827
203697
190405
177658
166441
155717
145763
136447
128094
119938
112256
105277
98898.4
92759.6
89820.1
1.42615e+06
1.23643e+06
1.08324e+06
975970
885571
794828
730361
684971
642658
604820
572289
541204
511402
482591
453185
425884
400306
374438
349658
327567
306581
285578
266460
249414
232753
217168
202805
189525
177156
165825
154938
145021
135924
127484
119345
111664
104780
98376
92358.5
90132.2
1.39103e+06
1.20585e+06
1.05905e+06
949353
862590
781429
720845
676366
637816
604425
572676
541492
510807
482608
454023
425432
399446
373965
349875
326918
305199
285035
266497
248399
231714
216543
202445
188662
176436
165106
154454
144330
135400
126796
118904
111059
104390
97797.7
92010.5
90715.8
1.36098e+06
1.16873e+06
1.03202e+06
931929
842947
764232
711256
671980
636008
603562
572455
541180
511410
482611
452723
425368
399284
372956
349060
326367
304648
284151
265613
247730
231153
215772
201661
188019
175912
164458
153817
143770
134915
126274
118424
110582
103967
97327.5
91629.7
91702.1
1.3333e+06
1.13995e+06
1.00339e+06
911338
829552
752157
701793
667557
635007
603819
572332
540650
511310
482103
452277
424625
398691
372294
348363
325443
303985
283302
264923
246829
230461
214948
201000
187216
175313
163651
153250
143091
134367
125574
117954
109970
103533
96702.3
91276.2
93352.2
1.30029e+06
1.11038e+06
982353
890257
809373
738495
696073
665312
634243
603476
572052
540288
510994
481134
451677
424037
397812
371420
347777
324482
303164
282612
264250
245933
229884
214276
200377
186566
174844
163038
152806
142575
133978
125102
117629
109518
103304
96252.9
90972.1
95549.3
1.27019e+06
1.07509e+06
957005
873673
795293
729673
691987
663698
633702
603102
571460
539761
510368
480216
451013
423276
397016
370619
347072
323649
302506
281888
263589
245249
229348
213637
199830
186031
174389
162519
152389
142148
133610
124721
117309
109179
103061
95872.6
90838.6
97897.2
1.23959e+06
1.04774e+06
940702
860108
782892
721939
688601
662378
633236
602625
570771
539137
509701
479308
450408
422538
396304
369830
346408
322866
301892
281187
262957
244591
228818
213033
199315
185534
173942
162060
151999
141783
133268
124415
117015
108913
102847
95606.3
91184.9
100473
1.21126e+06
1.02262e+06
925191
847355
770616
714916
686097
661454
632956
602096
570250
538594
509283
478469
449959
421816
395599
369064
345734
322098
301243
280473
262298
243949
228233
212446
198768
185048
173442
161632
151568
141439
132879
124149
116695
108692
102601
95436.2
92018
104130
1.18306e+06
998519
909706
836747
757154
708693
684800
661529
633196
602038
570197
538329
508700
477722
449131
420854
394530
368014
344558
321005
300072
279351
261105
242886
227076
211418
197685
184106
172408
160786
150658
140683
132067
123519
116030
108213
102215
95107.3
93133.5
110202
1.12674e+06
946895
890253
812529
734645
699552
685642
662639
632802
600658
567871
535566
505388
474345
445336
417123
390565
364214
340592
317265
296264
275811
257532
239569
223782
208372
194666
181323
169693
158246
148179
138375
129824
121374
113923
106209
100090
92816.9
94432.4
121145
)
;

boundaryField
{
    inlet
    {
        type            fixedValue;
        value           uniform 2.7035e+06;
    }
    outlet
    {
        type            waveTransmissive;
        psi             psi;
        gamma           1.2;
        fieldInf        101325;
        lInf            0.0693549;
        value           nonuniform List<scalar> 
28
(
77633.2
92221
93463.1
95645.2
95611.9
95656.3
95181.2
94658.9
94002
93357.4
92692.9
92124.1
91564.4
91025.4
90555.7
90211.2
90001.8
90038.3
90343.5
90917.3
91884.6
93502.8
95655.8
97958.9
100486
104074
110031
120766
)
;
    }
    fluid_to_graphite
    {
        type            zeroGradient;
    }
    wedgeBack
    {
        type            wedge;
    }
    wedgeFront
    {
        type            wedge;
    }
    defaultFaces
    {
        type            empty;
    }
}


                                                                               
