                                                                               
                             
                                                                   
                                                            
                                          
                             
                                                                               
FoamFile
{
    format          ascii;
    class           volScalarField;
    location        1 / fluid;
    object          rho;
}
                                                                               

dimensions      [ 1 -3 0 0 0 0 0 ];

internalField   nonuniform List<scalar> 
4592
(
2.94314
2.94292
2.94271
2.9425
2.94232
2.94212
2.94195
2.94178
2.94162
2.94146
2.94131
2.94117
2.94103
2.9409
2.94078
2.94065
2.94054
2.94043
2.94032
2.94022
2.94012
2.94003
2.93994
2.93985
2.93977
2.93969
2.93961
2.93954
2.93946
2.93939
2.93933
2.93926
2.94314
2.94291
2.94271
2.9425
2.94231
2.94212
2.94195
2.94177
2.94161
2.94145
2.9413
2.94116
2.94102
2.94089
2.94076
2.94064
2.94053
2.94041
2.94031
2.9402
2.9401
2.94001
2.93992
2.93983
2.93974
2.93966
2.93958
2.9395
2.93943
2.93935
2.93928
2.93921
2.94314
2.94292
2.94271
2.9425
2.94232
2.94212
2.94195
2.94178
2.94162
2.94146
2.94131
2.94117
2.94103
2.9409
2.94077
2.94065
2.94054
2.94043
2.94032
2.94022
2.94012
2.94003
2.93994
2.93985
2.93976
2.93968
2.9396
2.93953
2.93945
2.93938
2.93931
2.93924
2.94314
2.94292
2.94272
2.9425
2.94232
2.94213
2.94195
2.94178
2.94162
2.94146
2.94131
2.94117
2.94103
2.9409
2.94078
2.94066
2.94054
2.94043
2.94033
2.94023
2.94013
2.94004
2.93995
2.93986
2.93977
2.93969
2.93961
2.93954
2.93947
2.93939
2.93933
2.93926
2.94314
2.94292
2.94272
2.9425
2.94232
2.94213
2.94196
2.94178
2.94163
2.94147
2.94132
2.94118
2.94105
2.94092
2.94079
2.94067
2.94056
2.94045
2.94035
2.94025
2.94015
2.94006
2.93997
2.93988
2.9398
2.93972
2.93965
2.93957
2.9395
2.93943
2.93936
2.93929
2.94315
2.94291
2.94272
2.9425
2.94232
2.94213
2.94196
2.94179
2.94163
2.94147
2.94133
2.94119
2.94105
2.94092
2.9408
2.94069
2.94057
2.94047
2.94036
2.94026
2.94017
2.94008
2.93999
2.93991
2.93983
2.93975
2.93967
2.9396
2.93953
2.93946
2.93939
2.93933
2.94315
2.94291
2.94272
2.9425
2.94233
2.94213
2.94196
2.94179
2.94164
2.94148
2.94134
2.9412
2.94106
2.94094
2.94082
2.9407
2.94059
2.94049
2.94038
2.94029
2.94019
2.9401
2.94002
2.93994
2.93986
2.93978
2.93971
2.93963
2.93957
2.9395
2.93943
2.93937
2.94315
2.94291
2.94273
2.9425
2.94233
2.94213
2.94197
2.94179
2.94164
2.94149
2.94134
2.9412
2.94107
2.94095
2.94083
2.94072
2.94061
2.9405
2.9404
2.94031
2.94022
2.94013
2.94004
2.93996
2.93989
2.93981
2.93974
2.93967
2.9396
2.93954
2.93947
2.93941
2.94316
2.94291
2.94273
2.9425
2.94233
2.94213
2.94197
2.9418
2.94165
2.94149
2.94135
2.94121
2.94108
2.94096
2.94084
2.94073
2.94062
2.94052
2.94042
2.94033
2.94024
2.94015
2.94007
2.93999
2.93992
2.93984
2.93977
2.93971
2.93964
2.93958
2.93951
2.93945
2.94316
2.9429
2.94273
2.9425
2.94233
2.94213
2.94197
2.9418
2.94165
2.9415
2.94136
2.94122
2.94109
2.94097
2.94086
2.94075
2.94064
2.94054
2.94044
2.94035
2.94026
2.94018
2.9401
2.94002
2.93995
2.93988
2.93981
2.93974
2.93968
2.93961
2.93955
2.9395
2.94317
2.9429
2.94273
2.94249
2.94233
2.94213
2.94197
2.9418
2.94165
2.9415
2.94137
2.94123
2.9411
2.94098
2.94087
2.94076
2.94066
2.94056
2.94046
2.94037
2.94029
2.9402
2.94012
2.94005
2.93998
2.93991
2.93984
2.93978
2.93972
2.93965
2.9396
2.93954
2.94317
2.94289
2.94274
2.94249
2.94233
2.94213
2.94198
2.9418
2.94166
2.94151
2.94137
2.94124
2.94111
2.94099
2.94088
2.94077
2.94067
2.94057
2.94048
2.94039
2.94031
2.94023
2.94015
2.94008
2.94001
2.93994
2.93988
2.93981
2.93975
2.93969
2.93964
2.93958
2.94318
2.94288
2.94274
2.94249
2.94233
2.94213
2.94198
2.94181
2.94166
2.94151
2.94138
2.94124
2.94112
2.941
2.94089
2.94079
2.94069
2.94059
2.9405
2.94041
2.94033
2.94025
2.94017
2.9401
2.94004
2.93997
2.93991
2.93985
2.93979
2.93973
2.93968
2.93962
2.94319
2.94287
2.94274
2.94248
2.94234
2.94213
2.94198
2.94181
2.94167
2.94152
2.94138
2.94125
2.94113
2.94101
2.9409
2.9408
2.9407
2.94061
2.94052
2.94043
2.94035
2.94027
2.9402
2.94013
2.94006
2.94
2.93994
2.93988
2.93983
2.93977
2.93972
2.93966
2.9432
2.94286
2.94274
2.94248
2.94234
2.94213
2.94198
2.94181
2.94167
2.94152
2.94139
2.94126
2.94114
2.94102
2.94092
2.94081
2.94072
2.94062
2.94053
2.94045
2.94037
2.94029
2.94022
2.94015
2.94009
2.94003
2.93997
2.93991
2.93986
2.93981
2.93976
2.9397
2.94321
2.94285
2.94275
2.94247
2.94234
2.94213
2.94199
2.94181
2.94168
2.94153
2.9414
2.94127
2.94115
2.94104
2.94093
2.94083
2.94073
2.94064
2.94055
2.94047
2.94039
2.94031
2.94024
2.94017
2.94011
2.94005
2.94
2.93994
2.9399
2.93984
2.9398
2.93974
2.94322
2.94284
2.94275
2.94247
2.94234
2.94213
2.94199
2.94182
2.94168
2.94154
2.94141
2.94128
2.94116
2.94105
2.94094
2.94084
2.94075
2.94065
2.94057
2.94048
2.94041
2.94033
2.94026
2.9402
2.94014
2.94008
2.94003
2.93997
2.93993
2.93988
2.93984
2.93978
2.94324
2.94282
2.94275
2.94246
2.94234
2.94213
2.94199
2.94182
2.94169
2.94154
2.94142
2.94129
2.94117
2.94106
2.94095
2.94085
2.94076
2.94067
2.94058
2.9405
2.94043
2.94035
2.94028
2.94022
2.94016
2.9401
2.94006
2.94
2.93997
2.93991
2.93989
2.93982
2.94325
2.94281
2.94275
2.94245
2.94234
2.94213
2.94199
2.94182
2.94169
2.94155
2.94142
2.9413
2.94118
2.94107
2.94097
2.94087
2.94078
2.94069
2.9406
2.94052
2.94045
2.94037
2.9403
2.94024
2.94018
2.94013
2.94009
2.94003
2.94001
2.93995
2.93995
2.93991
2.94327
2.94279
2.94276
2.94245
2.94234
2.94213
2.942
2.94183
2.94169
2.94155
2.94143
2.94131
2.94119
2.94108
2.94098
2.94088
2.94079
2.9407
2.94062
2.94054
2.94047
2.94039
2.94033
2.94026
2.94022
2.94016
2.94013
2.94009
2.94007
2.94004
2.9401
2.94023
2.94329
2.94276
2.94275
2.94244
2.94234
2.94213
2.942
2.94183
2.9417
2.94156
2.94144
2.94132
2.94121
2.9411
2.941
2.9409
2.94081
2.94073
2.94065
2.94058
2.94051
2.94045
2.9404
2.94035
2.94033
2.94031
2.94032
2.94033
2.94039
2.9405
2.94093
2.94207
2.94332
2.94274
2.94276
2.94244
2.94235
2.94213
2.942
2.94184
2.94171
2.94157
2.94145
2.94133
2.94122
2.94112
2.94103
2.94095
2.94088
2.94082
2.94078
2.94075
2.94077
2.94078
2.94087
2.94095
2.94114
2.94136
2.9417
2.94215
2.9428
2.94407
2.94639
2.95054
2.94333
2.94271
2.94276
2.94243
2.94234
2.94213
2.94201
2.94184
2.94173
2.9416
2.9415
2.94141
2.94136
2.94132
2.94134
2.94138
2.94153
2.94171
2.94205
2.94243
2.94303
2.94366
2.94458
2.94548
2.94673
2.94797
2.94978
2.95175
2.95498
2.95917
2.96502
2.97256
2.94339
2.9427
2.94279
2.94246
2.94238
2.94217
2.94207
2.94195
2.94192
2.94191
2.94205
2.94223
2.94268
2.94322
2.94409
2.94504
2.94639
2.94784
2.94972
2.95168
2.95408
2.95653
2.95941
2.96231
2.9657
2.96925
2.97355
2.97851
2.98448
2.99148
2.99995
3.01062
2.94342
2.9427
2.94282
2.94252
2.94252
2.94248
2.94273
2.94305
2.94388
2.94488
2.94653
2.94838
2.95096
2.95373
2.95718
2.96074
2.96495
2.96925
2.97412
2.979
2.98434
2.98963
2.99531
3.00108
3.00713
3.01357
3.02017
3.02746
3.0349
3.04422
3.0542
3.0683
2.94369
2.9429
2.94331
2.94346
2.94444
2.94586
2.94849
2.95165
2.95609
2.96098
2.96701
2.97328
2.98051
2.9877
2.99562
3.00339
3.01174
3.01992
3.02853
3.03696
3.04562
3.05415
3.0627
3.07117
3.0794
3.08807
3.0961
3.10556
3.1139
3.12611
3.13708
3.15669
2.94501
2.9454
2.94828
2.95317
2.96107
2.97086
2.98279
2.99551
3.00945
3.02331
3.03781
3.05168
3.06581
3.07915
3.09257
3.10515
3.11775
3.12967
3.1416
3.15304
3.1644
3.17549
3.18626
3.19686
3.20685
3.21751
3.22705
3.23917
3.2495
3.26564
3.2799
3.31063
2.97307
3.01948
3.06514
3.10813
3.14875
3.18737
3.22365
3.25813
3.2902
3.32058
3.34846
3.3748
3.39855
3.42103
3.44091
3.46003
3.47659
3.49311
3.50706
3.52182
3.53382
3.54759
3.55818
3.57197
3.58187
3.59622
3.60592
3.62156
3.63216
3.65091
3.66543
3.70529
2.9392
2.93913
2.93907
2.939
2.93894
2.93887
2.93881
2.93874
2.93867
2.9386
2.93853
2.93846
2.93839
2.93832
2.93824
2.93817
2.93809
2.93801
2.93794
2.93785
2.93777
2.93769
2.9376
2.93751
2.93741
2.93732
2.93721
2.93711
2.937
2.93688
2.93676
2.93663
2.93649
2.93635
2.9362
2.93604
2.93586
2.93568
2.93548
2.93527
2.93505
2.93481
2.93454
2.93426
2.93396
2.93364
2.93328
2.9329
2.93248
2.93203
2.93154
2.931
2.93041
2.92977
2.92907
2.9283
2.92744
2.9265
2.9255
2.92434
2.92312
2.92168
2.92014
2.91839
2.91651
2.91435
2.9119
2.90922
2.90618
2.90268
2.89888
2.89442
2.88939
2.88365
2.8771
2.86959
2.86081
2.85054
2.83862
2.82455
2.80799
2.78851
2.76559
2.74154
2.70793
2.66734
2.62051
2.56752
2.50741
2.43194
2.3405
2.23677
2.93915
2.93908
2.93902
2.93895
2.93888
2.93881
2.93874
2.93867
2.9386
2.93852
2.93845
2.93837
2.9383
2.93822
2.93814
2.93806
2.93798
2.93789
2.9378
2.93771
2.93762
2.93753
2.93743
2.93733
2.93722
2.93711
2.93699
2.93687
2.93674
2.93662
2.93647
2.93633
2.93617
2.93601
2.93582
2.93565
2.93544
2.93524
2.935
2.93477
2.9345
2.93424
2.93392
2.93361
2.93326
2.93289
2.93247
2.93205
2.93156
2.93105
2.93047
2.92987
2.92919
2.92846
2.92766
2.9268
2.92581
2.92477
2.92359
2.92232
2.92087
2.91933
2.91757
2.91562
2.91344
2.91106
2.90835
2.90533
2.90193
2.89809
2.89376
2.88889
2.8833
2.87694
2.86979
2.86153
2.85183
2.84049
2.82735
2.812
2.79406
2.77324
2.74895
2.72368
2.68723
2.64456
2.59659
2.54289
2.48156
2.40388
2.31184
2.20984
2.93918
2.93911
2.93905
2.93898
2.93891
2.93884
2.93878
2.9387
2.93864
2.93855
2.93849
2.93841
2.93834
2.93826
2.93818
2.9381
2.93801
2.93793
2.93784
2.93775
2.93766
2.93757
2.93747
2.93737
2.93726
2.93715
2.93703
2.93692
2.93679
2.93666
2.93652
2.93638
2.93621
2.93606
2.93587
2.9357
2.93549
2.93529
2.93506
2.93483
2.93455
2.93429
2.93398
2.93367
2.93331
2.93295
2.93253
2.93211
2.93161
2.93112
2.93054
2.92995
2.92925
2.92854
2.92773
2.92687
2.92589
2.92484
2.92367
2.92239
2.92096
2.9194
2.91763
2.91572
2.91354
2.91114
2.90841
2.9054
2.90199
2.89817
2.89383
2.88894
2.88333
2.87694
2.86974
2.86146
2.85167
2.84024
2.8269
2.81136
2.79316
2.77216
2.7477
2.7232
2.68551
2.64198
2.59377
2.54033
2.47929
2.40011
2.30628
2.20324
2.93919
2.93913
2.93907
2.93899
2.93892
2.93886
2.93879
2.93872
2.93866
2.93856
2.93851
2.93842
2.93836
2.93827
2.9382
2.93811
2.93803
2.93794
2.93785
2.93776
2.93767
2.93758
2.93748
2.93738
2.93727
2.93716
2.93704
2.93693
2.9368
2.93667
2.93652
2.93638
2.93622
2.93606
2.93588
2.9357
2.93549
2.9353
2.93506
2.93483
2.93455
2.93429
2.93398
2.93367
2.93331
2.93295
2.93253
2.93211
2.93161
2.93112
2.93052
2.92995
2.92924
2.92854
2.92773
2.92686
2.9259
2.92482
2.92368
2.92241
2.92097
2.9194
2.91766
2.91575
2.91356
2.9112
2.90845
2.90548
2.90207
2.89826
2.89392
2.88905
2.88343
2.87707
2.86992
2.86165
2.85179
2.84033
2.82684
2.81112
2.79272
2.77152
2.74678
2.72325
2.68404
2.6392
2.5904
2.53689
2.47566
2.394
2.29721
2.19247
2.93923
2.93917
2.93911
2.93903
2.93896
2.9389
2.93884
2.93876
2.9387
2.9386
2.93856
2.93847
2.93841
2.93832
2.93825
2.93816
2.93808
2.93799
2.93791
2.93782
2.93773
2.93764
2.93754
2.93744
2.93733
2.93723
2.93711
2.937
2.93687
2.93674
2.9366
2.93646
2.9363
2.93615
2.93597
2.9358
2.93559
2.93539
2.93516
2.93494
2.93466
2.93441
2.9341
2.9338
2.93344
2.93309
2.93267
2.93226
2.93177
2.93129
2.9307
2.93014
2.92944
2.92876
2.92795
2.9271
2.92617
2.9251
2.92399
2.92272
2.92131
2.91977
2.91807
2.91621
2.91399
2.91171
2.90896
2.90613
2.90273
2.89898
2.8947
2.88988
2.88433
2.87807
2.87105
2.86288
2.85302
2.84166
2.8281
2.81235
2.7939
2.77262
2.74769
2.7253
2.6847
2.63861
2.58916
2.53556
2.47422
2.3899
2.28988
2.18217
2.93927
2.9392
2.93914
2.93907
2.939
2.93894
2.93888
2.9388
2.93874
2.93864
2.9386
2.93851
2.93845
2.93836
2.93829
2.93821
2.93812
2.93804
2.93796
2.93787
2.93778
2.93769
2.93759
2.9375
2.93739
2.93729
2.93717
2.93706
2.93694
2.93681
2.93667
2.93654
2.93638
2.93623
2.93605
2.93588
2.93568
2.93549
2.93526
2.93504
2.93477
2.93452
2.93421
2.93392
2.93357
2.93323
2.93282
2.93242
2.93193
2.93146
2.9309
2.93033
2.92965
2.929
2.92819
2.92737
2.92643
2.92543
2.9243
2.92306
2.92169
2.92023
2.91852
2.91669
2.91453
2.9123
2.90964
2.90689
2.90346
2.89988
2.89563
2.89088
2.88552
2.87937
2.87247
2.8644
2.85467
2.84337
2.82985
2.81412
2.79565
2.77437
2.74932
2.72819
2.6862
2.63879
2.58849
2.53462
2.47295
2.38553
2.2819
2.17101
2.93931
2.93925
2.93919
2.93912
2.93904
2.93898
2.93892
2.93885
2.93879
2.93868
2.93865
2.93856
2.9385
2.93842
2.93835
2.93826
2.93818
2.9381
2.93802
2.93794
2.93785
2.93776
2.93767
2.93757
2.93747
2.93737
2.93726
2.93715
2.93703
2.9369
2.93677
2.93664
2.93649
2.93633
2.93617
2.93599
2.9358
2.9356
2.93539
2.93517
2.93492
2.93465
2.93438
2.93408
2.93374
2.93341
2.93301
2.93261
2.93215
2.93167
2.93116
2.93054
2.92993
2.92927
2.92848
2.9277
2.92678
2.92579
2.92468
2.92352
2.92219
2.92069
2.9191
2.91727
2.91521
2.913
2.91046
2.90769
2.90439
2.90091
2.89675
2.89214
2.88693
2.88093
2.87407
2.86619
2.85666
2.84544
2.83214
2.81645
2.79805
2.77673
2.7517
2.73174
2.68852
2.63967
2.58852
2.53424
2.47211
2.38132
2.27337
2.15895
2.93935
2.93929
2.93923
2.93916
2.93909
2.93903
2.93897
2.9389
2.93884
2.93873
2.9387
2.93861
2.93856
2.93847
2.9384
2.93832
2.93824
2.93816
2.93808
2.938
2.93791
2.93782
2.93773
2.93764
2.93754
2.93744
2.93734
2.93723
2.93712
2.93699
2.93687
2.93672
2.93659
2.93643
2.93628
2.93609
2.93592
2.93572
2.93552
2.93529
2.93506
2.9348
2.93454
2.93423
2.93391
2.93358
2.93319
2.9328
2.93237
2.93187
2.93139
2.9308
2.93021
2.92955
2.9288
2.92806
2.92714
2.92617
2.92516
2.92398
2.9227
2.92124
2.91975
2.91789
2.91599
2.91378
2.91137
2.9086
2.9055
2.90203
2.89802
2.89355
2.8885
2.88258
2.87593
2.86825
2.85893
2.84786
2.83471
2.81913
2.80082
2.77959
2.75454
2.73573
2.69149
2.64119
2.58904
2.53412
2.47146
2.37716
2.26461
2.14477
2.93939
2.93934
2.93928
2.93921
2.93913
2.93908
2.93902
2.93895
2.93889
2.93878
2.93875
2.93866
2.93861
2.93853
2.93846
2.93838
2.9383
2.93822
2.93814
2.93806
2.93798
2.9379
2.93781
2.93772
2.93762
2.93753
2.93743
2.93732
2.93721
2.93708
2.93696
2.93682
2.93669
2.93654
2.93639
2.93621
2.93605
2.93585
2.93566
2.93543
2.93521
2.93495
2.9347
2.9344
2.9341
2.93377
2.9334
2.93302
2.93262
2.93213
2.93167
2.93111
2.93056
2.92989
2.9292
2.92847
2.92761
2.92668
2.92575
2.92455
2.92337
2.92197
2.92056
2.91877
2.91697
2.91479
2.91256
2.90982
2.90691
2.90349
2.89967
2.89531
2.89046
2.88463
2.8783
2.87073
2.86168
2.85075
2.83783
2.82239
2.80427
2.78315
2.75819
2.74048
2.69537
2.64359
2.59033
2.53456
2.47126
2.37311
2.25609
2.13046
2.93944
2.93938
2.93932
2.93925
2.93918
2.93912
2.93907
2.93899
2.93894
2.93883
2.93881
2.93872
2.93866
2.93858
2.93851
2.93843
2.93836
2.93828
2.93821
2.93813
2.93805
2.93797
2.93788
2.93779
2.9377
2.93761
2.93751
2.9374
2.93729
2.93717
2.93706
2.93692
2.93679
2.93664
2.9365
2.93633
2.93617
2.93598
2.9358
2.93558
2.93537
2.93512
2.93489
2.9346
2.93434
2.93401
2.93372
2.93334
2.933
2.93256
2.93218
2.93166
2.93122
2.9306
2.93008
2.92934
2.92872
2.92783
2.92707
2.92598
2.92503
2.92369
2.92249
2.92082
2.9193
2.9172
2.91524
2.91257
2.91002
2.90663
2.9032
2.89889
2.8944
2.88861
2.88274
2.87514
2.86647
2.85554
2.84293
2.82745
2.80961
2.7884
2.76367
2.7468
2.70072
2.64722
2.59267
2.5359
2.47176
2.36932
2.24732
2.11599
2.93948
2.93942
2.93937
2.9393
2.93922
2.93917
2.93911
2.93904
2.93898
2.93888
2.93886
2.93877
2.93872
2.93863
2.93857
2.93849
2.93842
2.93834
2.93827
2.93819
2.93812
2.93804
2.93795
2.93787
2.93778
2.93768
2.93759
2.93748
2.93738
2.93726
2.93716
2.93702
2.93691
2.93676
2.93663
2.93647
2.93633
2.93616
2.93602
2.93582
2.93569
2.93548
2.93536
2.93513
2.93503
2.93479
2.93471
2.93445
2.93439
2.93409
2.93405
2.9337
2.93365
2.93324
2.93316
2.93265
2.93251
2.93185
2.9316
2.93076
2.93034
2.92925
2.92858
2.92716
2.92616
2.92432
2.92286
2.92044
2.91838
2.9152
2.91232
2.90812
2.90409
2.89852
2.89308
2.8855
2.87723
2.86604
2.85386
2.83788
2.82055
2.79866
2.77452
2.75775
2.71016
2.65424
2.59762
2.53956
2.47382
2.36718
2.23937
2.10038
2.93952
2.93947
2.93941
2.93934
2.93927
2.93921
2.93916
2.93908
2.93903
2.93892
2.9389
2.93881
2.93877
2.93868
2.93862
2.93855
2.93848
2.9384
2.93833
2.93826
2.93818
2.9381
2.93802
2.93794
2.93786
2.93776
2.93767
2.93757
2.93748
2.93737
2.93728
2.93717
2.93709
2.93699
2.93693
2.93684
2.93682
2.93678
2.93682
2.93684
2.93697
2.93706
2.93729
2.93746
2.93781
2.93805
2.93851
2.93881
2.93936
2.93969
2.94031
2.94062
2.94129
2.94155
2.94221
2.94236
2.94297
2.94296
2.94346
2.94323
2.94354
2.94301
2.94306
2.94215
2.94183
2.94044
2.93962
2.93762
2.93613
2.93334
2.93095
2.92712
2.92353
2.91827
2.91319
2.90582
2.89769
2.88655
2.87435
2.8583
2.84098
2.81869
2.79478
2.77794
2.72754
2.66883
2.60852
2.54874
2.47967
2.36892
2.23455
2.08597
2.93957
2.93951
2.93945
2.93938
2.93931
2.93926
2.9392
2.93913
2.93908
2.93897
2.93895
2.93886
2.93882
2.93874
2.93868
2.9386
2.93854
2.93846
2.93839
2.93832
2.93825
2.93817
2.9381
2.93802
2.93795
2.93787
2.93781
2.93775
2.93771
2.93769
2.9377
2.93775
2.93786
2.93803
2.93827
2.9386
2.93903
2.93955
2.94019
2.94092
2.94177
2.94271
2.94376
2.94487
2.9461
2.94735
2.94872
2.95006
2.95152
2.95289
2.9544
2.95574
2.95725
2.95849
2.95995
2.96103
2.96238
2.96323
2.96442
2.96497
2.96591
2.9661
2.96672
2.96645
2.96665
2.96583
2.96548
2.96398
2.96292
2.96057
2.95857
2.95512
2.95188
2.94694
2.94217
2.93504
2.92708
2.91609
2.90395
2.88798
2.87067
2.84836
2.82458
2.80768
2.75586
2.69485
2.63006
2.56804
2.49466
2.37913
2.23677
2.07836
2.93961
2.93956
2.9395
2.93943
2.93935
2.9393
2.93924
2.93917
2.93912
2.93901
2.939
2.93891
2.93886
2.93879
2.93873
2.93866
2.93859
2.93852
2.93846
2.9384
2.93834
2.93829
2.93824
2.93822
2.93823
2.93827
2.93837
2.93855
2.93882
2.93919
2.93969
2.94032
2.94111
2.94205
2.94316
2.94443
2.94586
2.94744
2.94918
2.95105
2.95303
2.95512
2.9573
2.95954
2.96186
2.9642
2.96661
2.96898
2.9714
2.97374
2.97613
2.97837
2.98068
2.98276
2.98494
2.98678
2.98878
2.99032
2.99208
2.99327
2.99473
2.99548
2.99657
2.99681
2.99742
2.99706
2.99709
2.99599
2.99528
2.99329
2.99161
2.98848
2.98554
2.9809
2.97641
2.96951
2.96176
2.95095
2.93895
2.9231
2.90588
2.88363
2.86006
2.84307
2.79021
2.72685
2.65893
2.59435
2.51761
2.39755
2.24646
2.07807
2.93965
2.9396
2.93954
2.93947
2.9394
2.93934
2.93929
2.93921
2.93916
2.93905
2.93904
2.93895
2.93892
2.93884
2.93879
2.93873
2.93868
2.93864
2.93862
2.93862
2.93867
2.93877
2.93895
2.93923
2.93963
2.94019
2.94093
2.94185
2.94297
2.94429
2.94583
2.94759
2.94955
2.95171
2.95405
2.95656
2.95922
2.96203
2.96494
2.96795
2.97104
2.9742
2.97741
2.98066
2.98393
2.98719
2.99045
2.99366
2.99686
2.99997
3.00307
3.00602
3.00898
3.01171
3.01447
3.01692
3.01944
3.02155
3.02379
3.02549
3.02739
3.02861
3.0301
3.03077
3.03176
3.03178
3.03215
3.0314
3.03102
3.02933
3.02797
3.02512
3.02248
3.01809
3.0139
3.00721
2.99972
2.98911
2.97732
2.96165
2.94461
2.92248
2.89909
2.88231
2.82862
2.76318
2.69216
2.6248
2.54461
2.41999
2.25942
2.07893
2.9397
2.93964
2.93959
2.93951
2.93944
2.93938
2.93933
2.93926
2.93921
2.9391
2.93911
2.93902
2.93901
2.93896
2.93896
2.93897
2.93905
2.93918
2.93942
2.93979
2.94033
2.94104
2.94197
2.94313
2.94455
2.94623
2.94817
2.95036
2.95281
2.95549
2.95839
2.96149
2.96475
2.96816
2.97171
2.97535
2.97909
2.9829
2.98676
2.99067
2.99462
2.99858
3.00257
3.00655
3.0105
3.01443
3.01834
3.0222
3.02603
3.02978
3.03347
3.03701
3.0405
3.04379
3.04707
3.05006
3.05307
3.05568
3.05838
3.06055
3.06288
3.06455
3.06644
3.06751
3.06888
3.06927
3.07
3.06959
3.06954
3.06816
3.06712
3.06454
3.06221
3.05807
3.05419
3.04772
3.04051
3.0301
3.01857
3.00309
2.98629
2.96432
2.94119
2.92469
2.87032
2.80307
2.72885
2.65856
2.57459
2.44582
2.27519
2.07875
2.93975
2.93968
2.93964
2.93957
2.9395
2.93945
2.93941
2.93935
2.93932
2.93925
2.93931
2.9393
2.93941
2.93955
2.93985
2.94028
2.94092
2.94177
2.94289
2.94428
2.94597
2.94797
2.95029
2.9529
2.9558
2.95895
2.96234
2.96594
2.96972
2.97366
2.97774
2.98194
2.98624
2.99062
2.99507
2.99958
3.00412
3.0087
3.01329
3.01789
3.02249
3.02708
3.03165
3.03618
3.04069
3.04516
3.0496
3.05397
3.05831
3.06254
3.06671
3.07076
3.07477
3.07863
3.08244
3.08595
3.08945
3.09258
3.09576
3.09843
3.10121
3.10334
3.10567
3.10718
3.10895
3.10974
3.11086
3.11081
3.11112
3.11007
3.10936
3.10708
3.10507
3.10121
3.09763
3.0914
3.08448
3.07428
3.06302
3.04774
3.0312
3.00942
2.98664
2.97034
2.91543
2.84653
2.76892
2.69554
2.60735
2.47488
2.29421
2.07787
2.93983
2.93976
2.93976
2.93972
2.93971
2.93972
2.93974
2.93977
2.93986
2.94002
2.94041
2.94082
2.94153
2.94246
2.94375
2.94536
2.94734
2.94966
2.95232
2.95528
2.95855
2.96209
2.96589
2.96991
2.97411
2.97849
2.98302
2.98768
2.99245
2.99733
3.00228
3.00731
3.0124
3.01753
3.0227
3.0279
3.03312
3.03835
3.04358
3.0488
3.05401
3.05919
3.06434
3.06945
3.07451
3.07951
3.08445
3.0893
3.0941
3.09877
3.10341
3.10793
3.11242
3.11673
3.12099
3.125
3.12907
3.13278
3.13648
3.13969
3.14299
3.14563
3.14845
3.15043
3.15268
3.15391
3.15547
3.15581
3.15654
3.15584
3.15552
3.15356
3.15191
3.14832
3.14509
3.13909
3.13248
3.12247
3.11151
3.09642
3.08016
3.05856
3.03618
3.01978
2.9645
2.8942
2.81292
2.73622
2.64319
2.5074
2.31734
2.07971
2.94004
2.94002
2.94018
2.94041
2.94076
2.94113
2.94148
2.94192
2.9427
2.94376
2.94516
2.94673
2.94882
2.95127
2.95418
2.95747
2.96111
2.96503
2.9692
2.97359
2.97818
2.98296
2.98789
2.99297
2.99816
3.00346
3.00886
3.01433
3.01989
3.02551
3.03119
3.03692
3.04269
3.04849
3.05432
3.06017
3.06602
3.07188
3.07773
3.08357
3.08938
3.09517
3.10093
3.10664
3.11229
3.11789
3.12342
3.12886
3.13423
3.13947
3.14464
3.14964
3.15459
3.15931
3.16402
3.16854
3.17305
3.17725
3.18148
3.18535
3.18925
3.19247
3.19588
3.19841
3.20122
3.20294
3.20502
3.20582
3.20703
3.20674
3.20687
3.20525
3.20402
3.20073
3.19788
3.19213
3.18585
3.17603
3.16536
3.15045
3.13447
3.11305
3.09111
3.07442
3.01878
2.94648
2.86138
2.78146
2.68281
2.54365
2.34363
2.08761
2.94098
2.94131
2.94217
2.94361
2.94531
2.94682
2.94809
2.94961
2.95166
2.95428
2.95708
2.96013
2.96376
2.96778
2.97225
2.97707
2.98217
2.98745
2.99288
2.99839
3.00401
3.00974
3.01556
3.02146
3.02743
3.03348
3.03959
3.04577
3.05201
3.0583
3.06464
3.07102
3.07745
3.0839
3.09039
3.09689
3.1034
3.10991
3.11643
3.12293
3.12942
3.13588
3.1423
3.14868
3.15502
3.16129
3.16749
3.1736
3.17964
3.18555
3.19137
3.19703
3.20261
3.20797
3.21324
3.21826
3.22319
3.22786
3.23261
3.237
3.24143
3.24544
3.24956
3.25275
3.25625
3.25858
3.26131
3.26265
3.26446
3.26463
3.26531
3.26411
3.26337
3.26043
3.25802
3.25252
3.24663
3.23697
3.22662
3.21186
3.19617
3.17489
3.15344
3.13625
3.08017
3.00539
2.91614
2.83261
2.72725
2.58514
2.37209
2.09427
2.94538
2.94696
2.94959
2.95383
2.95775
2.9607
2.96304
2.96571
2.96902
2.97322
2.97735
2.98181
2.98691
2.99241
2.99831
3.00449
3.01084
3.01726
3.02363
3.02997
3.03636
3.04282
3.04933
3.0559
3.06253
3.06922
3.07597
3.08278
3.08965
3.09658
3.10357
3.11061
3.1177
3.12483
3.132
3.13921
3.14644
3.15368
3.16094
3.1682
3.17545
3.18269
3.1899
3.19708
3.20421
3.21128
3.2183
3.22522
3.23207
3.23878
3.24541
3.25186
3.25823
3.26435
3.27042
3.27615
3.28188
3.28716
3.29251
3.2973
3.30237
3.30696
3.31172
3.31586
3.32028
3.32341
3.327
3.32903
3.33162
3.33239
3.33377
3.33307
3.33296
3.33043
3.32858
3.32338
3.31795
3.30844
3.29846
3.2838
3.26843
3.24723
3.22621
3.20908
3.15238
3.0738
2.97995
2.89183
2.77831
2.63222
2.40806
2.0999
2.95901
2.96259
2.96736
2.97451
2.98042
2.98456
2.9878
2.99153
2.99606
3.00174
3.00711
3.01289
3.0193
3.02611
3.03324
3.04055
3.04786
3.05503
3.06206
3.06907
3.07611
3.08321
3.09036
3.09756
3.10482
3.11213
3.11952
3.12697
3.1345
3.14209
3.14976
3.1575
3.16531
3.17319
3.18112
3.18911
3.19716
3.20524
3.21337
3.22152
3.22968
3.23785
3.24603
3.25418
3.26231
3.27038
3.27843
3.28636
3.29426
3.30199
3.30967
3.31713
3.32455
3.33166
3.33877
3.34546
3.35222
3.35842
3.36481
3.37044
3.37642
3.38141
3.38705
3.39192
3.39736
3.40164
3.40644
3.40941
3.41304
3.4146
3.4169
3.41687
3.41759
3.41561
3.41451
3.4097
3.40489
3.39557
3.38608
3.37148
3.35653
3.33532
3.31453
3.29755
3.2388
3.15635
3.05791
2.96245
2.83893
2.68919
2.45104
2.11631
2.98612
2.99102
2.99764
3.00683
3.01433
3.01954
3.02344
3.02805
3.03356
3.04063
3.04712
3.05408
3.06164
3.06956
3.07765
3.08575
3.09376
3.10161
3.10941
3.11716
3.12496
3.13281
3.14071
3.14866
3.15667
3.16475
3.1729
3.18112
3.18943
3.19781
3.20629
3.21486
3.22352
3.23228
3.24112
3.25006
3.25908
3.26819
3.27737
3.28662
3.29593
3.30528
3.31469
3.32409
3.33354
3.34292
3.35234
3.36164
3.37096
3.38009
3.38922
3.39809
3.40698
3.41549
3.42408
3.43216
3.4404
3.44797
3.45582
3.46279
3.47022
3.47653
3.48348
3.48906
3.49564
3.50121
3.50746
3.51156
3.51649
3.51907
3.52261
3.52352
3.52542
3.52429
3.5243
3.52016
3.51629
3.50735
3.49868
3.48414
3.46992
3.4486
3.42828
3.41155
3.34996
3.26115
3.15724
3.05172
2.91436
2.76135
2.50128
2.14426
3.02851
3.03434
3.04255
3.05313
3.06187
3.06792
3.07219
3.07748
3.08371
3.09206
3.09958
3.10753
3.11597
3.12463
3.13343
3.14227
3.15117
3.15999
3.16876
3.17752
3.18633
3.19521
3.20415
3.21316
3.22224
3.2314
3.24064
3.24996
3.25937
3.26887
3.27848
3.2882
3.29803
3.30799
3.31807
3.32828
3.33862
3.3491
3.35972
3.37046
3.38135
3.39232
3.40344
3.4146
3.4259
3.43717
3.44857
3.45986
3.47127
3.48248
3.49379
3.50481
3.51594
3.52665
3.53752
3.54779
3.55833
3.56807
3.57821
3.58733
3.59701
3.60543
3.61456
3.62218
3.63059
3.63723
3.64476
3.65005
3.65652
3.66051
3.66575
3.66817
3.67182
3.67219
3.67398
3.67115
3.66896
3.66089
3.65383
3.6396
3.62692
3.60554
3.58644
3.57062
3.50424
3.40585
3.29422
3.17468
3.02102
2.86049
2.56587
2.18896
3.09103
3.09792
3.10751
3.1196
3.12886
3.13523
3.13952
3.14553
3.15241
3.16185
3.17009
3.17865
3.18772
3.19709
3.20684
3.21682
3.22694
3.23705
3.24718
3.25734
3.26764
3.27807
3.28862
3.29928
3.31006
3.32095
3.33195
3.34306
3.35429
3.36564
3.37711
3.3887
3.40045
3.41234
3.4244
3.43664
3.44908
3.46171
3.47458
3.48765
3.50098
3.5145
3.52829
3.54221
3.55642
3.5707
3.58523
3.59975
3.6145
3.62912
3.64396
3.6585
3.6733
3.68764
3.70222
3.7161
3.7303
3.7435
3.7572
3.76956
3.78266
3.79402
3.80642
3.81656
3.82753
3.83554
3.84454
3.85166
3.86018
3.86649
3.87406
3.87911
3.88522
3.88835
3.89269
3.89258
3.89294
3.88721
3.88275
3.87015
3.86032
3.83953
3.8235
3.81087
3.73823
3.6277
3.50209
3.36655
3.19837
3.01888
2.66819
2.27688
3.18781
3.19492
3.20536
3.21964
3.22947
3.23468
3.23785
3.24444
3.25159
3.26212
3.27133
3.28098
3.29137
3.3023
3.31373
3.32551
3.33757
3.34972
3.36204
3.37452
3.38729
3.40033
3.41363
3.42718
3.44096
3.45496
3.46917
3.48358
3.49818
3.51296
3.52792
3.54307
3.55841
3.57396
3.58974
3.60576
3.62208
3.63867
3.65563
3.67289
3.69056
3.70857
3.72701
3.74577
3.76496
3.7844
3.80424
3.8242
3.84454
3.86478
3.88545
3.90568
3.92644
3.94639
3.96631
3.98514
4.00402
4.02153
4.03922
4.05526
4.07165
4.08615
4.10114
4.11391
4.12684
4.1377
4.14965
4.16024
4.17173
4.18173
4.19235
4.2013
4.2106
4.21775
4.22554
4.22952
4.23371
4.2317
4.23153
4.22173
4.21679
4.1974
4.18722
4.18119
4.10266
3.98181
3.83963
3.68427
3.49654
3.29373
2.85901
2.44444
3.34777
3.35335
3.36419
3.38307
3.3943
3.40009
3.40263
3.40921
3.41757
3.43207
3.44471
3.45782
3.47178
3.48641
3.50171
3.51751
3.53378
3.55028
3.56715
3.58438
3.60216
3.62048
3.63933
3.65868
3.67852
3.69881
3.71951
3.7406
3.76204
3.78381
3.80586
3.82818
3.85076
3.87359
3.89669
3.92005
3.94375
3.96775
3.99218
4.01697
4.04223
4.06793
4.09409
4.1207
4.14771
4.17509
4.20277
4.23061
4.25869
4.28651
4.31464
4.34196
4.36973
4.39596
4.42168
4.44592
4.46972
4.49191
4.51373
4.53393
4.55375
4.57213
4.58994
4.60671
4.62396
4.64044
4.65704
4.67308
4.6889
4.70425
4.71906
4.73321
4.74677
4.7588
4.77142
4.77971
4.7895
4.79024
4.79667
4.7871
4.79029
4.76817
4.7665
4.77057
4.67712
4.54388
4.37907
4.1954
3.97216
3.75431
3.22075
2.74231
3.73748
3.75927
3.77585
3.80549
3.82844
3.84546
3.85339
3.87326
3.8961
3.9213
3.9436
3.96768
3.99375
4.02138
4.05037
4.08031
4.11096
4.14185
4.17304
4.20487
4.23777
4.27176
4.30684
4.34294
4.38003
4.418
4.45676
4.49619
4.53618
4.57659
4.61731
4.6582
4.6992
4.74018
4.78116
4.82205
4.86293
4.90371
4.94457
4.98538
5.02633
5.06727
5.10836
5.14935
5.19043
5.23117
5.27184
5.3118
5.35147
5.39003
5.42794
5.4646
5.49994
5.53452
5.56956
5.60347
5.63788
5.67087
5.70454
5.73663
5.76965
5.80085
5.83324
5.86343
5.89513
5.92417
5.95511
5.98263
6.01269
6.03802
6.06708
6.08932
6.11742
6.13522
6.16333
6.17481
6.20211
6.20209
6.22711
6.21209
6.2332
6.20163
6.21388
6.21494
6.14302
6.00716
5.81443
5.60339
5.30017
5.00949
4.38436
3.46589
2.11903
1.98605
1.83681
1.68877
1.54921
1.41311
1.286
1.16792
1.05581
0.952561
0.858563
0.772818
0.697454
0.633664
0.577306
0.525772
0.482114
0.447896
0.419423
0.393198
0.370069
0.352296
0.338462
0.325494
0.31244
0.300241
0.289431
0.278798
0.267436
0.25566
0.244154
0.232703
0.220829
0.208965
0.197595
0.18632
0.175238
0.16461
0.1546
0.147942
2.09532
1.96877
1.82862
1.68999
1.56122
1.436
1.31762
1.20876
1.10642
1.009
0.917952
0.83743
0.766896
0.702086
0.642931
0.59222
0.549199
0.510629
0.475946
0.446603
0.422078
0.400262
0.380213
0.362487
0.3474
0.33375
0.320221
0.306816
0.294223
0.282525
0.270792
0.258715
0.246835
0.235332
0.224021
0.212711
0.201732
0.19111
0.180988
0.170975
2.08687
1.95886
1.81853
1.67979
1.55011
1.42598
1.31096
1.20267
1.09829
1.00207
0.915826
0.838105
0.766303
0.700838
0.644471
0.596836
0.554363
0.514894
0.479549
0.450283
0.42637
0.404818
0.384197
0.365209
0.348972
0.33507
0.321723
0.308105
0.294784
0.282501
0.270814
0.258893
0.246904
0.235383
0.22418
0.212963
0.202178
0.191711
0.18184
0.172973
2.0741
1.94338
1.80149
1.66588
1.53856
1.4119
1.29813
1.19642
1.09481
0.996987
0.911261
0.837605
0.769931
0.706153
0.649707
0.60276
0.562618
0.525637
0.491267
0.461287
0.436759
0.415574
0.3954
0.376305
0.35903
0.343516
0.329089
0.315147
0.30144
0.28823
0.275736
0.26365
0.251507
0.239442
0.228009
0.216986
0.206276
0.195607
0.185624
0.176641
2.06047
1.92768
1.78273
1.64424
1.52001
1.39753
1.28055
1.17662
1.08076
0.988347
0.901965
0.82761
0.763223
0.703905
0.650386
0.604658
0.564686
0.528225
0.496027
0.468353
0.443454
0.420214
0.399243
0.380978
0.364173
0.347636
0.331484
0.316549
0.303039
0.289805
0.276397
0.263486
0.251234
0.23941
0.22782
0.216313
0.205534
0.195081
0.185318
0.176527
2.04401
1.90623
1.76213
1.62435
1.49551
1.37388
1.26379
1.16031
1.06128
0.972255
0.892311
0.820395
0.755736
0.698567
0.649651
0.606897
0.56753
0.531447
0.500382
0.47415
0.45018
0.427009
0.405126
0.385633
0.368434
0.351981
0.335337
0.319335
0.30486
0.291068
0.277399
0.264223
0.251598
0.23952
0.227858
0.216275
0.20544
0.195002
0.18537
0.176653
2.02796
1.88324
1.73448
1.60121
1.47537
1.34799
1.23759
1.14151
1.04527
0.954915
0.877416
0.810553
0.749412
0.694121
0.647069
0.606871
0.570178
0.535683
0.504608
0.478142
0.454907
0.43251
0.410302
0.389428
0.371094
0.35428
0.337425
0.320929
0.305487
0.290981
0.277133
0.263749
0.250839
0.238587
0.226825
0.21518
0.204378
0.193973
0.18445
0.175894
2.00885
1.86097
1.70757
1.57095
1.44875
1.32516
1.21308
1.11773
1.02582
0.938552
0.863195
0.80002
0.743187
0.690566
0.644825
0.606619
0.572724
0.540226
0.509372
0.482138
0.4588
0.43677
0.414465
0.392982
0.373803
0.355951
0.338561
0.321886
0.30583
0.290706
0.276678
0.263191
0.250009
0.237567
0.225773
0.214084
0.203292
0.192942
0.183528
0.175083
1.98686
1.83366
1.68175
1.54458
1.41748
1.29627
1.19039
1.09572
1.00418
0.921442
0.850918
0.790833
0.736454
0.686597
0.643809
0.607949
0.57537
0.543507
0.513059
0.486198
0.462815
0.440141
0.417152
0.395438
0.375818
0.357097
0.339094
0.322137
0.305785
0.290231
0.275886
0.262235
0.248922
0.236367
0.224508
0.212807
0.20202
0.191676
0.182367
0.174073
1.96608
1.8046
1.64946
1.51855
1.39419
1.2671
1.16141
1.07429
0.98779
0.906305
0.83794
0.781858
0.731519
0.684696
0.643961
0.609499
0.577776
0.546474
0.516597
0.490144
0.466148
0.442369
0.418902
0.39733
0.37725
0.357699
0.339153
0.322036
0.305582
0.289669
0.274966
0.261235
0.247869
0.235176
0.223273
0.211564
0.200766
0.190454
0.181246
0.173079
1.94542
1.78005
1.61764
1.48556
1.37024
1.24749
1.13649
1.0498
0.971225
0.89518
0.828705
0.775012
0.728011
0.684169
0.645496
0.612008
0.580441
0.549281
0.520091
0.49392
0.468907
0.444051
0.420527
0.39904
0.378367
0.358159
0.339312
0.322074
0.305426
0.289213
0.274239
0.260383
0.247019
0.234214
0.222209
0.210509
0.199762
0.189423
0.180273
0.172229
1.9233
1.75826
1.59504
1.45595
1.34047
1.22855
1.12202
1.03211
0.955102
0.88553
0.823489
0.77198
0.726905
0.685634
0.649047
0.615978
0.583973
0.552826
0.524186
0.497715
0.471632
0.446142
0.422728
0.400994
0.379627
0.358885
0.339895
0.322574
0.305715
0.289231
0.274033
0.260047
0.246687
0.233822
0.221724
0.209939
0.199268
0.188929
0.179767
0.171761
1.90429
1.73596
1.57922
1.43978
1.31615
1.20581
1.11061
1.02381
0.944472
0.879035
0.822911
0.773146
0.72898
0.690247
0.655525
0.621984
0.588865
0.557762
0.529671
0.502652
0.475521
0.44931
0.425562
0.403707
0.382156
0.360927
0.341383
0.323692
0.306838
0.29036
0.274848
0.260538
0.247159
0.234287
0.222076
0.210218
0.199559
0.189168
0.179974
0.17194
1.89333
1.71534
1.56048
1.42954
1.30468
1.1861
1.09553
1.01826
0.941502
0.876645
0.824378
0.778234
0.735586
0.697107
0.662616
0.629493
0.596372
0.564406
0.535226
0.507987
0.480954
0.454095
0.429153
0.406952
0.385465
0.364017
0.34409
0.32582
0.308606
0.292107
0.276527
0.262018
0.248439
0.235469
0.223176
0.211214
0.200475
0.190021
0.180805
0.172757
1.8869
1.69972
1.53796
1.41373
1.29771
1.17517
1.08076
1.01041
0.941857
0.878855
0.827373
0.784473
0.744346
0.705833
0.670524
0.637602
0.604729
0.571929
0.541542
0.513884
0.486614
0.459282
0.433793
0.41088
0.388953
0.36734
0.347138
0.328545
0.310987
0.294213
0.278566
0.263929
0.250078
0.236978
0.224642
0.212558
0.20171
0.191171
0.18191
0.173942
1.88062
1.68984
1.51885
1.39332
1.28685
1.17039
1.07272
1.00315
0.942355
0.884768
0.833766
0.791819
0.753753
0.715723
0.679454
0.646061
0.612911
0.579431
0.548496
0.520257
0.492007
0.464262
0.439126
0.415181
0.392291
0.37094
0.350669
0.331402
0.313613
0.296803
0.280854
0.265969
0.252069
0.238852
0.226321
0.214087
0.203182
0.192558
0.183223
0.175417
1.87117
1.68222
1.50694
1.37494
1.27206
1.16532
1.07067
1.00037
0.943665
0.892059
0.843177
0.801053
0.763626
0.725908
0.689191
0.654867
0.620867
0.587051
0.555785
0.526583
0.497643
0.469597
0.444079
0.419811
0.396588
0.374639
0.354134
0.334857
0.316743
0.299538
0.28348
0.268493
0.254364
0.240942
0.228315
0.215952
0.204945
0.194195
0.184797
0.17729
1.8579
1.66977
1.50097
1.36458
1.25799
1.15827
1.0708
1.00283
0.948653
0.900851
0.854099
0.81207
0.774506
0.736876
0.699907
0.663728
0.628627
0.595869
0.564225
0.532477
0.503196
0.476266
0.44991
0.424403
0.401099
0.379232
0.358275
0.338481
0.320193
0.302881
0.286582
0.271288
0.256989
0.243447
0.230703
0.218159
0.207046
0.196154
0.186705
0.179793
1.85051
1.65107
1.49209
1.36415
1.25155
1.15084
1.07228
1.00982
0.957452
0.911783
0.866681
0.82471
0.78638
0.748545
0.710981
0.673714
0.637881
0.604676
0.572447
0.539983
0.509961
0.482793
0.456217
0.430122
0.406212
0.384101
0.363006
0.342915
0.324181
0.306609
0.290208
0.274721
0.260138
0.246429
0.233561
0.220849
0.20959
0.19854
0.189041
0.183045
1.85388
1.64325
1.47742
1.36289
1.2575
1.1502
1.07438
1.02082
0.972042
0.924942
0.879692
0.839597
0.801753
0.761695
0.722127
0.685144
0.649413
0.614527
0.580861
0.548778
0.518805
0.490187
0.462683
0.436894
0.412822
0.389861
0.368254
0.348141
0.329152
0.311177
0.294472
0.278807
0.264008
0.250128
0.237041
0.224141
0.212737
0.201527
0.191961
0.187163
1.85297
1.64775
1.47627
1.35671
1.25946
1.16096
1.08559
1.03328
0.988233
0.943093
0.898113
0.857382
0.817095
0.775893
0.736876
0.698499
0.661487
0.626255
0.591832
0.558929
0.528487
0.499277
0.471166
0.4449
0.420407
0.397047
0.375071
0.354591
0.335251
0.317002
0.300025
0.284061
0.268987
0.254892
0.241585
0.228443
0.216874
0.205326
0.195916
0.192577
1.85382
1.64734
1.48831
1.36818
1.26607
1.17206
1.10387
1.05577
1.01047
0.964425
0.920535
0.878691
0.835836
0.793708
0.75459
0.715147
0.676564
0.640523
0.605492
0.571765
0.540418
0.510724
0.481974
0.455107
0.43004
0.406248
0.38377
0.362882
0.343078
0.324547
0.30717
0.29091
0.27554
0.261271
0.247615
0.234286
0.22251
0.210588
0.202383
0.200166
1.87301
1.65922
1.5014
1.38776
1.28573
1.19146
1.13053
1.0861
1.04181
0.99481
0.94892
0.90513
0.860684
0.818234
0.777295
0.736235
0.69679
0.659706
0.623464
0.589497
0.557195
0.526346
0.496942
0.469969
0.443977
0.419658
0.396744
0.375603
0.355144
0.336454
0.318604
0.302242
0.286441
0.272106
0.258001
0.244811
0.232509
0.220535
0.214029
0.212082
1.90478
1.68739
1.53321
1.42347
1.32265
1.2346
1.17697
1.13218
1.08672
1.03796
0.990342
0.944048
0.897607
0.854014
0.811285
0.768693
0.727875
0.689642
0.652215
0.617573
0.584069
0.552526
0.522344
0.494862
0.467994
0.443415
0.419849
0.398278
0.377118
0.358222
0.339718
0.322996
0.306506
0.291814
0.276986
0.263387
0.250283
0.237882
0.233127
0.231784
1.97192
1.75816
1.60961
1.49856
1.39421
1.3094
1.25437
1.20872
1.16117
1.1097
1.05998
1.01048
0.961604
0.916922
0.871596
0.826949
0.784189
0.744772
0.705373
0.669436
0.633916
0.60126
0.569427
0.54066
0.511889
0.486081
0.46062
0.437506
0.414484
0.394092
0.373618
0.355221
0.336861
0.320483
0.303815
0.288474
0.273585
0.259404
0.255188
0.258954
2.11385
1.89579
1.74579
1.63001
1.52013
1.43829
1.38604
1.341
1.29013
1.23678
1.18311
1.13078
1.07845
1.03096
0.979542
0.931597
0.884313
0.84074
0.795856
0.755678
0.714767
0.677715
0.640635
0.607149
0.573287
0.543055
0.512856
0.485461
0.458345
0.43404
0.40993
0.388048
0.366685
0.347207
0.328067
0.309893
0.293042
0.276171
0.271548
0.287641
2.37156
2.12337
1.99136
1.83169
1.72719
1.64807
1.60035
1.55362
1.49591
1.43632
1.37172
1.30945
1.24674
1.18807
1.12494
1.06653
1.00822
0.953993
0.898688
0.848531
0.798464
0.752826
0.707655
0.666589
0.626389
0.58962
0.553987
0.521391
0.490175
0.461317
0.4339
0.408596
0.384711
0.362449
0.34139
0.32094
0.30316
0.283869
0.281128
0.313584
2.95766
2.64401
2.50486
2.29569
2.13022
2.04651
1.99144
1.92099
1.83572
1.74468
1.6525
1.56219
1.47686
1.39022
1.30831
1.22831
1.15267
1.07816
1.0101
0.943311
0.882463
0.823401
0.769903
0.717764
0.671197
0.62601
0.585388
0.546105
0.511299
0.477377
0.447202
0.418006
0.392176
0.366965
0.344377
0.321805
0.30204
0.281629
0.291747
0.348766
)
;

boundaryField
{
    inlet
    {
        type            calculated;
        value           nonuniform List<scalar> 
28
(
2.94314
2.94314
2.94314
2.94314
2.94314
2.94315
2.94315
2.94315
2.94316
2.94316
2.94317
2.94317
2.94318
2.94319
2.9432
2.94321
2.94322
2.94324
2.94325
2.94327
2.94329
2.94332
2.94333
2.94339
2.94342
2.94369
2.94501
2.97307
)
;
    }
    outlet
    {
        type            zeroGradient;
    }
    fluid_to_graphite
    {
        type            zeroGradient;
    }
    wedgeBack
    {
        type            wedge;
    }
    wedgeFront
    {
        type            wedge;
    }
    defaultFaces
    {
        type            empty;
    }
}


                                                                               
