                                                                               
                             
                                                                   
                                                            
                                          
                             
                                                                               
FoamFile
{
    format      ascii;
    class       labelList;
    note        "nPoints: 8569 nCells: 4160 nFaces: 16660 nInternalFaces: 8092";
    location    "constant/polyMesh";
    object      neighbour;
}
                                                                               


8092
(
1
8
2
9
3
10
4
11
5
12
6
13
7
14
15
160
9
16
10
17
11
18
12
19
13
20
14
21
15
22
23
240
17
24
18
25
19
26
20
27
21
28
22
29
23
30
31
320
25
32
26
33
27
34
28
35
29
36
30
37
31
38
39
400
33
40
34
41
35
42
36
43
37
44
38
45
39
46
47
480
41
48
42
49
43
50
44
51
45
52
46
53
47
54
55
560
49
56
50
57
51
58
52
59
53
60
54
61
55
62
63
640
57
64
58
65
59
66
60
67
61
68
62
69
63
70
71
720
65
72
66
73
67
74
68
75
69
76
70
77
71
78
79
800
73
80
74
81
75
82
76
83
77
84
78
85
79
86
87
880
81
88
82
89
83
90
84
91
85
92
86
93
87
94
95
960
89
96
90
97
91
98
92
99
93
100
94
101
95
102
103
1040
97
104
98
105
99
106
100
107
101
108
102
109
103
110
111
1120
105
112
106
113
107
114
108
115
109
116
110
117
111
118
119
1200
113
120
114
121
115
122
116
123
117
124
118
125
119
126
127
1280
121
128
122
129
123
130
124
131
125
132
126
133
127
134
135
1360
129
136
130
137
131
138
132
139
133
140
134
141
135
142
143
1440
137
144
138
145
139
146
140
147
141
148
142
149
143
150
151
1520
145
152
146
153
147
154
148
155
149
156
150
157
151
158
159
1600
153
154
155
156
157
158
159
1680
161
240
162
241
163
242
164
243
165
244
166
245
167
246
168
247
169
248
170
249
171
250
172
251
173
252
174
253
175
254
176
255
177
256
178
257
179
258
180
259
181
260
182
261
183
262
184
263
185
264
186
265
187
266
188
267
189
268
190
269
191
270
192
271
193
272
194
273
195
274
196
275
197
276
198
277
199
278
200
279
201
280
202
281
203
282
204
283
205
284
206
285
207
286
208
287
209
288
210
289
211
290
212
291
213
292
214
293
215
294
216
295
217
296
218
297
219
298
220
299
221
300
222
301
223
302
224
303
225
304
226
305
227
306
228
307
229
308
230
309
231
310
232
311
233
312
234
313
235
314
236
315
237
316
238
317
239
318
319
1760
241
320
242
321
243
322
244
323
245
324
246
325
247
326
248
327
249
328
250
329
251
330
252
331
253
332
254
333
255
334
256
335
257
336
258
337
259
338
260
339
261
340
262
341
263
342
264
343
265
344
266
345
267
346
268
347
269
348
270
349
271
350
272
351
273
352
274
353
275
354
276
355
277
356
278
357
279
358
280
359
281
360
282
361
283
362
284
363
285
364
286
365
287
366
288
367
289
368
290
369
291
370
292
371
293
372
294
373
295
374
296
375
297
376
298
377
299
378
300
379
301
380
302
381
303
382
304
383
305
384
306
385
307
386
308
387
309
388
310
389
311
390
312
391
313
392
314
393
315
394
316
395
317
396
318
397
319
398
399
1780
321
400
322
401
323
402
324
403
325
404
326
405
327
406
328
407
329
408
330
409
331
410
332
411
333
412
334
413
335
414
336
415
337
416
338
417
339
418
340
419
341
420
342
421
343
422
344
423
345
424
346
425
347
426
348
427
349
428
350
429
351
430
352
431
353
432
354
433
355
434
356
435
357
436
358
437
359
438
360
439
361
440
362
441
363
442
364
443
365
444
366
445
367
446
368
447
369
448
370
449
371
450
372
451
373
452
374
453
375
454
376
455
377
456
378
457
379
458
380
459
381
460
382
461
383
462
384
463
385
464
386
465
387
466
388
467
389
468
390
469
391
470
392
471
393
472
394
473
395
474
396
475
397
476
398
477
399
478
479
1800
401
480
402
481
403
482
404
483
405
484
406
485
407
486
408
487
409
488
410
489
411
490
412
491
413
492
414
493
415
494
416
495
417
496
418
497
419
498
420
499
421
500
422
501
423
502
424
503
425
504
426
505
427
506
428
507
429
508
430
509
431
510
432
511
433
512
434
513
435
514
436
515
437
516
438
517
439
518
440
519
441
520
442
521
443
522
444
523
445
524
446
525
447
526
448
527
449
528
450
529
451
530
452
531
453
532
454
533
455
534
456
535
457
536
458
537
459
538
460
539
461
540
462
541
463
542
464
543
465
544
466
545
467
546
468
547
469
548
470
549
471
550
472
551
473
552
474
553
475
554
476
555
477
556
478
557
479
558
559
1820
481
560
482
561
483
562
484
563
485
564
486
565
487
566
488
567
489
568
490
569
491
570
492
571
493
572
494
573
495
574
496
575
497
576
498
577
499
578
500
579
501
580
502
581
503
582
504
583
505
584
506
585
507
586
508
587
509
588
510
589
511
590
512
591
513
592
514
593
515
594
516
595
517
596
518
597
519
598
520
599
521
600
522
601
523
602
524
603
525
604
526
605
527
606
528
607
529
608
530
609
531
610
532
611
533
612
534
613
535
614
536
615
537
616
538
617
539
618
540
619
541
620
542
621
543
622
544
623
545
624
546
625
547
626
548
627
549
628
550
629
551
630
552
631
553
632
554
633
555
634
556
635
557
636
558
637
559
638
639
1840
561
640
562
641
563
642
564
643
565
644
566
645
567
646
568
647
569
648
570
649
571
650
572
651
573
652
574
653
575
654
576
655
577
656
578
657
579
658
580
659
581
660
582
661
583
662
584
663
585
664
586
665
587
666
588
667
589
668
590
669
591
670
592
671
593
672
594
673
595
674
596
675
597
676
598
677
599
678
600
679
601
680
602
681
603
682
604
683
605
684
606
685
607
686
608
687
609
688
610
689
611
690
612
691
613
692
614
693
615
694
616
695
617
696
618
697
619
698
620
699
621
700
622
701
623
702
624
703
625
704
626
705
627
706
628
707
629
708
630
709
631
710
632
711
633
712
634
713
635
714
636
715
637
716
638
717
639
718
719
1860
641
720
642
721
643
722
644
723
645
724
646
725
647
726
648
727
649
728
650
729
651
730
652
731
653
732
654
733
655
734
656
735
657
736
658
737
659
738
660
739
661
740
662
741
663
742
664
743
665
744
666
745
667
746
668
747
669
748
670
749
671
750
672
751
673
752
674
753
675
754
676
755
677
756
678
757
679
758
680
759
681
760
682
761
683
762
684
763
685
764
686
765
687
766
688
767
689
768
690
769
691
770
692
771
693
772
694
773
695
774
696
775
697
776
698
777
699
778
700
779
701
780
702
781
703
782
704
783
705
784
706
785
707
786
708
787
709
788
710
789
711
790
712
791
713
792
714
793
715
794
716
795
717
796
718
797
719
798
799
1880
721
800
722
801
723
802
724
803
725
804
726
805
727
806
728
807
729
808
730
809
731
810
732
811
733
812
734
813
735
814
736
815
737
816
738
817
739
818
740
819
741
820
742
821
743
822
744
823
745
824
746
825
747
826
748
827
749
828
750
829
751
830
752
831
753
832
754
833
755
834
756
835
757
836
758
837
759
838
760
839
761
840
762
841
763
842
764
843
765
844
766
845
767
846
768
847
769
848
770
849
771
850
772
851
773
852
774
853
775
854
776
855
777
856
778
857
779
858
780
859
781
860
782
861
783
862
784
863
785
864
786
865
787
866
788
867
789
868
790
869
791
870
792
871
793
872
794
873
795
874
796
875
797
876
798
877
799
878
879
1900
801
880
802
881
803
882
804
883
805
884
806
885
807
886
808
887
809
888
810
889
811
890
812
891
813
892
814
893
815
894
816
895
817
896
818
897
819
898
820
899
821
900
822
901
823
902
824
903
825
904
826
905
827
906
828
907
829
908
830
909
831
910
832
911
833
912
834
913
835
914
836
915
837
916
838
917
839
918
840
919
841
920
842
921
843
922
844
923
845
924
846
925
847
926
848
927
849
928
850
929
851
930
852
931
853
932
854
933
855
934
856
935
857
936
858
937
859
938
860
939
861
940
862
941
863
942
864
943
865
944
866
945
867
946
868
947
869
948
870
949
871
950
872
951
873
952
874
953
875
954
876
955
877
956
878
957
879
958
959
1920
881
960
882
961
883
962
884
963
885
964
886
965
887
966
888
967
889
968
890
969
891
970
892
971
893
972
894
973
895
974
896
975
897
976
898
977
899
978
900
979
901
980
902
981
903
982
904
983
905
984
906
985
907
986
908
987
909
988
910
989
911
990
912
991
913
992
914
993
915
994
916
995
917
996
918
997
919
998
920
999
921
1000
922
1001
923
1002
924
1003
925
1004
926
1005
927
1006
928
1007
929
1008
930
1009
931
1010
932
1011
933
1012
934
1013
935
1014
936
1015
937
1016
938
1017
939
1018
940
1019
941
1020
942
1021
943
1022
944
1023
945
1024
946
1025
947
1026
948
1027
949
1028
950
1029
951
1030
952
1031
953
1032
954
1033
955
1034
956
1035
957
1036
958
1037
959
1038
1039
1940
961
1040
962
1041
963
1042
964
1043
965
1044
966
1045
967
1046
968
1047
969
1048
970
1049
971
1050
972
1051
973
1052
974
1053
975
1054
976
1055
977
1056
978
1057
979
1058
980
1059
981
1060
982
1061
983
1062
984
1063
985
1064
986
1065
987
1066
988
1067
989
1068
990
1069
991
1070
992
1071
993
1072
994
1073
995
1074
996
1075
997
1076
998
1077
999
1078
1000
1079
1001
1080
1002
1081
1003
1082
1004
1083
1005
1084
1006
1085
1007
1086
1008
1087
1009
1088
1010
1089
1011
1090
1012
1091
1013
1092
1014
1093
1015
1094
1016
1095
1017
1096
1018
1097
1019
1098
1020
1099
1021
1100
1022
1101
1023
1102
1024
1103
1025
1104
1026
1105
1027
1106
1028
1107
1029
1108
1030
1109
1031
1110
1032
1111
1033
1112
1034
1113
1035
1114
1036
1115
1037
1116
1038
1117
1039
1118
1119
1960
1041
1120
1042
1121
1043
1122
1044
1123
1045
1124
1046
1125
1047
1126
1048
1127
1049
1128
1050
1129
1051
1130
1052
1131
1053
1132
1054
1133
1055
1134
1056
1135
1057
1136
1058
1137
1059
1138
1060
1139
1061
1140
1062
1141
1063
1142
1064
1143
1065
1144
1066
1145
1067
1146
1068
1147
1069
1148
1070
1149
1071
1150
1072
1151
1073
1152
1074
1153
1075
1154
1076
1155
1077
1156
1078
1157
1079
1158
1080
1159
1081
1160
1082
1161
1083
1162
1084
1163
1085
1164
1086
1165
1087
1166
1088
1167
1089
1168
1090
1169
1091
1170
1092
1171
1093
1172
1094
1173
1095
1174
1096
1175
1097
1176
1098
1177
1099
1178
1100
1179
1101
1180
1102
1181
1103
1182
1104
1183
1105
1184
1106
1185
1107
1186
1108
1187
1109
1188
1110
1189
1111
1190
1112
1191
1113
1192
1114
1193
1115
1194
1116
1195
1117
1196
1118
1197
1119
1198
1199
1980
1121
1200
1122
1201
1123
1202
1124
1203
1125
1204
1126
1205
1127
1206
1128
1207
1129
1208
1130
1209
1131
1210
1132
1211
1133
1212
1134
1213
1135
1214
1136
1215
1137
1216
1138
1217
1139
1218
1140
1219
1141
1220
1142
1221
1143
1222
1144
1223
1145
1224
1146
1225
1147
1226
1148
1227
1149
1228
1150
1229
1151
1230
1152
1231
1153
1232
1154
1233
1155
1234
1156
1235
1157
1236
1158
1237
1159
1238
1160
1239
1161
1240
1162
1241
1163
1242
1164
1243
1165
1244
1166
1245
1167
1246
1168
1247
1169
1248
1170
1249
1171
1250
1172
1251
1173
1252
1174
1253
1175
1254
1176
1255
1177
1256
1178
1257
1179
1258
1180
1259
1181
1260
1182
1261
1183
1262
1184
1263
1185
1264
1186
1265
1187
1266
1188
1267
1189
1268
1190
1269
1191
1270
1192
1271
1193
1272
1194
1273
1195
1274
1196
1275
1197
1276
1198
1277
1199
1278
1279
2000
1201
1280
1202
1281
1203
1282
1204
1283
1205
1284
1206
1285
1207
1286
1208
1287
1209
1288
1210
1289
1211
1290
1212
1291
1213
1292
1214
1293
1215
1294
1216
1295
1217
1296
1218
1297
1219
1298
1220
1299
1221
1300
1222
1301
1223
1302
1224
1303
1225
1304
1226
1305
1227
1306
1228
1307
1229
1308
1230
1309
1231
1310
1232
1311
1233
1312
1234
1313
1235
1314
1236
1315
1237
1316
1238
1317
1239
1318
1240
1319
1241
1320
1242
1321
1243
1322
1244
1323
1245
1324
1246
1325
1247
1326
1248
1327
1249
1328
1250
1329
1251
1330
1252
1331
1253
1332
1254
1333
1255
1334
1256
1335
1257
1336
1258
1337
1259
1338
1260
1339
1261
1340
1262
1341
1263
1342
1264
1343
1265
1344
1266
1345
1267
1346
1268
1347
1269
1348
1270
1349
1271
1350
1272
1351
1273
1352
1274
1353
1275
1354
1276
1355
1277
1356
1278
1357
1279
1358
1359
2020
1281
1360
1282
1361
1283
1362
1284
1363
1285
1364
1286
1365
1287
1366
1288
1367
1289
1368
1290
1369
1291
1370
1292
1371
1293
1372
1294
1373
1295
1374
1296
1375
1297
1376
1298
1377
1299
1378
1300
1379
1301
1380
1302
1381
1303
1382
1304
1383
1305
1384
1306
1385
1307
1386
1308
1387
1309
1388
1310
1389
1311
1390
1312
1391
1313
1392
1314
1393
1315
1394
1316
1395
1317
1396
1318
1397
1319
1398
1320
1399
1321
1400
1322
1401
1323
1402
1324
1403
1325
1404
1326
1405
1327
1406
1328
1407
1329
1408
1330
1409
1331
1410
1332
1411
1333
1412
1334
1413
1335
1414
1336
1415
1337
1416
1338
1417
1339
1418
1340
1419
1341
1420
1342
1421
1343
1422
1344
1423
1345
1424
1346
1425
1347
1426
1348
1427
1349
1428
1350
1429
1351
1430
1352
1431
1353
1432
1354
1433
1355
1434
1356
1435
1357
1436
1358
1437
1359
1438
1439
2040
1361
1440
1362
1441
1363
1442
1364
1443
1365
1444
1366
1445
1367
1446
1368
1447
1369
1448
1370
1449
1371
1450
1372
1451
1373
1452
1374
1453
1375
1454
1376
1455
1377
1456
1378
1457
1379
1458
1380
1459
1381
1460
1382
1461
1383
1462
1384
1463
1385
1464
1386
1465
1387
1466
1388
1467
1389
1468
1390
1469
1391
1470
1392
1471
1393
1472
1394
1473
1395
1474
1396
1475
1397
1476
1398
1477
1399
1478
1400
1479
1401
1480
1402
1481
1403
1482
1404
1483
1405
1484
1406
1485
1407
1486
1408
1487
1409
1488
1410
1489
1411
1490
1412
1491
1413
1492
1414
1493
1415
1494
1416
1495
1417
1496
1418
1497
1419
1498
1420
1499
1421
1500
1422
1501
1423
1502
1424
1503
1425
1504
1426
1505
1427
1506
1428
1507
1429
1508
1430
1509
1431
1510
1432
1511
1433
1512
1434
1513
1435
1514
1436
1515
1437
1516
1438
1517
1439
1518
1519
2060
1441
1520
1442
1521
1443
1522
1444
1523
1445
1524
1446
1525
1447
1526
1448
1527
1449
1528
1450
1529
1451
1530
1452
1531
1453
1532
1454
1533
1455
1534
1456
1535
1457
1536
1458
1537
1459
1538
1460
1539
1461
1540
1462
1541
1463
1542
1464
1543
1465
1544
1466
1545
1467
1546
1468
1547
1469
1548
1470
1549
1471
1550
1472
1551
1473
1552
1474
1553
1475
1554
1476
1555
1477
1556
1478
1557
1479
1558
1480
1559
1481
1560
1482
1561
1483
1562
1484
1563
1485
1564
1486
1565
1487
1566
1488
1567
1489
1568
1490
1569
1491
1570
1492
1571
1493
1572
1494
1573
1495
1574
1496
1575
1497
1576
1498
1577
1499
1578
1500
1579
1501
1580
1502
1581
1503
1582
1504
1583
1505
1584
1506
1585
1507
1586
1508
1587
1509
1588
1510
1589
1511
1590
1512
1591
1513
1592
1514
1593
1515
1594
1516
1595
1517
1596
1518
1597
1519
1598
1599
2080
1521
1600
1522
1601
1523
1602
1524
1603
1525
1604
1526
1605
1527
1606
1528
1607
1529
1608
1530
1609
1531
1610
1532
1611
1533
1612
1534
1613
1535
1614
1536
1615
1537
1616
1538
1617
1539
1618
1540
1619
1541
1620
1542
1621
1543
1622
1544
1623
1545
1624
1546
1625
1547
1626
1548
1627
1549
1628
1550
1629
1551
1630
1552
1631
1553
1632
1554
1633
1555
1634
1556
1635
1557
1636
1558
1637
1559
1638
1560
1639
1561
1640
1562
1641
1563
1642
1564
1643
1565
1644
1566
1645
1567
1646
1568
1647
1569
1648
1570
1649
1571
1650
1572
1651
1573
1652
1574
1653
1575
1654
1576
1655
1577
1656
1578
1657
1579
1658
1580
1659
1581
1660
1582
1661
1583
1662
1584
1663
1585
1664
1586
1665
1587
1666
1588
1667
1589
1668
1590
1669
1591
1670
1592
1671
1593
1672
1594
1673
1595
1674
1596
1675
1597
1676
1598
1677
1599
1678
1679
2100
1601
1680
1602
1681
1603
1682
1604
1683
1605
1684
1606
1685
1607
1686
1608
1687
1609
1688
1610
1689
1611
1690
1612
1691
1613
1692
1614
1693
1615
1694
1616
1695
1617
1696
1618
1697
1619
1698
1620
1699
1621
1700
1622
1701
1623
1702
1624
1703
1625
1704
1626
1705
1627
1706
1628
1707
1629
1708
1630
1709
1631
1710
1632
1711
1633
1712
1634
1713
1635
1714
1636
1715
1637
1716
1638
1717
1639
1718
1640
1719
1641
1720
1642
1721
1643
1722
1644
1723
1645
1724
1646
1725
1647
1726
1648
1727
1649
1728
1650
1729
1651
1730
1652
1731
1653
1732
1654
1733
1655
1734
1656
1735
1657
1736
1658
1737
1659
1738
1660
1739
1661
1740
1662
1741
1663
1742
1664
1743
1665
1744
1666
1745
1667
1746
1668
1747
1669
1748
1670
1749
1671
1750
1672
1751
1673
1752
1674
1753
1675
1754
1676
1755
1677
1756
1678
1757
1679
1758
1759
2120
1681
1682
1683
1684
1685
1686
1687
1688
1689
1690
1691
1692
1693
1694
1695
1696
1697
1698
1699
1700
1701
1702
1703
1704
1705
1706
1707
1708
1709
1710
1711
1712
1713
1714
1715
1716
1717
1718
1719
1720
1721
1722
1723
1724
1725
1726
1727
1728
1729
1730
1731
1732
1733
1734
1735
1736
1737
1738
1739
1740
1741
1742
1743
1744
1745
1746
1747
1748
1749
1750
1751
1752
1753
1754
1755
1756
1757
1758
1759
2140
1761
1780
1762
1781
1763
1782
1764
1783
1765
1784
1766
1785
1767
1786
1768
1787
1769
1788
1770
1789
1771
1790
1772
1791
1773
1792
1774
1793
1775
1794
1776
1795
1777
1796
1778
1797
1779
1798
1799
2160
1781
1800
1782
1801
1783
1802
1784
1803
1785
1804
1786
1805
1787
1806
1788
1807
1789
1808
1790
1809
1791
1810
1792
1811
1793
1812
1794
1813
1795
1814
1796
1815
1797
1816
1798
1817
1799
1818
1819
2260
1801
1820
1802
1821
1803
1822
1804
1823
1805
1824
1806
1825
1807
1826
1808
1827
1809
1828
1810
1829
1811
1830
1812
1831
1813
1832
1814
1833
1815
1834
1816
1835
1817
1836
1818
1837
1819
1838
1839
2360
1821
1840
1822
1841
1823
1842
1824
1843
1825
1844
1826
1845
1827
1846
1828
1847
1829
1848
1830
1849
1831
1850
1832
1851
1833
1852
1834
1853
1835
1854
1836
1855
1837
1856
1838
1857
1839
1858
1859
2460
1841
1860
1842
1861
1843
1862
1844
1863
1845
1864
1846
1865
1847
1866
1848
1867
1849
1868
1850
1869
1851
1870
1852
1871
1853
1872
1854
1873
1855
1874
1856
1875
1857
1876
1858
1877
1859
1878
1879
2560
1861
1880
1862
1881
1863
1882
1864
1883
1865
1884
1866
1885
1867
1886
1868
1887
1869
1888
1870
1889
1871
1890
1872
1891
1873
1892
1874
1893
1875
1894
1876
1895
1877
1896
1878
1897
1879
1898
1899
2660
1881
1900
1882
1901
1883
1902
1884
1903
1885
1904
1886
1905
1887
1906
1888
1907
1889
1908
1890
1909
1891
1910
1892
1911
1893
1912
1894
1913
1895
1914
1896
1915
1897
1916
1898
1917
1899
1918
1919
2760
1901
1920
1902
1921
1903
1922
1904
1923
1905
1924
1906
1925
1907
1926
1908
1927
1909
1928
1910
1929
1911
1930
1912
1931
1913
1932
1914
1933
1915
1934
1916
1935
1917
1936
1918
1937
1919
1938
1939
2860
1921
1940
1922
1941
1923
1942
1924
1943
1925
1944
1926
1945
1927
1946
1928
1947
1929
1948
1930
1949
1931
1950
1932
1951
1933
1952
1934
1953
1935
1954
1936
1955
1937
1956
1938
1957
1939
1958
1959
2960
1941
1960
1942
1961
1943
1962
1944
1963
1945
1964
1946
1965
1947
1966
1948
1967
1949
1968
1950
1969
1951
1970
1952
1971
1953
1972
1954
1973
1955
1974
1956
1975
1957
1976
1958
1977
1959
1978
1979
3060
1961
1980
1962
1981
1963
1982
1964
1983
1965
1984
1966
1985
1967
1986
1968
1987
1969
1988
1970
1989
1971
1990
1972
1991
1973
1992
1974
1993
1975
1994
1976
1995
1977
1996
1978
1997
1979
1998
1999
3160
1981
2000
1982
2001
1983
2002
1984
2003
1985
2004
1986
2005
1987
2006
1988
2007
1989
2008
1990
2009
1991
2010
1992
2011
1993
2012
1994
2013
1995
2014
1996
2015
1997
2016
1998
2017
1999
2018
2019
3260
2001
2020
2002
2021
2003
2022
2004
2023
2005
2024
2006
2025
2007
2026
2008
2027
2009
2028
2010
2029
2011
2030
2012
2031
2013
2032
2014
2033
2015
2034
2016
2035
2017
2036
2018
2037
2019
2038
2039
3360
2021
2040
2022
2041
2023
2042
2024
2043
2025
2044
2026
2045
2027
2046
2028
2047
2029
2048
2030
2049
2031
2050
2032
2051
2033
2052
2034
2053
2035
2054
2036
2055
2037
2056
2038
2057
2039
2058
2059
3460
2041
2060
2042
2061
2043
2062
2044
2063
2045
2064
2046
2065
2047
2066
2048
2067
2049
2068
2050
2069
2051
2070
2052
2071
2053
2072
2054
2073
2055
2074
2056
2075
2057
2076
2058
2077
2059
2078
2079
3560
2061
2080
2062
2081
2063
2082
2064
2083
2065
2084
2066
2085
2067
2086
2068
2087
2069
2088
2070
2089
2071
2090
2072
2091
2073
2092
2074
2093
2075
2094
2076
2095
2077
2096
2078
2097
2079
2098
2099
3660
2081
2100
2082
2101
2083
2102
2084
2103
2085
2104
2086
2105
2087
2106
2088
2107
2089
2108
2090
2109
2091
2110
2092
2111
2093
2112
2094
2113
2095
2114
2096
2115
2097
2116
2098
2117
2099
2118
2119
3760
2101
2120
2102
2121
2103
2122
2104
2123
2105
2124
2106
2125
2107
2126
2108
2127
2109
2128
2110
2129
2111
2130
2112
2131
2113
2132
2114
2133
2115
2134
2116
2135
2117
2136
2118
2137
2119
2138
2139
3860
2121
2140
2122
2141
2123
2142
2124
2143
2125
2144
2126
2145
2127
2146
2128
2147
2129
2148
2130
2149
2131
2150
2132
2151
2133
2152
2134
2153
2135
2154
2136
2155
2137
2156
2138
2157
2139
2158
2159
3960
2141
2142
2143
2144
2145
2146
2147
2148
2149
2150
2151
2152
2153
2154
2155
2156
2157
2158
2159
4060
2161
2260
2162
2261
2163
2262
2164
2263
2165
2264
2166
2265
2167
2266
2168
2267
2169
2268
2170
2269
2171
2270
2172
2271
2173
2272
2174
2273
2175
2274
2176
2275
2177
2276
2178
2277
2179
2278
2180
2279
2181
2280
2182
2281
2183
2282
2184
2283
2185
2284
2186
2285
2187
2286
2188
2287
2189
2288
2190
2289
2191
2290
2192
2291
2193
2292
2194
2293
2195
2294
2196
2295
2197
2296
2198
2297
2199
2298
2200
2299
2201
2300
2202
2301
2203
2302
2204
2303
2205
2304
2206
2305
2207
2306
2208
2307
2209
2308
2210
2309
2211
2310
2212
2311
2213
2312
2214
2313
2215
2314
2216
2315
2217
2316
2218
2317
2219
2318
2220
2319
2221
2320
2222
2321
2223
2322
2224
2323
2225
2324
2226
2325
2227
2326
2228
2327
2229
2328
2230
2329
2231
2330
2232
2331
2233
2332
2234
2333
2235
2334
2236
2335
2237
2336
2238
2337
2239
2338
2240
2339
2241
2340
2242
2341
2243
2342
2244
2343
2245
2344
2246
2345
2247
2346
2248
2347
2249
2348
2250
2349
2251
2350
2252
2351
2253
2352
2254
2353
2255
2354
2256
2355
2257
2356
2258
2357
2259
2358
2359
2261
2360
2262
2361
2263
2362
2264
2363
2265
2364
2266
2365
2267
2366
2268
2367
2269
2368
2270
2369
2271
2370
2272
2371
2273
2372
2274
2373
2275
2374
2276
2375
2277
2376
2278
2377
2279
2378
2280
2379
2281
2380
2282
2381
2283
2382
2284
2383
2285
2384
2286
2385
2287
2386
2288
2387
2289
2388
2290
2389
2291
2390
2292
2391
2293
2392
2294
2393
2295
2394
2296
2395
2297
2396
2298
2397
2299
2398
2300
2399
2301
2400
2302
2401
2303
2402
2304
2403
2305
2404
2306
2405
2307
2406
2308
2407
2309
2408
2310
2409
2311
2410
2312
2411
2313
2412
2314
2413
2315
2414
2316
2415
2317
2416
2318
2417
2319
2418
2320
2419
2321
2420
2322
2421
2323
2422
2324
2423
2325
2424
2326
2425
2327
2426
2328
2427
2329
2428
2330
2429
2331
2430
2332
2431
2333
2432
2334
2433
2335
2434
2336
2435
2337
2436
2338
2437
2339
2438
2340
2439
2341
2440
2342
2441
2343
2442
2344
2443
2345
2444
2346
2445
2347
2446
2348
2447
2349
2448
2350
2449
2351
2450
2352
2451
2353
2452
2354
2453
2355
2454
2356
2455
2357
2456
2358
2457
2359
2458
2459
2361
2460
2362
2461
2363
2462
2364
2463
2365
2464
2366
2465
2367
2466
2368
2467
2369
2468
2370
2469
2371
2470
2372
2471
2373
2472
2374
2473
2375
2474
2376
2475
2377
2476
2378
2477
2379
2478
2380
2479
2381
2480
2382
2481
2383
2482
2384
2483
2385
2484
2386
2485
2387
2486
2388
2487
2389
2488
2390
2489
2391
2490
2392
2491
2393
2492
2394
2493
2395
2494
2396
2495
2397
2496
2398
2497
2399
2498
2400
2499
2401
2500
2402
2501
2403
2502
2404
2503
2405
2504
2406
2505
2407
2506
2408
2507
2409
2508
2410
2509
2411
2510
2412
2511
2413
2512
2414
2513
2415
2514
2416
2515
2417
2516
2418
2517
2419
2518
2420
2519
2421
2520
2422
2521
2423
2522
2424
2523
2425
2524
2426
2525
2427
2526
2428
2527
2429
2528
2430
2529
2431
2530
2432
2531
2433
2532
2434
2533
2435
2534
2436
2535
2437
2536
2438
2537
2439
2538
2440
2539
2441
2540
2442
2541
2443
2542
2444
2543
2445
2544
2446
2545
2447
2546
2448
2547
2449
2548
2450
2549
2451
2550
2452
2551
2453
2552
2454
2553
2455
2554
2456
2555
2457
2556
2458
2557
2459
2558
2559
2461
2560
2462
2561
2463
2562
2464
2563
2465
2564
2466
2565
2467
2566
2468
2567
2469
2568
2470
2569
2471
2570
2472
2571
2473
2572
2474
2573
2475
2574
2476
2575
2477
2576
2478
2577
2479
2578
2480
2579
2481
2580
2482
2581
2483
2582
2484
2583
2485
2584
2486
2585
2487
2586
2488
2587
2489
2588
2490
2589
2491
2590
2492
2591
2493
2592
2494
2593
2495
2594
2496
2595
2497
2596
2498
2597
2499
2598
2500
2599
2501
2600
2502
2601
2503
2602
2504
2603
2505
2604
2506
2605
2507
2606
2508
2607
2509
2608
2510
2609
2511
2610
2512
2611
2513
2612
2514
2613
2515
2614
2516
2615
2517
2616
2518
2617
2519
2618
2520
2619
2521
2620
2522
2621
2523
2622
2524
2623
2525
2624
2526
2625
2527
2626
2528
2627
2529
2628
2530
2629
2531
2630
2532
2631
2533
2632
2534
2633
2535
2634
2536
2635
2537
2636
2538
2637
2539
2638
2540
2639
2541
2640
2542
2641
2543
2642
2544
2643
2545
2644
2546
2645
2547
2646
2548
2647
2549
2648
2550
2649
2551
2650
2552
2651
2553
2652
2554
2653
2555
2654
2556
2655
2557
2656
2558
2657
2559
2658
2659
2561
2660
2562
2661
2563
2662
2564
2663
2565
2664
2566
2665
2567
2666
2568
2667
2569
2668
2570
2669
2571
2670
2572
2671
2573
2672
2574
2673
2575
2674
2576
2675
2577
2676
2578
2677
2579
2678
2580
2679
2581
2680
2582
2681
2583
2682
2584
2683
2585
2684
2586
2685
2587
2686
2588
2687
2589
2688
2590
2689
2591
2690
2592
2691
2593
2692
2594
2693
2595
2694
2596
2695
2597
2696
2598
2697
2599
2698
2600
2699
2601
2700
2602
2701
2603
2702
2604
2703
2605
2704
2606
2705
2607
2706
2608
2707
2609
2708
2610
2709
2611
2710
2612
2711
2613
2712
2614
2713
2615
2714
2616
2715
2617
2716
2618
2717
2619
2718
2620
2719
2621
2720
2622
2721
2623
2722
2624
2723
2625
2724
2626
2725
2627
2726
2628
2727
2629
2728
2630
2729
2631
2730
2632
2731
2633
2732
2634
2733
2635
2734
2636
2735
2637
2736
2638
2737
2639
2738
2640
2739
2641
2740
2642
2741
2643
2742
2644
2743
2645
2744
2646
2745
2647
2746
2648
2747
2649
2748
2650
2749
2651
2750
2652
2751
2653
2752
2654
2753
2655
2754
2656
2755
2657
2756
2658
2757
2659
2758
2759
2661
2760
2662
2761
2663
2762
2664
2763
2665
2764
2666
2765
2667
2766
2668
2767
2669
2768
2670
2769
2671
2770
2672
2771
2673
2772
2674
2773
2675
2774
2676
2775
2677
2776
2678
2777
2679
2778
2680
2779
2681
2780
2682
2781
2683
2782
2684
2783
2685
2784
2686
2785
2687
2786
2688
2787
2689
2788
2690
2789
2691
2790
2692
2791
2693
2792
2694
2793
2695
2794
2696
2795
2697
2796
2698
2797
2699
2798
2700
2799
2701
2800
2702
2801
2703
2802
2704
2803
2705
2804
2706
2805
2707
2806
2708
2807
2709
2808
2710
2809
2711
2810
2712
2811
2713
2812
2714
2813
2715
2814
2716
2815
2717
2816
2718
2817
2719
2818
2720
2819
2721
2820
2722
2821
2723
2822
2724
2823
2725
2824
2726
2825
2727
2826
2728
2827
2729
2828
2730
2829
2731
2830
2732
2831
2733
2832
2734
2833
2735
2834
2736
2835
2737
2836
2738
2837
2739
2838
2740
2839
2741
2840
2742
2841
2743
2842
2744
2843
2745
2844
2746
2845
2747
2846
2748
2847
2749
2848
2750
2849
2751
2850
2752
2851
2753
2852
2754
2853
2755
2854
2756
2855
2757
2856
2758
2857
2759
2858
2859
2761
2860
2762
2861
2763
2862
2764
2863
2765
2864
2766
2865
2767
2866
2768
2867
2769
2868
2770
2869
2771
2870
2772
2871
2773
2872
2774
2873
2775
2874
2776
2875
2777
2876
2778
2877
2779
2878
2780
2879
2781
2880
2782
2881
2783
2882
2784
2883
2785
2884
2786
2885
2787
2886
2788
2887
2789
2888
2790
2889
2791
2890
2792
2891
2793
2892
2794
2893
2795
2894
2796
2895
2797
2896
2798
2897
2799
2898
2800
2899
2801
2900
2802
2901
2803
2902
2804
2903
2805
2904
2806
2905
2807
2906
2808
2907
2809
2908
2810
2909
2811
2910
2812
2911
2813
2912
2814
2913
2815
2914
2816
2915
2817
2916
2818
2917
2819
2918
2820
2919
2821
2920
2822
2921
2823
2922
2824
2923
2825
2924
2826
2925
2827
2926
2828
2927
2829
2928
2830
2929
2831
2930
2832
2931
2833
2932
2834
2933
2835
2934
2836
2935
2837
2936
2838
2937
2839
2938
2840
2939
2841
2940
2842
2941
2843
2942
2844
2943
2845
2944
2846
2945
2847
2946
2848
2947
2849
2948
2850
2949
2851
2950
2852
2951
2853
2952
2854
2953
2855
2954
2856
2955
2857
2956
2858
2957
2859
2958
2959
2861
2960
2862
2961
2863
2962
2864
2963
2865
2964
2866
2965
2867
2966
2868
2967
2869
2968
2870
2969
2871
2970
2872
2971
2873
2972
2874
2973
2875
2974
2876
2975
2877
2976
2878
2977
2879
2978
2880
2979
2881
2980
2882
2981
2883
2982
2884
2983
2885
2984
2886
2985
2887
2986
2888
2987
2889
2988
2890
2989
2891
2990
2892
2991
2893
2992
2894
2993
2895
2994
2896
2995
2897
2996
2898
2997
2899
2998
2900
2999
2901
3000
2902
3001
2903
3002
2904
3003
2905
3004
2906
3005
2907
3006
2908
3007
2909
3008
2910
3009
2911
3010
2912
3011
2913
3012
2914
3013
2915
3014
2916
3015
2917
3016
2918
3017
2919
3018
2920
3019
2921
3020
2922
3021
2923
3022
2924
3023
2925
3024
2926
3025
2927
3026
2928
3027
2929
3028
2930
3029
2931
3030
2932
3031
2933
3032
2934
3033
2935
3034
2936
3035
2937
3036
2938
3037
2939
3038
2940
3039
2941
3040
2942
3041
2943
3042
2944
3043
2945
3044
2946
3045
2947
3046
2948
3047
2949
3048
2950
3049
2951
3050
2952
3051
2953
3052
2954
3053
2955
3054
2956
3055
2957
3056
2958
3057
2959
3058
3059
2961
3060
2962
3061
2963
3062
2964
3063
2965
3064
2966
3065
2967
3066
2968
3067
2969
3068
2970
3069
2971
3070
2972
3071
2973
3072
2974
3073
2975
3074
2976
3075
2977
3076
2978
3077
2979
3078
2980
3079
2981
3080
2982
3081
2983
3082
2984
3083
2985
3084
2986
3085
2987
3086
2988
3087
2989
3088
2990
3089
2991
3090
2992
3091
2993
3092
2994
3093
2995
3094
2996
3095
2997
3096
2998
3097
2999
3098
3000
3099
3001
3100
3002
3101
3003
3102
3004
3103
3005
3104
3006
3105
3007
3106
3008
3107
3009
3108
3010
3109
3011
3110
3012
3111
3013
3112
3014
3113
3015
3114
3016
3115
3017
3116
3018
3117
3019
3118
3020
3119
3021
3120
3022
3121
3023
3122
3024
3123
3025
3124
3026
3125
3027
3126
3028
3127
3029
3128
3030
3129
3031
3130
3032
3131
3033
3132
3034
3133
3035
3134
3036
3135
3037
3136
3038
3137
3039
3138
3040
3139
3041
3140
3042
3141
3043
3142
3044
3143
3045
3144
3046
3145
3047
3146
3048
3147
3049
3148
3050
3149
3051
3150
3052
3151
3053
3152
3054
3153
3055
3154
3056
3155
3057
3156
3058
3157
3059
3158
3159
3061
3160
3062
3161
3063
3162
3064
3163
3065
3164
3066
3165
3067
3166
3068
3167
3069
3168
3070
3169
3071
3170
3072
3171
3073
3172
3074
3173
3075
3174
3076
3175
3077
3176
3078
3177
3079
3178
3080
3179
3081
3180
3082
3181
3083
3182
3084
3183
3085
3184
3086
3185
3087
3186
3088
3187
3089
3188
3090
3189
3091
3190
3092
3191
3093
3192
3094
3193
3095
3194
3096
3195
3097
3196
3098
3197
3099
3198
3100
3199
3101
3200
3102
3201
3103
3202
3104
3203
3105
3204
3106
3205
3107
3206
3108
3207
3109
3208
3110
3209
3111
3210
3112
3211
3113
3212
3114
3213
3115
3214
3116
3215
3117
3216
3118
3217
3119
3218
3120
3219
3121
3220
3122
3221
3123
3222
3124
3223
3125
3224
3126
3225
3127
3226
3128
3227
3129
3228
3130
3229
3131
3230
3132
3231
3133
3232
3134
3233
3135
3234
3136
3235
3137
3236
3138
3237
3139
3238
3140
3239
3141
3240
3142
3241
3143
3242
3144
3243
3145
3244
3146
3245
3147
3246
3148
3247
3149
3248
3150
3249
3151
3250
3152
3251
3153
3252
3154
3253
3155
3254
3156
3255
3157
3256
3158
3257
3159
3258
3259
3161
3260
3162
3261
3163
3262
3164
3263
3165
3264
3166
3265
3167
3266
3168
3267
3169
3268
3170
3269
3171
3270
3172
3271
3173
3272
3174
3273
3175
3274
3176
3275
3177
3276
3178
3277
3179
3278
3180
3279
3181
3280
3182
3281
3183
3282
3184
3283
3185
3284
3186
3285
3187
3286
3188
3287
3189
3288
3190
3289
3191
3290
3192
3291
3193
3292
3194
3293
3195
3294
3196
3295
3197
3296
3198
3297
3199
3298
3200
3299
3201
3300
3202
3301
3203
3302
3204
3303
3205
3304
3206
3305
3207
3306
3208
3307
3209
3308
3210
3309
3211
3310
3212
3311
3213
3312
3214
3313
3215
3314
3216
3315
3217
3316
3218
3317
3219
3318
3220
3319
3221
3320
3222
3321
3223
3322
3224
3323
3225
3324
3226
3325
3227
3326
3228
3327
3229
3328
3230
3329
3231
3330
3232
3331
3233
3332
3234
3333
3235
3334
3236
3335
3237
3336
3238
3337
3239
3338
3240
3339
3241
3340
3242
3341
3243
3342
3244
3343
3245
3344
3246
3345
3247
3346
3248
3347
3249
3348
3250
3349
3251
3350
3252
3351
3253
3352
3254
3353
3255
3354
3256
3355
3257
3356
3258
3357
3259
3358
3359
3261
3360
3262
3361
3263
3362
3264
3363
3265
3364
3266
3365
3267
3366
3268
3367
3269
3368
3270
3369
3271
3370
3272
3371
3273
3372
3274
3373
3275
3374
3276
3375
3277
3376
3278
3377
3279
3378
3280
3379
3281
3380
3282
3381
3283
3382
3284
3383
3285
3384
3286
3385
3287
3386
3288
3387
3289
3388
3290
3389
3291
3390
3292
3391
3293
3392
3294
3393
3295
3394
3296
3395
3297
3396
3298
3397
3299
3398
3300
3399
3301
3400
3302
3401
3303
3402
3304
3403
3305
3404
3306
3405
3307
3406
3308
3407
3309
3408
3310
3409
3311
3410
3312
3411
3313
3412
3314
3413
3315
3414
3316
3415
3317
3416
3318
3417
3319
3418
3320
3419
3321
3420
3322
3421
3323
3422
3324
3423
3325
3424
3326
3425
3327
3426
3328
3427
3329
3428
3330
3429
3331
3430
3332
3431
3333
3432
3334
3433
3335
3434
3336
3435
3337
3436
3338
3437
3339
3438
3340
3439
3341
3440
3342
3441
3343
3442
3344
3443
3345
3444
3346
3445
3347
3446
3348
3447
3349
3448
3350
3449
3351
3450
3352
3451
3353
3452
3354
3453
3355
3454
3356
3455
3357
3456
3358
3457
3359
3458
3459
3361
3460
3362
3461
3363
3462
3364
3463
3365
3464
3366
3465
3367
3466
3368
3467
3369
3468
3370
3469
3371
3470
3372
3471
3373
3472
3374
3473
3375
3474
3376
3475
3377
3476
3378
3477
3379
3478
3380
3479
3381
3480
3382
3481
3383
3482
3384
3483
3385
3484
3386
3485
3387
3486
3388
3487
3389
3488
3390
3489
3391
3490
3392
3491
3393
3492
3394
3493
3395
3494
3396
3495
3397
3496
3398
3497
3399
3498
3400
3499
3401
3500
3402
3501
3403
3502
3404
3503
3405
3504
3406
3505
3407
3506
3408
3507
3409
3508
3410
3509
3411
3510
3412
3511
3413
3512
3414
3513
3415
3514
3416
3515
3417
3516
3418
3517
3419
3518
3420
3519
3421
3520
3422
3521
3423
3522
3424
3523
3425
3524
3426
3525
3427
3526
3428
3527
3429
3528
3430
3529
3431
3530
3432
3531
3433
3532
3434
3533
3435
3534
3436
3535
3437
3536
3438
3537
3439
3538
3440
3539
3441
3540
3442
3541
3443
3542
3444
3543
3445
3544
3446
3545
3447
3546
3448
3547
3449
3548
3450
3549
3451
3550
3452
3551
3453
3552
3454
3553
3455
3554
3456
3555
3457
3556
3458
3557
3459
3558
3559
3461
3560
3462
3561
3463
3562
3464
3563
3465
3564
3466
3565
3467
3566
3468
3567
3469
3568
3470
3569
3471
3570
3472
3571
3473
3572
3474
3573
3475
3574
3476
3575
3477
3576
3478
3577
3479
3578
3480
3579
3481
3580
3482
3581
3483
3582
3484
3583
3485
3584
3486
3585
3487
3586
3488
3587
3489
3588
3490
3589
3491
3590
3492
3591
3493
3592
3494
3593
3495
3594
3496
3595
3497
3596
3498
3597
3499
3598
3500
3599
3501
3600
3502
3601
3503
3602
3504
3603
3505
3604
3506
3605
3507
3606
3508
3607
3509
3608
3510
3609
3511
3610
3512
3611
3513
3612
3514
3613
3515
3614
3516
3615
3517
3616
3518
3617
3519
3618
3520
3619
3521
3620
3522
3621
3523
3622
3524
3623
3525
3624
3526
3625
3527
3626
3528
3627
3529
3628
3530
3629
3531
3630
3532
3631
3533
3632
3534
3633
3535
3634
3536
3635
3537
3636
3538
3637
3539
3638
3540
3639
3541
3640
3542
3641
3543
3642
3544
3643
3545
3644
3546
3645
3547
3646
3548
3647
3549
3648
3550
3649
3551
3650
3552
3651
3553
3652
3554
3653
3555
3654
3556
3655
3557
3656
3558
3657
3559
3658
3659
3561
3660
3562
3661
3563
3662
3564
3663
3565
3664
3566
3665
3567
3666
3568
3667
3569
3668
3570
3669
3571
3670
3572
3671
3573
3672
3574
3673
3575
3674
3576
3675
3577
3676
3578
3677
3579
3678
3580
3679
3581
3680
3582
3681
3583
3682
3584
3683
3585
3684
3586
3685
3587
3686
3588
3687
3589
3688
3590
3689
3591
3690
3592
3691
3593
3692
3594
3693
3595
3694
3596
3695
3597
3696
3598
3697
3599
3698
3600
3699
3601
3700
3602
3701
3603
3702
3604
3703
3605
3704
3606
3705
3607
3706
3608
3707
3609
3708
3610
3709
3611
3710
3612
3711
3613
3712
3614
3713
3615
3714
3616
3715
3617
3716
3618
3717
3619
3718
3620
3719
3621
3720
3622
3721
3623
3722
3624
3723
3625
3724
3626
3725
3627
3726
3628
3727
3629
3728
3630
3729
3631
3730
3632
3731
3633
3732
3634
3733
3635
3734
3636
3735
3637
3736
3638
3737
3639
3738
3640
3739
3641
3740
3642
3741
3643
3742
3644
3743
3645
3744
3646
3745
3647
3746
3648
3747
3649
3748
3650
3749
3651
3750
3652
3751
3653
3752
3654
3753
3655
3754
3656
3755
3657
3756
3658
3757
3659
3758
3759
3661
3760
3662
3761
3663
3762
3664
3763
3665
3764
3666
3765
3667
3766
3668
3767
3669
3768
3670
3769
3671
3770
3672
3771
3673
3772
3674
3773
3675
3774
3676
3775
3677
3776
3678
3777
3679
3778
3680
3779
3681
3780
3682
3781
3683
3782
3684
3783
3685
3784
3686
3785
3687
3786
3688
3787
3689
3788
3690
3789
3691
3790
3692
3791
3693
3792
3694
3793
3695
3794
3696
3795
3697
3796
3698
3797
3699
3798
3700
3799
3701
3800
3702
3801
3703
3802
3704
3803
3705
3804
3706
3805
3707
3806
3708
3807
3709
3808
3710
3809
3711
3810
3712
3811
3713
3812
3714
3813
3715
3814
3716
3815
3717
3816
3718
3817
3719
3818
3720
3819
3721
3820
3722
3821
3723
3822
3724
3823
3725
3824
3726
3825
3727
3826
3728
3827
3729
3828
3730
3829
3731
3830
3732
3831
3733
3832
3734
3833
3735
3834
3736
3835
3737
3836
3738
3837
3739
3838
3740
3839
3741
3840
3742
3841
3743
3842
3744
3843
3745
3844
3746
3845
3747
3846
3748
3847
3749
3848
3750
3849
3751
3850
3752
3851
3753
3852
3754
3853
3755
3854
3756
3855
3757
3856
3758
3857
3759
3858
3859
3761
3860
3762
3861
3763
3862
3764
3863
3765
3864
3766
3865
3767
3866
3768
3867
3769
3868
3770
3869
3771
3870
3772
3871
3773
3872
3774
3873
3775
3874
3776
3875
3777
3876
3778
3877
3779
3878
3780
3879
3781
3880
3782
3881
3783
3882
3784
3883
3785
3884
3786
3885
3787
3886
3788
3887
3789
3888
3790
3889
3791
3890
3792
3891
3793
3892
3794
3893
3795
3894
3796
3895
3797
3896
3798
3897
3799
3898
3800
3899
3801
3900
3802
3901
3803
3902
3804
3903
3805
3904
3806
3905
3807
3906
3808
3907
3809
3908
3810
3909
3811
3910
3812
3911
3813
3912
3814
3913
3815
3914
3816
3915
3817
3916
3818
3917
3819
3918
3820
3919
3821
3920
3822
3921
3823
3922
3824
3923
3825
3924
3826
3925
3827
3926
3828
3927
3829
3928
3830
3929
3831
3930
3832
3931
3833
3932
3834
3933
3835
3934
3836
3935
3837
3936
3838
3937
3839
3938
3840
3939
3841
3940
3842
3941
3843
3942
3844
3943
3845
3944
3846
3945
3847
3946
3848
3947
3849
3948
3850
3949
3851
3950
3852
3951
3853
3952
3854
3953
3855
3954
3856
3955
3857
3956
3858
3957
3859
3958
3959
3861
3960
3862
3961
3863
3962
3864
3963
3865
3964
3866
3965
3867
3966
3868
3967
3869
3968
3870
3969
3871
3970
3872
3971
3873
3972
3874
3973
3875
3974
3876
3975
3877
3976
3878
3977
3879
3978
3880
3979
3881
3980
3882
3981
3883
3982
3884
3983
3885
3984
3886
3985
3887
3986
3888
3987
3889
3988
3890
3989
3891
3990
3892
3991
3893
3992
3894
3993
3895
3994
3896
3995
3897
3996
3898
3997
3899
3998
3900
3999
3901
4000
3902
4001
3903
4002
3904
4003
3905
4004
3906
4005
3907
4006
3908
4007
3909
4008
3910
4009
3911
4010
3912
4011
3913
4012
3914
4013
3915
4014
3916
4015
3917
4016
3918
4017
3919
4018
3920
4019
3921
4020
3922
4021
3923
4022
3924
4023
3925
4024
3926
4025
3927
4026
3928
4027
3929
4028
3930
4029
3931
4030
3932
4031
3933
4032
3934
4033
3935
4034
3936
4035
3937
4036
3938
4037
3939
4038
3940
4039
3941
4040
3942
4041
3943
4042
3944
4043
3945
4044
3946
4045
3947
4046
3948
4047
3949
4048
3950
4049
3951
4050
3952
4051
3953
4052
3954
4053
3955
4054
3956
4055
3957
4056
3958
4057
3959
4058
4059
3961
4060
3962
4061
3963
4062
3964
4063
3965
4064
3966
4065
3967
4066
3968
4067
3969
4068
3970
4069
3971
4070
3972
4071
3973
4072
3974
4073
3975
4074
3976
4075
3977
4076
3978
4077
3979
4078
3980
4079
3981
4080
3982
4081
3983
4082
3984
4083
3985
4084
3986
4085
3987
4086
3988
4087
3989
4088
3990
4089
3991
4090
3992
4091
3993
4092
3994
4093
3995
4094
3996
4095
3997
4096
3998
4097
3999
4098
4000
4099
4001
4100
4002
4101
4003
4102
4004
4103
4005
4104
4006
4105
4007
4106
4008
4107
4009
4108
4010
4109
4011
4110
4012
4111
4013
4112
4014
4113
4015
4114
4016
4115
4017
4116
4018
4117
4019
4118
4020
4119
4021
4120
4022
4121
4023
4122
4024
4123
4025
4124
4026
4125
4027
4126
4028
4127
4029
4128
4030
4129
4031
4130
4032
4131
4033
4132
4034
4133
4035
4134
4036
4135
4037
4136
4038
4137
4039
4138
4040
4139
4041
4140
4042
4141
4043
4142
4044
4143
4045
4144
4046
4145
4047
4146
4048
4147
4049
4148
4050
4149
4051
4150
4052
4151
4053
4152
4054
4153
4055
4154
4056
4155
4057
4156
4058
4157
4059
4158
4159
4061
4062
4063
4064
4065
4066
4067
4068
4069
4070
4071
4072
4073
4074
4075
4076
4077
4078
4079
4080
4081
4082
4083
4084
4085
4086
4087
4088
4089
4090
4091
4092
4093
4094
4095
4096
4097
4098
4099
4100
4101
4102
4103
4104
4105
4106
4107
4108
4109
4110
4111
4112
4113
4114
4115
4116
4117
4118
4119
4120
4121
4122
4123
4124
4125
4126
4127
4128
4129
4130
4131
4132
4133
4134
4135
4136
4137
4138
4139
4140
4141
4142
4143
4144
4145
4146
4147
4148
4149
4150
4151
4152
4153
4154
4155
4156
4157
4158
4159
)


                                                                               
