# Probe 0 (0.010500000000000001 -0.0025198995569999999 0.446551168256)
# Probe 1 (0.010500000000000001 -0.0060554334630000001 0.45008670216199997)
# Probe 2 (0.010500000000000001 -0.0095909673689999995 0.45362223606800001)
# Probe 3 (0.010500000000000001 -0.013126501275000001 0.45715776997399998)
# Time                   0                        1                        2                        3                       
1.5                      412.68999972346802       334.76399982927023       313.36999996324721       309.75686277668751      
1.5099999951214076       412.68999972346802       334.76399982927023       313.36999996324721       309.75686277668751      
1.5200000254848507       412.49088614523151       336.13718966841134       313.81974936197406       309.52305855766105      
1.5300000011460491       412.29563686245467       337.25744363383353       314.19200393342766       309.33178755737208      
1.5400000137899728       412.11320616734247       338.20424162426377       314.51454065930261       309.17070271239447      
1.5500000324527383       411.95856171329405       339.0277669933493        314.80485458240321       309.0323713435132       
1.5599999975182131       411.848796040921         339.76074479265742       315.07412469439896       308.91207008399692      
1.5700000138629662       411.79933604961002       340.42517829660932       315.32957457328916       308.80661685325487      
1.5799999842297094       411.82188187203769       341.03631104273131       315.57589297006115       308.71374215393507      
1.59000000265953         411.92373531467854       341.60502173887642       315.8161205851593        308.63174470464674      
1.6000000221555766       412.10901764727197       342.13929038632403       316.05221066611909       308.55930033983327      
1.6099999973662908       412.38334270372417       342.64514361510447       316.28542932255374       308.4953477684312       
1.6199999835647318       412.74877046547465       343.12725845128034       316.51660002411859       308.43901963687813      
1.6299999917980879       413.203294118602         343.58936017989669       316.74615076903717       308.38959775040422      
1.6399999731926767       413.74153586936393       344.03449323568861       316.97431677796419       308.34648106540715      
1.6499999831239105       414.35597921887097       344.46521051364653       317.20121306931276       308.30916148602785      
1.6599999756720412       415.03813352320174       344.88358919243734       317.42687445012763       308.27720691718366      
1.6699999658114617       415.77952320069073       345.29150394034639       317.65129566446927       308.25024552128718      
1.6799999890663206       416.57189129447346       345.69064030407503       317.87444438143103       308.22795517537713      
1.6899999913565775       417.40768915730774       346.0824781420896        318.09627839908637       308.21005358352232      
1.7000000170528173       418.28019917899735       346.46832598827382       318.31675499131421       308.19629078692299      
1.7100000115737632       419.18968057396074       346.84934739333147       318.53583620760594       308.18644322715915      
1.7200000100452284       420.13676665416051       347.22658123048188       318.75348967790762       308.18031243272333      
1.7300000225965306       421.12084474321989       347.60095871159655       318.96969506975455       308.1777218666868       
1.7399999716705126       422.14073610358469       347.97330236646349       319.1844381845537        308.17851285210617      
1.7500000336261319       423.19337659580157       348.34435044641162       319.39780544176631       308.18253692344786      
1.7599999751132831       424.27465092844079       348.71475931600116       319.60981119393028       308.18965466239678      
1.7700000038023469       425.37991344814247       349.08510733435855       319.82045532059442       308.19973484585375      
1.7799999765040364       426.50482765250683       349.45592376533818       320.02975554308819       308.21265349541557      
1.789999969944541        427.64604914722543       349.82787150346832       320.23773976991197       308.22829251975861      
1.7999999694199884       428.8000614797827        350.20133272195903       320.44444581881362       308.2465389057943       
1.8099999947099925       429.96960150167126       350.57663228311878       320.64991953937863       308.26728409329144      
1.8199999938272469       431.15784853246697       350.95405829432286       320.85421318633087       308.29042894104271      
1.82999997029696         432.36594566254911       351.33386852214454       321.05738652490083       308.31588509864633      
1.8400000071902864       433.59289966868988       351.71628607379841       321.25950211701081       308.34357271770489      
1.8499999910801757       434.83628368790426       352.1015060628045        321.46062663147319       308.37341797352445      
1.8600000277826365       436.09291794558732       352.48969893742316       321.66083058089237       308.40535078177732      
1.8699999862961931       437.36031402768577       352.88090456797011       321.86018910882945       308.43930280470158      
1.8799999654623909       438.63670905083063       353.27523772517975       322.05878097908163       308.47520681188792      
1.8900000172808737       439.91856612405661       353.67281912351245       322.25668517617692       308.51299618781309      
1.899999977555995        441.20281729409567       354.07374039752989       322.45397954293014       308.55260486282089      
1.9099999926702389       442.49377272395327       354.47806648519133       322.6507400331393        308.59396742749055      
1.919999980628496        443.79589072617216       354.88584311836627       322.84704245630297       308.63702301478946      
1.9299999872142815       445.11145497693576       355.29709846893257       323.04296121907555       308.6817161685621       
1.9399999946234745       446.44055496015204       355.71184157777901       323.23856666142217       308.72799549051979      
1.9500000228004508       447.78186274215625       356.13007521393632       323.43392945868334       308.77581335440436      
1.9599999926227714       449.13468558577802       356.55179501875512       323.62912933927362       308.82511424274378      
1.9700000327608738       450.49696200446385       356.9769889658229        323.82424738906218       308.87583921771295      
1.9800000264874242       451.86701881017268       357.40569934186283       324.0193537198852        308.92793847895564      
1.9899999873899867       453.2435192854561        357.83797707520011       324.21451225336472       308.98136723994384      
1.9999999817259324       454.6238444970229        358.27383423980211       324.40978105413171       309.03608304461409      
2.0099999974587921       456.01237613009118       358.71326469526969       324.60521704776255       309.09204574438047      
2.0200000316052424       457.41316223223293       359.15624547852315       324.80087212854158       309.14921641851311      
2.0299999646939595       458.82958855456116       359.60275847590401       324.99679900700562       309.20755901326527      
2.0399999828460311       460.26103636512892       360.05300730907197       325.19304551357624       309.26703834549073      
2.05000002708669         461.70533075645642       360.50700791298698       325.38966013848233       309.32762141799742      
2.060000014315154        463.15964338592255       360.96472187305551       325.58668937801929       309.38927640386737      
2.0699999756942535       464.62059909153083       361.42612919743794       325.78417866384689       309.45197282441978      
2.0800000231170301       466.08460451188682       361.89121000416463       325.98216917478032       309.51568049444165      
2.0899999659549238       467.54812603010748       362.35994053914101       326.18071363999462       309.58037139531018      
2.1000000328958599       469.00914627725251       362.83228114228228       326.37986578708887       309.64601784640001      
2.1099999890066172       470.47304441961705       363.30819894926401       326.57967058219549       309.71259381882641      
2.1200000264682473       471.94380443799207       363.78766042715256       326.78016683121712       309.78007469474949      
2.1299999797903428       473.42332161026513       364.27062796980641       326.9813885625573        309.84843705359413      
2.1400000264965238       474.91140469500385       364.75705820872764       327.1833655022341        309.91765837096835      
2.1499999812208177       476.40669744645174       365.24690942334428       327.38612641451556       309.98771785295276      
2.1599999774369305       477.9060084981956        365.74013791851246       327.58969771406021       310.05859575382351      
2.1700000227943663       479.4065673924672        366.23669890505056       327.79410407971829       310.13027343826042      
2.1800000078122013       480.90450898597066       366.73654684700614       327.99936904657397       310.20273348455703      
2.1900000151907548       482.39622782369577       367.23963112778415       328.20551384912216       310.2759591951127       
2.1999999809721302       483.87800348763392       367.74589711276815       328.41255709049062       310.34993440368407      
2.2100000228093526       485.35543604664758       368.25531377099401       328.62051819356384       310.4246446521567       
2.2200000340063322       486.8341809151961        368.76807661016062       328.82941433851977       310.50007618328493      
2.2299999804780186       488.3175593990008        369.28421227671987       329.03925893288101       310.57621532484052      
2.2399999966434834       489.80644414079518       369.80372945381072       329.25007234794123       310.65296572087118      
2.2499999699816686       491.30031502229156       370.32650655720533       329.46187118109685       310.73031754062407      
2.2599999809040359       492.79612057452391       370.85245465100036       329.67467325665655       310.80827660143217      
2.2700000291576248       494.29113122928504       371.38147232315345       329.88849244664999       310.88684423925554      
2.2800000202047879       495.7829880204485        371.91346581031564       330.10334317852607       310.96601972109579      
2.2899999732190857       497.26937362198663       372.44839885887097       330.31923888301128       311.04580034599911      
2.3000000072069025       498.74754806767925       372.98630808859457       330.53619102941042       311.12618180066522      
2.3100000291100744       500.22452740956317       373.52724740214137       330.75421221916747       311.20715986587931      
2.3200000137908336       501.70668062949159       374.0712231219768        330.97332378933925       311.2887294606515       
2.3299999793017312       503.19670675420815       374.61821168631491       331.19361271341728       311.37088577637354      
2.3400000086299042       504.69470275587059       375.1681735366559        331.41507680638983       311.45362446072613      
2.3499999897467374       506.19879567008354       375.72105614976158       331.63770798757179       311.53694077120417      
2.3600000281769162       507.70591037862158       376.2768045386199        331.86150084428436       311.62083035276919      
2.3699999667208242       509.21148989104353       376.83536493596591       332.08645116615958       311.70528894123828      
2.3799999826463303       510.71182853026437       377.39668604114729       332.31255523016404       311.79031228036888      
2.3900000136255266       512.2044444380615        377.96072156073683       332.53981080235883       311.87589663262054      
2.39999997262262         513.68718213008958       378.52742374972337       332.76821498912443       311.96203806471055      
