FoamFile
{
    version     2.0;
    format      ascii;
    class       dictionary;
    location    "system/graphite";
    object      blockMeshDict;
}

                                                             
                                                                            

scale 1;

vertices
(
    (0.000000000000 0.064938134403 -0.002835260179)                       
    (0.000000000000 0.064938134403  0.002835260179)                        
    (0.059800000000 0.064938134403 -0.002835260179)      
    (0.059800000000 0.064938134403  0.002835260179)      
    (0.151945102963 0.011788769015 -0.000514708771)             
    (0.151945102963 0.011788769015  0.000514708771)      
    (0.221300000000 0.026374873050 -0.001151551826)           
    (0.221300000000 0.026374873050  0.001151551826)      

    (0.000000000000 0.099405298047 -0.004340129043)                       
    (0.000000000000 0.099405298047  0.004340129043)                        
    (0.059800000000 0.099405298047 -0.004340129043)       
    (0.059800000000 0.099405298047  0.004340129043)       
    (0.151945102963 0.099405298047 -0.004340129043)       
    (0.151945102963 0.099405298047  0.004340129043)       
    (0.221300000000 0.099405298047 -0.004340129043)       
    (0.221300000000 0.099405298047  0.004340129043)       
);

blocks
(
                                                                            
                                                         
    hex (0 2 10 8 1 3 11 9)    (32 42 1) simpleGrading (0.34 24.5 1)
    hex (2 4 12 10 3 5 13 11)  (92 42 1) simpleGrading (1 24.5 1)
    hex (4 6 14 12 5 7 15 13)  (40 42 1) simpleGrading (2.75 24.5 1)
);

                                                                              
                                                                 
edges
(
    spline 2 4
    (
        (0.060721451030 0.064917993591 -0.002834380812)
        (0.064407255148 0.063539466893 -0.002774193036)
        (0.069014510296 0.060742131872 -0.002652058752)
        (0.078229020593 0.055147461831 -0.002407790183)
        (0.087443530889 0.049552791790 -0.002163521613)
        (0.096658041185 0.043958121750 -0.001919253044)
        (0.105872551482 0.038363451709 -0.001674984475)
        (0.115087061778 0.032768781668 -0.001430715906)
        (0.124301572074 0.027174111627 -0.001186447336)
        (0.133516082370 0.021579441586 -0.000942178767)
        (0.142730592667 0.015984771545 -0.000697910198)
        (0.147337847815 0.013187436525 -0.000575775913)
        (0.151023651933 0.011808909827 -0.000515588138)
    )
    spline 3 5
    (
        (0.060721451030 0.064917993591 0.002834380812)
        (0.064407255148 0.063539466893 0.002774193036)
        (0.069014510296 0.060742131872 0.002652058752)
        (0.078229020593 0.055147461831 0.002407790183)
        (0.087443530889 0.049552791790 0.002163521613)
        (0.096658041185 0.043958121750 0.001919253044)
        (0.105872551482 0.038363451709 0.001674984475)
        (0.115087061778 0.032768781668 0.001430715906)
        (0.124301572074 0.027174111627 0.001186447336)
        (0.133516082370 0.021579441586 0.000942178767)
        (0.142730592667 0.015984771545 0.000697910198)
        (0.147337847815 0.013187436525 0.000575775913)
        (0.151023651933 0.011808909827 0.000515588138)
    )
    spline 4 6
    (
        (0.152638651933 0.011794296380 -0.000514950101)
        (0.155412847815 0.012172613858 -0.000531467799)
        (0.158880592667 0.012940303544 -0.000564985854)
        (0.165816082370 0.014475682916 -0.000632021965)
        (0.172751572074 0.016011062288 -0.000699058076)
        (0.179687061778 0.017546441660 -0.000766094188)
        (0.186622551482 0.019081821032 -0.000833130299)
        (0.193558041185 0.020617200404 -0.000900166410)
        (0.200493530889 0.022152579776 -0.000967202521)
        (0.207429020593 0.023687959149 -0.001034238632)
        (0.214364510296 0.025223338521 -0.001101274743)
        (0.217832255148 0.025991028207 -0.001134792799)
        (0.220606451030 0.026369345684 -0.001151310496)
    )
    spline 5 7
    (
        (0.152638651933 0.011794296380 0.000514950101)
        (0.155412847815 0.012172613858 0.000531467799)
        (0.158880592667 0.012940303544 0.000564985854)
        (0.165816082370 0.014475682916 0.000632021965)
        (0.172751572074 0.016011062288 0.000699058076)
        (0.179687061778 0.017546441660 0.000766094188)
        (0.186622551482 0.019081821032 0.000833130299)
        (0.193558041185 0.020617200404 0.000900166410)
        (0.200493530889 0.022152579776 0.000967202521)
        (0.207429020593 0.023687959149 0.001034238632)
        (0.214364510296 0.025223338521 0.001101274743)
        (0.217832255148 0.025991028207 0.001134792799)
        (0.220606451030 0.026369345684 0.001151310496)
    )
);

boundary
(
    graphite_to_fluid
    {
        type wall;
        faces
        (
            (2 0 1 3)
            (4 2 3 5)
            (6 4 5 7)
        );
    }
    outerWall
    {
        type wall;
        faces
        (
            (8 10 11 9)
            (10 12 13 11)
            (12 14 15 13)
        );
    }
    graphiteInlet
    {
        type wall;
        faces ((0 8 9 1));
    }
    graphiteOutlet
    {
        type wall;
        faces ((6 7 15 14));
    }
    wedgeBack
    {
        type wedge;
        faces
        (
            (0 2 10 8)
            (2 4 12 10)
            (4 6 14 12)
        );
    }
    wedgeFront
    {
        type wedge;
        faces
        (
            (1 9 11 3)
            (3 11 13 5)
            (5 13 15 7)
        );
    }
);

mergePatchPairs ();
