# Probe 0 (0.151410366795 0.011821249472999999 0)
# Probe 1 (0.152401606784 0.011803651873 0)
# Time                   0                        1                       
1                        882.40700293299994       883.47729541399997      
1.1000000000000023       878.82828816379265       870.97452303720331      
1.1999999999999731       878.82828816379265       870.97452303720331      
1.2999999999999825       876.36538808855573       864.1187735021249       
1.4000000000000494       877.84087728447514       862.91333445239411      
1.5000000000000171       881.86405176044514       865.0655183307432       
1.5999999999999996       887.70742960692542       869.48281479863965      
1.699999999999962        894.73431506831048       875.35927298597244      
1.7999999999999372       902.55184889239547       882.20806145915435      
1.9000000000000199       911.02880003878272       889.83572021050327      
1.9999999999999893       920.02488121690271       898.06752419731345      
2.0999999999999854       929.43311036253965       906.77030927914393      
2.1999999999999851       938.623022366192         915.33117222501278      
2.3000000000001659       947.28208087032158       923.4418422160918       
2.4000000000001069       955.6958548106212        931.35618459756665      
2.4999999999999156       963.93345431234741       939.12966935626855      
2.6000000000000258       972.0247210524027        946.78591734473821      
2.69999999999993         979.98596854926836       954.335777932361        
2.7999999999999847       987.82696967870856       961.78407763323764      
2.9000000000000572       995.55706808931916       969.1362784782898       
3.0000000000000302       1003.1815393655262       976.39710423840086      
3.1000000000000787       1010.7048340978249       983.56871916943896      
3.1999999999999194       1017.9850894190367       990.55143355486382      
3.3000000000000069       1025.0077167040376       997.2974009178289       
3.400000000000011        1031.8433042506915       1003.8700333004069      
3.499999999999976        1038.4968375021333       1010.2893709632659      
3.6000000000000201       1044.9882308925214       1016.5403294349109      
3.7000000000000224       1051.359165982363        1022.6788581037963      
3.7999999999999421       1057.6278518301469       1028.7243002717169      
3.8999999999999684       1063.7780279597557       1034.6616659463921      
3.9999999999999085       1069.8184475973849       1040.4923149484728      
4.0999999999997963       1075.7563378248574       1046.2259932706493      
4.2000000000001005       1081.5957694227016       1051.8648443085174      
4.2999999999997796       1087.3303553052099       1057.4069372757576      
4.3999999999997694       1092.9693927967849       1062.8575236411589      
4.4999999999999964       1098.5178270855963       1068.2214207570455      
