                                                                               
                             
                                                                   
                                                            
                                          
                             
                                                                               
FoamFile
{
    format      ascii;
    class       labelList;
    note        "nPoints: 9405 nCells: 4592 nFaces: 18396 nInternalFaces: 8992";
    location    "constant/fluid/polyMesh";
    object      neighbour;
}
                                                                               


8992
(
1
32
2
33
3
34
4
35
5
36
6
37
7
38
8
39
9
40
10
41
11
42
12
43
13
44
14
45
15
46
16
47
17
48
18
49
19
50
20
51
21
52
22
53
23
54
24
55
25
56
26
57
27
58
28
59
29
60
30
61
31
62
63
896
33
64
34
65
35
66
36
67
37
68
38
69
39
70
40
71
41
72
42
73
43
74
44
75
45
76
46
77
47
78
48
79
49
80
50
81
51
82
52
83
53
84
54
85
55
86
56
87
57
88
58
89
59
90
60
91
61
92
62
93
63
94
95
988
65
96
66
97
67
98
68
99
69
100
70
101
71
102
72
103
73
104
74
105
75
106
76
107
77
108
78
109
79
110
80
111
81
112
82
113
83
114
84
115
85
116
86
117
87
118
88
119
89
120
90
121
91
122
92
123
93
124
94
125
95
126
127
1080
97
128
98
129
99
130
100
131
101
132
102
133
103
134
104
135
105
136
106
137
107
138
108
139
109
140
110
141
111
142
112
143
113
144
114
145
115
146
116
147
117
148
118
149
119
150
120
151
121
152
122
153
123
154
124
155
125
156
126
157
127
158
159
1172
129
160
130
161
131
162
132
163
133
164
134
165
135
166
136
167
137
168
138
169
139
170
140
171
141
172
142
173
143
174
144
175
145
176
146
177
147
178
148
179
149
180
150
181
151
182
152
183
153
184
154
185
155
186
156
187
157
188
158
189
159
190
191
1264
161
192
162
193
163
194
164
195
165
196
166
197
167
198
168
199
169
200
170
201
171
202
172
203
173
204
174
205
175
206
176
207
177
208
178
209
179
210
180
211
181
212
182
213
183
214
184
215
185
216
186
217
187
218
188
219
189
220
190
221
191
222
223
1356
193
224
194
225
195
226
196
227
197
228
198
229
199
230
200
231
201
232
202
233
203
234
204
235
205
236
206
237
207
238
208
239
209
240
210
241
211
242
212
243
213
244
214
245
215
246
216
247
217
248
218
249
219
250
220
251
221
252
222
253
223
254
255
1448
225
256
226
257
227
258
228
259
229
260
230
261
231
262
232
263
233
264
234
265
235
266
236
267
237
268
238
269
239
270
240
271
241
272
242
273
243
274
244
275
245
276
246
277
247
278
248
279
249
280
250
281
251
282
252
283
253
284
254
285
255
286
287
1540
257
288
258
289
259
290
260
291
261
292
262
293
263
294
264
295
265
296
266
297
267
298
268
299
269
300
270
301
271
302
272
303
273
304
274
305
275
306
276
307
277
308
278
309
279
310
280
311
281
312
282
313
283
314
284
315
285
316
286
317
287
318
319
1632
289
320
290
321
291
322
292
323
293
324
294
325
295
326
296
327
297
328
298
329
299
330
300
331
301
332
302
333
303
334
304
335
305
336
306
337
307
338
308
339
309
340
310
341
311
342
312
343
313
344
314
345
315
346
316
347
317
348
318
349
319
350
351
1724
321
352
322
353
323
354
324
355
325
356
326
357
327
358
328
359
329
360
330
361
331
362
332
363
333
364
334
365
335
366
336
367
337
368
338
369
339
370
340
371
341
372
342
373
343
374
344
375
345
376
346
377
347
378
348
379
349
380
350
381
351
382
383
1816
353
384
354
385
355
386
356
387
357
388
358
389
359
390
360
391
361
392
362
393
363
394
364
395
365
396
366
397
367
398
368
399
369
400
370
401
371
402
372
403
373
404
374
405
375
406
376
407
377
408
378
409
379
410
380
411
381
412
382
413
383
414
415
1908
385
416
386
417
387
418
388
419
389
420
390
421
391
422
392
423
393
424
394
425
395
426
396
427
397
428
398
429
399
430
400
431
401
432
402
433
403
434
404
435
405
436
406
437
407
438
408
439
409
440
410
441
411
442
412
443
413
444
414
445
415
446
447
2000
417
448
418
449
419
450
420
451
421
452
422
453
423
454
424
455
425
456
426
457
427
458
428
459
429
460
430
461
431
462
432
463
433
464
434
465
435
466
436
467
437
468
438
469
439
470
440
471
441
472
442
473
443
474
444
475
445
476
446
477
447
478
479
2092
449
480
450
481
451
482
452
483
453
484
454
485
455
486
456
487
457
488
458
489
459
490
460
491
461
492
462
493
463
494
464
495
465
496
466
497
467
498
468
499
469
500
470
501
471
502
472
503
473
504
474
505
475
506
476
507
477
508
478
509
479
510
511
2184
481
512
482
513
483
514
484
515
485
516
486
517
487
518
488
519
489
520
490
521
491
522
492
523
493
524
494
525
495
526
496
527
497
528
498
529
499
530
500
531
501
532
502
533
503
534
504
535
505
536
506
537
507
538
508
539
509
540
510
541
511
542
543
2276
513
544
514
545
515
546
516
547
517
548
518
549
519
550
520
551
521
552
522
553
523
554
524
555
525
556
526
557
527
558
528
559
529
560
530
561
531
562
532
563
533
564
534
565
535
566
536
567
537
568
538
569
539
570
540
571
541
572
542
573
543
574
575
2368
545
576
546
577
547
578
548
579
549
580
550
581
551
582
552
583
553
584
554
585
555
586
556
587
557
588
558
589
559
590
560
591
561
592
562
593
563
594
564
595
565
596
566
597
567
598
568
599
569
600
570
601
571
602
572
603
573
604
574
605
575
606
607
2460
577
608
578
609
579
610
580
611
581
612
582
613
583
614
584
615
585
616
586
617
587
618
588
619
589
620
590
621
591
622
592
623
593
624
594
625
595
626
596
627
597
628
598
629
599
630
600
631
601
632
602
633
603
634
604
635
605
636
606
637
607
638
639
2552
609
640
610
641
611
642
612
643
613
644
614
645
615
646
616
647
617
648
618
649
619
650
620
651
621
652
622
653
623
654
624
655
625
656
626
657
627
658
628
659
629
660
630
661
631
662
632
663
633
664
634
665
635
666
636
667
637
668
638
669
639
670
671
2644
641
672
642
673
643
674
644
675
645
676
646
677
647
678
648
679
649
680
650
681
651
682
652
683
653
684
654
685
655
686
656
687
657
688
658
689
659
690
660
691
661
692
662
693
663
694
664
695
665
696
666
697
667
698
668
699
669
700
670
701
671
702
703
2736
673
704
674
705
675
706
676
707
677
708
678
709
679
710
680
711
681
712
682
713
683
714
684
715
685
716
686
717
687
718
688
719
689
720
690
721
691
722
692
723
693
724
694
725
695
726
696
727
697
728
698
729
699
730
700
731
701
732
702
733
703
734
735
2828
705
736
706
737
707
738
708
739
709
740
710
741
711
742
712
743
713
744
714
745
715
746
716
747
717
748
718
749
719
750
720
751
721
752
722
753
723
754
724
755
725
756
726
757
727
758
728
759
729
760
730
761
731
762
732
763
733
764
734
765
735
766
767
2920
737
768
738
769
739
770
740
771
741
772
742
773
743
774
744
775
745
776
746
777
747
778
748
779
749
780
750
781
751
782
752
783
753
784
754
785
755
786
756
787
757
788
758
789
759
790
760
791
761
792
762
793
763
794
764
795
765
796
766
797
767
798
799
3012
769
800
770
801
771
802
772
803
773
804
774
805
775
806
776
807
777
808
778
809
779
810
780
811
781
812
782
813
783
814
784
815
785
816
786
817
787
818
788
819
789
820
790
821
791
822
792
823
793
824
794
825
795
826
796
827
797
828
798
829
799
830
831
3104
801
832
802
833
803
834
804
835
805
836
806
837
807
838
808
839
809
840
810
841
811
842
812
843
813
844
814
845
815
846
816
847
817
848
818
849
819
850
820
851
821
852
822
853
823
854
824
855
825
856
826
857
827
858
828
859
829
860
830
861
831
862
863
3196
833
864
834
865
835
866
836
867
837
868
838
869
839
870
840
871
841
872
842
873
843
874
844
875
845
876
846
877
847
878
848
879
849
880
850
881
851
882
852
883
853
884
854
885
855
886
856
887
857
888
858
889
859
890
860
891
861
892
862
893
863
894
895
3288
865
866
867
868
869
870
871
872
873
874
875
876
877
878
879
880
881
882
883
884
885
886
887
888
889
890
891
892
893
894
895
3380
897
988
898
989
899
990
900
991
901
992
902
993
903
994
904
995
905
996
906
997
907
998
908
999
909
1000
910
1001
911
1002
912
1003
913
1004
914
1005
915
1006
916
1007
917
1008
918
1009
919
1010
920
1011
921
1012
922
1013
923
1014
924
1015
925
1016
926
1017
927
1018
928
1019
929
1020
930
1021
931
1022
932
1023
933
1024
934
1025
935
1026
936
1027
937
1028
938
1029
939
1030
940
1031
941
1032
942
1033
943
1034
944
1035
945
1036
946
1037
947
1038
948
1039
949
1040
950
1041
951
1042
952
1043
953
1044
954
1045
955
1046
956
1047
957
1048
958
1049
959
1050
960
1051
961
1052
962
1053
963
1054
964
1055
965
1056
966
1057
967
1058
968
1059
969
1060
970
1061
971
1062
972
1063
973
1064
974
1065
975
1066
976
1067
977
1068
978
1069
979
1070
980
1071
981
1072
982
1073
983
1074
984
1075
985
1076
986
1077
987
1078
1079
3472
989
1080
990
1081
991
1082
992
1083
993
1084
994
1085
995
1086
996
1087
997
1088
998
1089
999
1090
1000
1091
1001
1092
1002
1093
1003
1094
1004
1095
1005
1096
1006
1097
1007
1098
1008
1099
1009
1100
1010
1101
1011
1102
1012
1103
1013
1104
1014
1105
1015
1106
1016
1107
1017
1108
1018
1109
1019
1110
1020
1111
1021
1112
1022
1113
1023
1114
1024
1115
1025
1116
1026
1117
1027
1118
1028
1119
1029
1120
1030
1121
1031
1122
1032
1123
1033
1124
1034
1125
1035
1126
1036
1127
1037
1128
1038
1129
1039
1130
1040
1131
1041
1132
1042
1133
1043
1134
1044
1135
1045
1136
1046
1137
1047
1138
1048
1139
1049
1140
1050
1141
1051
1142
1052
1143
1053
1144
1054
1145
1055
1146
1056
1147
1057
1148
1058
1149
1059
1150
1060
1151
1061
1152
1062
1153
1063
1154
1064
1155
1065
1156
1066
1157
1067
1158
1068
1159
1069
1160
1070
1161
1071
1162
1072
1163
1073
1164
1074
1165
1075
1166
1076
1167
1077
1168
1078
1169
1079
1170
1171
3512
1081
1172
1082
1173
1083
1174
1084
1175
1085
1176
1086
1177
1087
1178
1088
1179
1089
1180
1090
1181
1091
1182
1092
1183
1093
1184
1094
1185
1095
1186
1096
1187
1097
1188
1098
1189
1099
1190
1100
1191
1101
1192
1102
1193
1103
1194
1104
1195
1105
1196
1106
1197
1107
1198
1108
1199
1109
1200
1110
1201
1111
1202
1112
1203
1113
1204
1114
1205
1115
1206
1116
1207
1117
1208
1118
1209
1119
1210
1120
1211
1121
1212
1122
1213
1123
1214
1124
1215
1125
1216
1126
1217
1127
1218
1128
1219
1129
1220
1130
1221
1131
1222
1132
1223
1133
1224
1134
1225
1135
1226
1136
1227
1137
1228
1138
1229
1139
1230
1140
1231
1141
1232
1142
1233
1143
1234
1144
1235
1145
1236
1146
1237
1147
1238
1148
1239
1149
1240
1150
1241
1151
1242
1152
1243
1153
1244
1154
1245
1155
1246
1156
1247
1157
1248
1158
1249
1159
1250
1160
1251
1161
1252
1162
1253
1163
1254
1164
1255
1165
1256
1166
1257
1167
1258
1168
1259
1169
1260
1170
1261
1171
1262
1263
3552
1173
1264
1174
1265
1175
1266
1176
1267
1177
1268
1178
1269
1179
1270
1180
1271
1181
1272
1182
1273
1183
1274
1184
1275
1185
1276
1186
1277
1187
1278
1188
1279
1189
1280
1190
1281
1191
1282
1192
1283
1193
1284
1194
1285
1195
1286
1196
1287
1197
1288
1198
1289
1199
1290
1200
1291
1201
1292
1202
1293
1203
1294
1204
1295
1205
1296
1206
1297
1207
1298
1208
1299
1209
1300
1210
1301
1211
1302
1212
1303
1213
1304
1214
1305
1215
1306
1216
1307
1217
1308
1218
1309
1219
1310
1220
1311
1221
1312
1222
1313
1223
1314
1224
1315
1225
1316
1226
1317
1227
1318
1228
1319
1229
1320
1230
1321
1231
1322
1232
1323
1233
1324
1234
1325
1235
1326
1236
1327
1237
1328
1238
1329
1239
1330
1240
1331
1241
1332
1242
1333
1243
1334
1244
1335
1245
1336
1246
1337
1247
1338
1248
1339
1249
1340
1250
1341
1251
1342
1252
1343
1253
1344
1254
1345
1255
1346
1256
1347
1257
1348
1258
1349
1259
1350
1260
1351
1261
1352
1262
1353
1263
1354
1355
3592
1265
1356
1266
1357
1267
1358
1268
1359
1269
1360
1270
1361
1271
1362
1272
1363
1273
1364
1274
1365
1275
1366
1276
1367
1277
1368
1278
1369
1279
1370
1280
1371
1281
1372
1282
1373
1283
1374
1284
1375
1285
1376
1286
1377
1287
1378
1288
1379
1289
1380
1290
1381
1291
1382
1292
1383
1293
1384
1294
1385
1295
1386
1296
1387
1297
1388
1298
1389
1299
1390
1300
1391
1301
1392
1302
1393
1303
1394
1304
1395
1305
1396
1306
1397
1307
1398
1308
1399
1309
1400
1310
1401
1311
1402
1312
1403
1313
1404
1314
1405
1315
1406
1316
1407
1317
1408
1318
1409
1319
1410
1320
1411
1321
1412
1322
1413
1323
1414
1324
1415
1325
1416
1326
1417
1327
1418
1328
1419
1329
1420
1330
1421
1331
1422
1332
1423
1333
1424
1334
1425
1335
1426
1336
1427
1337
1428
1338
1429
1339
1430
1340
1431
1341
1432
1342
1433
1343
1434
1344
1435
1345
1436
1346
1437
1347
1438
1348
1439
1349
1440
1350
1441
1351
1442
1352
1443
1353
1444
1354
1445
1355
1446
1447
3632
1357
1448
1358
1449
1359
1450
1360
1451
1361
1452
1362
1453
1363
1454
1364
1455
1365
1456
1366
1457
1367
1458
1368
1459
1369
1460
1370
1461
1371
1462
1372
1463
1373
1464
1374
1465
1375
1466
1376
1467
1377
1468
1378
1469
1379
1470
1380
1471
1381
1472
1382
1473
1383
1474
1384
1475
1385
1476
1386
1477
1387
1478
1388
1479
1389
1480
1390
1481
1391
1482
1392
1483
1393
1484
1394
1485
1395
1486
1396
1487
1397
1488
1398
1489
1399
1490
1400
1491
1401
1492
1402
1493
1403
1494
1404
1495
1405
1496
1406
1497
1407
1498
1408
1499
1409
1500
1410
1501
1411
1502
1412
1503
1413
1504
1414
1505
1415
1506
1416
1507
1417
1508
1418
1509
1419
1510
1420
1511
1421
1512
1422
1513
1423
1514
1424
1515
1425
1516
1426
1517
1427
1518
1428
1519
1429
1520
1430
1521
1431
1522
1432
1523
1433
1524
1434
1525
1435
1526
1436
1527
1437
1528
1438
1529
1439
1530
1440
1531
1441
1532
1442
1533
1443
1534
1444
1535
1445
1536
1446
1537
1447
1538
1539
3672
1449
1540
1450
1541
1451
1542
1452
1543
1453
1544
1454
1545
1455
1546
1456
1547
1457
1548
1458
1549
1459
1550
1460
1551
1461
1552
1462
1553
1463
1554
1464
1555
1465
1556
1466
1557
1467
1558
1468
1559
1469
1560
1470
1561
1471
1562
1472
1563
1473
1564
1474
1565
1475
1566
1476
1567
1477
1568
1478
1569
1479
1570
1480
1571
1481
1572
1482
1573
1483
1574
1484
1575
1485
1576
1486
1577
1487
1578
1488
1579
1489
1580
1490
1581
1491
1582
1492
1583
1493
1584
1494
1585
1495
1586
1496
1587
1497
1588
1498
1589
1499
1590
1500
1591
1501
1592
1502
1593
1503
1594
1504
1595
1505
1596
1506
1597
1507
1598
1508
1599
1509
1600
1510
1601
1511
1602
1512
1603
1513
1604
1514
1605
1515
1606
1516
1607
1517
1608
1518
1609
1519
1610
1520
1611
1521
1612
1522
1613
1523
1614
1524
1615
1525
1616
1526
1617
1527
1618
1528
1619
1529
1620
1530
1621
1531
1622
1532
1623
1533
1624
1534
1625
1535
1626
1536
1627
1537
1628
1538
1629
1539
1630
1631
3712
1541
1632
1542
1633
1543
1634
1544
1635
1545
1636
1546
1637
1547
1638
1548
1639
1549
1640
1550
1641
1551
1642
1552
1643
1553
1644
1554
1645
1555
1646
1556
1647
1557
1648
1558
1649
1559
1650
1560
1651
1561
1652
1562
1653
1563
1654
1564
1655
1565
1656
1566
1657
1567
1658
1568
1659
1569
1660
1570
1661
1571
1662
1572
1663
1573
1664
1574
1665
1575
1666
1576
1667
1577
1668
1578
1669
1579
1670
1580
1671
1581
1672
1582
1673
1583
1674
1584
1675
1585
1676
1586
1677
1587
1678
1588
1679
1589
1680
1590
1681
1591
1682
1592
1683
1593
1684
1594
1685
1595
1686
1596
1687
1597
1688
1598
1689
1599
1690
1600
1691
1601
1692
1602
1693
1603
1694
1604
1695
1605
1696
1606
1697
1607
1698
1608
1699
1609
1700
1610
1701
1611
1702
1612
1703
1613
1704
1614
1705
1615
1706
1616
1707
1617
1708
1618
1709
1619
1710
1620
1711
1621
1712
1622
1713
1623
1714
1624
1715
1625
1716
1626
1717
1627
1718
1628
1719
1629
1720
1630
1721
1631
1722
1723
3752
1633
1724
1634
1725
1635
1726
1636
1727
1637
1728
1638
1729
1639
1730
1640
1731
1641
1732
1642
1733
1643
1734
1644
1735
1645
1736
1646
1737
1647
1738
1648
1739
1649
1740
1650
1741
1651
1742
1652
1743
1653
1744
1654
1745
1655
1746
1656
1747
1657
1748
1658
1749
1659
1750
1660
1751
1661
1752
1662
1753
1663
1754
1664
1755
1665
1756
1666
1757
1667
1758
1668
1759
1669
1760
1670
1761
1671
1762
1672
1763
1673
1764
1674
1765
1675
1766
1676
1767
1677
1768
1678
1769
1679
1770
1680
1771
1681
1772
1682
1773
1683
1774
1684
1775
1685
1776
1686
1777
1687
1778
1688
1779
1689
1780
1690
1781
1691
1782
1692
1783
1693
1784
1694
1785
1695
1786
1696
1787
1697
1788
1698
1789
1699
1790
1700
1791
1701
1792
1702
1793
1703
1794
1704
1795
1705
1796
1706
1797
1707
1798
1708
1799
1709
1800
1710
1801
1711
1802
1712
1803
1713
1804
1714
1805
1715
1806
1716
1807
1717
1808
1718
1809
1719
1810
1720
1811
1721
1812
1722
1813
1723
1814
1815
3792
1725
1816
1726
1817
1727
1818
1728
1819
1729
1820
1730
1821
1731
1822
1732
1823
1733
1824
1734
1825
1735
1826
1736
1827
1737
1828
1738
1829
1739
1830
1740
1831
1741
1832
1742
1833
1743
1834
1744
1835
1745
1836
1746
1837
1747
1838
1748
1839
1749
1840
1750
1841
1751
1842
1752
1843
1753
1844
1754
1845
1755
1846
1756
1847
1757
1848
1758
1849
1759
1850
1760
1851
1761
1852
1762
1853
1763
1854
1764
1855
1765
1856
1766
1857
1767
1858
1768
1859
1769
1860
1770
1861
1771
1862
1772
1863
1773
1864
1774
1865
1775
1866
1776
1867
1777
1868
1778
1869
1779
1870
1780
1871
1781
1872
1782
1873
1783
1874
1784
1875
1785
1876
1786
1877
1787
1878
1788
1879
1789
1880
1790
1881
1791
1882
1792
1883
1793
1884
1794
1885
1795
1886
1796
1887
1797
1888
1798
1889
1799
1890
1800
1891
1801
1892
1802
1893
1803
1894
1804
1895
1805
1896
1806
1897
1807
1898
1808
1899
1809
1900
1810
1901
1811
1902
1812
1903
1813
1904
1814
1905
1815
1906
1907
3832
1817
1908
1818
1909
1819
1910
1820
1911
1821
1912
1822
1913
1823
1914
1824
1915
1825
1916
1826
1917
1827
1918
1828
1919
1829
1920
1830
1921
1831
1922
1832
1923
1833
1924
1834
1925
1835
1926
1836
1927
1837
1928
1838
1929
1839
1930
1840
1931
1841
1932
1842
1933
1843
1934
1844
1935
1845
1936
1846
1937
1847
1938
1848
1939
1849
1940
1850
1941
1851
1942
1852
1943
1853
1944
1854
1945
1855
1946
1856
1947
1857
1948
1858
1949
1859
1950
1860
1951
1861
1952
1862
1953
1863
1954
1864
1955
1865
1956
1866
1957
1867
1958
1868
1959
1869
1960
1870
1961
1871
1962
1872
1963
1873
1964
1874
1965
1875
1966
1876
1967
1877
1968
1878
1969
1879
1970
1880
1971
1881
1972
1882
1973
1883
1974
1884
1975
1885
1976
1886
1977
1887
1978
1888
1979
1889
1980
1890
1981
1891
1982
1892
1983
1893
1984
1894
1985
1895
1986
1896
1987
1897
1988
1898
1989
1899
1990
1900
1991
1901
1992
1902
1993
1903
1994
1904
1995
1905
1996
1906
1997
1907
1998
1999
3872
1909
2000
1910
2001
1911
2002
1912
2003
1913
2004
1914
2005
1915
2006
1916
2007
1917
2008
1918
2009
1919
2010
1920
2011
1921
2012
1922
2013
1923
2014
1924
2015
1925
2016
1926
2017
1927
2018
1928
2019
1929
2020
1930
2021
1931
2022
1932
2023
1933
2024
1934
2025
1935
2026
1936
2027
1937
2028
1938
2029
1939
2030
1940
2031
1941
2032
1942
2033
1943
2034
1944
2035
1945
2036
1946
2037
1947
2038
1948
2039
1949
2040
1950
2041
1951
2042
1952
2043
1953
2044
1954
2045
1955
2046
1956
2047
1957
2048
1958
2049
1959
2050
1960
2051
1961
2052
1962
2053
1963
2054
1964
2055
1965
2056
1966
2057
1967
2058
1968
2059
1969
2060
1970
2061
1971
2062
1972
2063
1973
2064
1974
2065
1975
2066
1976
2067
1977
2068
1978
2069
1979
2070
1980
2071
1981
2072
1982
2073
1983
2074
1984
2075
1985
2076
1986
2077
1987
2078
1988
2079
1989
2080
1990
2081
1991
2082
1992
2083
1993
2084
1994
2085
1995
2086
1996
2087
1997
2088
1998
2089
1999
2090
2091
3912
2001
2092
2002
2093
2003
2094
2004
2095
2005
2096
2006
2097
2007
2098
2008
2099
2009
2100
2010
2101
2011
2102
2012
2103
2013
2104
2014
2105
2015
2106
2016
2107
2017
2108
2018
2109
2019
2110
2020
2111
2021
2112
2022
2113
2023
2114
2024
2115
2025
2116
2026
2117
2027
2118
2028
2119
2029
2120
2030
2121
2031
2122
2032
2123
2033
2124
2034
2125
2035
2126
2036
2127
2037
2128
2038
2129
2039
2130
2040
2131
2041
2132
2042
2133
2043
2134
2044
2135
2045
2136
2046
2137
2047
2138
2048
2139
2049
2140
2050
2141
2051
2142
2052
2143
2053
2144
2054
2145
2055
2146
2056
2147
2057
2148
2058
2149
2059
2150
2060
2151
2061
2152
2062
2153
2063
2154
2064
2155
2065
2156
2066
2157
2067
2158
2068
2159
2069
2160
2070
2161
2071
2162
2072
2163
2073
2164
2074
2165
2075
2166
2076
2167
2077
2168
2078
2169
2079
2170
2080
2171
2081
2172
2082
2173
2083
2174
2084
2175
2085
2176
2086
2177
2087
2178
2088
2179
2089
2180
2090
2181
2091
2182
2183
3952
2093
2184
2094
2185
2095
2186
2096
2187
2097
2188
2098
2189
2099
2190
2100
2191
2101
2192
2102
2193
2103
2194
2104
2195
2105
2196
2106
2197
2107
2198
2108
2199
2109
2200
2110
2201
2111
2202
2112
2203
2113
2204
2114
2205
2115
2206
2116
2207
2117
2208
2118
2209
2119
2210
2120
2211
2121
2212
2122
2213
2123
2214
2124
2215
2125
2216
2126
2217
2127
2218
2128
2219
2129
2220
2130
2221
2131
2222
2132
2223
2133
2224
2134
2225
2135
2226
2136
2227
2137
2228
2138
2229
2139
2230
2140
2231
2141
2232
2142
2233
2143
2234
2144
2235
2145
2236
2146
2237
2147
2238
2148
2239
2149
2240
2150
2241
2151
2242
2152
2243
2153
2244
2154
2245
2155
2246
2156
2247
2157
2248
2158
2249
2159
2250
2160
2251
2161
2252
2162
2253
2163
2254
2164
2255
2165
2256
2166
2257
2167
2258
2168
2259
2169
2260
2170
2261
2171
2262
2172
2263
2173
2264
2174
2265
2175
2266
2176
2267
2177
2268
2178
2269
2179
2270
2180
2271
2181
2272
2182
2273
2183
2274
2275
3992
2185
2276
2186
2277
2187
2278
2188
2279
2189
2280
2190
2281
2191
2282
2192
2283
2193
2284
2194
2285
2195
2286
2196
2287
2197
2288
2198
2289
2199
2290
2200
2291
2201
2292
2202
2293
2203
2294
2204
2295
2205
2296
2206
2297
2207
2298
2208
2299
2209
2300
2210
2301
2211
2302
2212
2303
2213
2304
2214
2305
2215
2306
2216
2307
2217
2308
2218
2309
2219
2310
2220
2311
2221
2312
2222
2313
2223
2314
2224
2315
2225
2316
2226
2317
2227
2318
2228
2319
2229
2320
2230
2321
2231
2322
2232
2323
2233
2324
2234
2325
2235
2326
2236
2327
2237
2328
2238
2329
2239
2330
2240
2331
2241
2332
2242
2333
2243
2334
2244
2335
2245
2336
2246
2337
2247
2338
2248
2339
2249
2340
2250
2341
2251
2342
2252
2343
2253
2344
2254
2345
2255
2346
2256
2347
2257
2348
2258
2349
2259
2350
2260
2351
2261
2352
2262
2353
2263
2354
2264
2355
2265
2356
2266
2357
2267
2358
2268
2359
2269
2360
2270
2361
2271
2362
2272
2363
2273
2364
2274
2365
2275
2366
2367
4032
2277
2368
2278
2369
2279
2370
2280
2371
2281
2372
2282
2373
2283
2374
2284
2375
2285
2376
2286
2377
2287
2378
2288
2379
2289
2380
2290
2381
2291
2382
2292
2383
2293
2384
2294
2385
2295
2386
2296
2387
2297
2388
2298
2389
2299
2390
2300
2391
2301
2392
2302
2393
2303
2394
2304
2395
2305
2396
2306
2397
2307
2398
2308
2399
2309
2400
2310
2401
2311
2402
2312
2403
2313
2404
2314
2405
2315
2406
2316
2407
2317
2408
2318
2409
2319
2410
2320
2411
2321
2412
2322
2413
2323
2414
2324
2415
2325
2416
2326
2417
2327
2418
2328
2419
2329
2420
2330
2421
2331
2422
2332
2423
2333
2424
2334
2425
2335
2426
2336
2427
2337
2428
2338
2429
2339
2430
2340
2431
2341
2432
2342
2433
2343
2434
2344
2435
2345
2436
2346
2437
2347
2438
2348
2439
2349
2440
2350
2441
2351
2442
2352
2443
2353
2444
2354
2445
2355
2446
2356
2447
2357
2448
2358
2449
2359
2450
2360
2451
2361
2452
2362
2453
2363
2454
2364
2455
2365
2456
2366
2457
2367
2458
2459
4072
2369
2460
2370
2461
2371
2462
2372
2463
2373
2464
2374
2465
2375
2466
2376
2467
2377
2468
2378
2469
2379
2470
2380
2471
2381
2472
2382
2473
2383
2474
2384
2475
2385
2476
2386
2477
2387
2478
2388
2479
2389
2480
2390
2481
2391
2482
2392
2483
2393
2484
2394
2485
2395
2486
2396
2487
2397
2488
2398
2489
2399
2490
2400
2491
2401
2492
2402
2493
2403
2494
2404
2495
2405
2496
2406
2497
2407
2498
2408
2499
2409
2500
2410
2501
2411
2502
2412
2503
2413
2504
2414
2505
2415
2506
2416
2507
2417
2508
2418
2509
2419
2510
2420
2511
2421
2512
2422
2513
2423
2514
2424
2515
2425
2516
2426
2517
2427
2518
2428
2519
2429
2520
2430
2521
2431
2522
2432
2523
2433
2524
2434
2525
2435
2526
2436
2527
2437
2528
2438
2529
2439
2530
2440
2531
2441
2532
2442
2533
2443
2534
2444
2535
2445
2536
2446
2537
2447
2538
2448
2539
2449
2540
2450
2541
2451
2542
2452
2543
2453
2544
2454
2545
2455
2546
2456
2547
2457
2548
2458
2549
2459
2550
2551
4112
2461
2552
2462
2553
2463
2554
2464
2555
2465
2556
2466
2557
2467
2558
2468
2559
2469
2560
2470
2561
2471
2562
2472
2563
2473
2564
2474
2565
2475
2566
2476
2567
2477
2568
2478
2569
2479
2570
2480
2571
2481
2572
2482
2573
2483
2574
2484
2575
2485
2576
2486
2577
2487
2578
2488
2579
2489
2580
2490
2581
2491
2582
2492
2583
2493
2584
2494
2585
2495
2586
2496
2587
2497
2588
2498
2589
2499
2590
2500
2591
2501
2592
2502
2593
2503
2594
2504
2595
2505
2596
2506
2597
2507
2598
2508
2599
2509
2600
2510
2601
2511
2602
2512
2603
2513
2604
2514
2605
2515
2606
2516
2607
2517
2608
2518
2609
2519
2610
2520
2611
2521
2612
2522
2613
2523
2614
2524
2615
2525
2616
2526
2617
2527
2618
2528
2619
2529
2620
2530
2621
2531
2622
2532
2623
2533
2624
2534
2625
2535
2626
2536
2627
2537
2628
2538
2629
2539
2630
2540
2631
2541
2632
2542
2633
2543
2634
2544
2635
2545
2636
2546
2637
2547
2638
2548
2639
2549
2640
2550
2641
2551
2642
2643
4152
2553
2644
2554
2645
2555
2646
2556
2647
2557
2648
2558
2649
2559
2650
2560
2651
2561
2652
2562
2653
2563
2654
2564
2655
2565
2656
2566
2657
2567
2658
2568
2659
2569
2660
2570
2661
2571
2662
2572
2663
2573
2664
2574
2665
2575
2666
2576
2667
2577
2668
2578
2669
2579
2670
2580
2671
2581
2672
2582
2673
2583
2674
2584
2675
2585
2676
2586
2677
2587
2678
2588
2679
2589
2680
2590
2681
2591
2682
2592
2683
2593
2684
2594
2685
2595
2686
2596
2687
2597
2688
2598
2689
2599
2690
2600
2691
2601
2692
2602
2693
2603
2694
2604
2695
2605
2696
2606
2697
2607
2698
2608
2699
2609
2700
2610
2701
2611
2702
2612
2703
2613
2704
2614
2705
2615
2706
2616
2707
2617
2708
2618
2709
2619
2710
2620
2711
2621
2712
2622
2713
2623
2714
2624
2715
2625
2716
2626
2717
2627
2718
2628
2719
2629
2720
2630
2721
2631
2722
2632
2723
2633
2724
2634
2725
2635
2726
2636
2727
2637
2728
2638
2729
2639
2730
2640
2731
2641
2732
2642
2733
2643
2734
2735
4192
2645
2736
2646
2737
2647
2738
2648
2739
2649
2740
2650
2741
2651
2742
2652
2743
2653
2744
2654
2745
2655
2746
2656
2747
2657
2748
2658
2749
2659
2750
2660
2751
2661
2752
2662
2753
2663
2754
2664
2755
2665
2756
2666
2757
2667
2758
2668
2759
2669
2760
2670
2761
2671
2762
2672
2763
2673
2764
2674
2765
2675
2766
2676
2767
2677
2768
2678
2769
2679
2770
2680
2771
2681
2772
2682
2773
2683
2774
2684
2775
2685
2776
2686
2777
2687
2778
2688
2779
2689
2780
2690
2781
2691
2782
2692
2783
2693
2784
2694
2785
2695
2786
2696
2787
2697
2788
2698
2789
2699
2790
2700
2791
2701
2792
2702
2793
2703
2794
2704
2795
2705
2796
2706
2797
2707
2798
2708
2799
2709
2800
2710
2801
2711
2802
2712
2803
2713
2804
2714
2805
2715
2806
2716
2807
2717
2808
2718
2809
2719
2810
2720
2811
2721
2812
2722
2813
2723
2814
2724
2815
2725
2816
2726
2817
2727
2818
2728
2819
2729
2820
2730
2821
2731
2822
2732
2823
2733
2824
2734
2825
2735
2826
2827
4232
2737
2828
2738
2829
2739
2830
2740
2831
2741
2832
2742
2833
2743
2834
2744
2835
2745
2836
2746
2837
2747
2838
2748
2839
2749
2840
2750
2841
2751
2842
2752
2843
2753
2844
2754
2845
2755
2846
2756
2847
2757
2848
2758
2849
2759
2850
2760
2851
2761
2852
2762
2853
2763
2854
2764
2855
2765
2856
2766
2857
2767
2858
2768
2859
2769
2860
2770
2861
2771
2862
2772
2863
2773
2864
2774
2865
2775
2866
2776
2867
2777
2868
2778
2869
2779
2870
2780
2871
2781
2872
2782
2873
2783
2874
2784
2875
2785
2876
2786
2877
2787
2878
2788
2879
2789
2880
2790
2881
2791
2882
2792
2883
2793
2884
2794
2885
2795
2886
2796
2887
2797
2888
2798
2889
2799
2890
2800
2891
2801
2892
2802
2893
2803
2894
2804
2895
2805
2896
2806
2897
2807
2898
2808
2899
2809
2900
2810
2901
2811
2902
2812
2903
2813
2904
2814
2905
2815
2906
2816
2907
2817
2908
2818
2909
2819
2910
2820
2911
2821
2912
2822
2913
2823
2914
2824
2915
2825
2916
2826
2917
2827
2918
2919
4272
2829
2920
2830
2921
2831
2922
2832
2923
2833
2924
2834
2925
2835
2926
2836
2927
2837
2928
2838
2929
2839
2930
2840
2931
2841
2932
2842
2933
2843
2934
2844
2935
2845
2936
2846
2937
2847
2938
2848
2939
2849
2940
2850
2941
2851
2942
2852
2943
2853
2944
2854
2945
2855
2946
2856
2947
2857
2948
2858
2949
2859
2950
2860
2951
2861
2952
2862
2953
2863
2954
2864
2955
2865
2956
2866
2957
2867
2958
2868
2959
2869
2960
2870
2961
2871
2962
2872
2963
2873
2964
2874
2965
2875
2966
2876
2967
2877
2968
2878
2969
2879
2970
2880
2971
2881
2972
2882
2973
2883
2974
2884
2975
2885
2976
2886
2977
2887
2978
2888
2979
2889
2980
2890
2981
2891
2982
2892
2983
2893
2984
2894
2985
2895
2986
2896
2987
2897
2988
2898
2989
2899
2990
2900
2991
2901
2992
2902
2993
2903
2994
2904
2995
2905
2996
2906
2997
2907
2998
2908
2999
2909
3000
2910
3001
2911
3002
2912
3003
2913
3004
2914
3005
2915
3006
2916
3007
2917
3008
2918
3009
2919
3010
3011
4312
2921
3012
2922
3013
2923
3014
2924
3015
2925
3016
2926
3017
2927
3018
2928
3019
2929
3020
2930
3021
2931
3022
2932
3023
2933
3024
2934
3025
2935
3026
2936
3027
2937
3028
2938
3029
2939
3030
2940
3031
2941
3032
2942
3033
2943
3034
2944
3035
2945
3036
2946
3037
2947
3038
2948
3039
2949
3040
2950
3041
2951
3042
2952
3043
2953
3044
2954
3045
2955
3046
2956
3047
2957
3048
2958
3049
2959
3050
2960
3051
2961
3052
2962
3053
2963
3054
2964
3055
2965
3056
2966
3057
2967
3058
2968
3059
2969
3060
2970
3061
2971
3062
2972
3063
2973
3064
2974
3065
2975
3066
2976
3067
2977
3068
2978
3069
2979
3070
2980
3071
2981
3072
2982
3073
2983
3074
2984
3075
2985
3076
2986
3077
2987
3078
2988
3079
2989
3080
2990
3081
2991
3082
2992
3083
2993
3084
2994
3085
2995
3086
2996
3087
2997
3088
2998
3089
2999
3090
3000
3091
3001
3092
3002
3093
3003
3094
3004
3095
3005
3096
3006
3097
3007
3098
3008
3099
3009
3100
3010
3101
3011
3102
3103
4352
3013
3104
3014
3105
3015
3106
3016
3107
3017
3108
3018
3109
3019
3110
3020
3111
3021
3112
3022
3113
3023
3114
3024
3115
3025
3116
3026
3117
3027
3118
3028
3119
3029
3120
3030
3121
3031
3122
3032
3123
3033
3124
3034
3125
3035
3126
3036
3127
3037
3128
3038
3129
3039
3130
3040
3131
3041
3132
3042
3133
3043
3134
3044
3135
3045
3136
3046
3137
3047
3138
3048
3139
3049
3140
3050
3141
3051
3142
3052
3143
3053
3144
3054
3145
3055
3146
3056
3147
3057
3148
3058
3149
3059
3150
3060
3151
3061
3152
3062
3153
3063
3154
3064
3155
3065
3156
3066
3157
3067
3158
3068
3159
3069
3160
3070
3161
3071
3162
3072
3163
3073
3164
3074
3165
3075
3166
3076
3167
3077
3168
3078
3169
3079
3170
3080
3171
3081
3172
3082
3173
3083
3174
3084
3175
3085
3176
3086
3177
3087
3178
3088
3179
3089
3180
3090
3181
3091
3182
3092
3183
3093
3184
3094
3185
3095
3186
3096
3187
3097
3188
3098
3189
3099
3190
3100
3191
3101
3192
3102
3193
3103
3194
3195
4392
3105
3196
3106
3197
3107
3198
3108
3199
3109
3200
3110
3201
3111
3202
3112
3203
3113
3204
3114
3205
3115
3206
3116
3207
3117
3208
3118
3209
3119
3210
3120
3211
3121
3212
3122
3213
3123
3214
3124
3215
3125
3216
3126
3217
3127
3218
3128
3219
3129
3220
3130
3221
3131
3222
3132
3223
3133
3224
3134
3225
3135
3226
3136
3227
3137
3228
3138
3229
3139
3230
3140
3231
3141
3232
3142
3233
3143
3234
3144
3235
3145
3236
3146
3237
3147
3238
3148
3239
3149
3240
3150
3241
3151
3242
3152
3243
3153
3244
3154
3245
3155
3246
3156
3247
3157
3248
3158
3249
3159
3250
3160
3251
3161
3252
3162
3253
3163
3254
3164
3255
3165
3256
3166
3257
3167
3258
3168
3259
3169
3260
3170
3261
3171
3262
3172
3263
3173
3264
3174
3265
3175
3266
3176
3267
3177
3268
3178
3269
3179
3270
3180
3271
3181
3272
3182
3273
3183
3274
3184
3275
3185
3276
3186
3277
3187
3278
3188
3279
3189
3280
3190
3281
3191
3282
3192
3283
3193
3284
3194
3285
3195
3286
3287
4432
3197
3288
3198
3289
3199
3290
3200
3291
3201
3292
3202
3293
3203
3294
3204
3295
3205
3296
3206
3297
3207
3298
3208
3299
3209
3300
3210
3301
3211
3302
3212
3303
3213
3304
3214
3305
3215
3306
3216
3307
3217
3308
3218
3309
3219
3310
3220
3311
3221
3312
3222
3313
3223
3314
3224
3315
3225
3316
3226
3317
3227
3318
3228
3319
3229
3320
3230
3321
3231
3322
3232
3323
3233
3324
3234
3325
3235
3326
3236
3327
3237
3328
3238
3329
3239
3330
3240
3331
3241
3332
3242
3333
3243
3334
3244
3335
3245
3336
3246
3337
3247
3338
3248
3339
3249
3340
3250
3341
3251
3342
3252
3343
3253
3344
3254
3345
3255
3346
3256
3347
3257
3348
3258
3349
3259
3350
3260
3351
3261
3352
3262
3353
3263
3354
3264
3355
3265
3356
3266
3357
3267
3358
3268
3359
3269
3360
3270
3361
3271
3362
3272
3363
3273
3364
3274
3365
3275
3366
3276
3367
3277
3368
3278
3369
3279
3370
3280
3371
3281
3372
3282
3373
3283
3374
3284
3375
3285
3376
3286
3377
3287
3378
3379
4472
3289
3380
3290
3381
3291
3382
3292
3383
3293
3384
3294
3385
3295
3386
3296
3387
3297
3388
3298
3389
3299
3390
3300
3391
3301
3392
3302
3393
3303
3394
3304
3395
3305
3396
3306
3397
3307
3398
3308
3399
3309
3400
3310
3401
3311
3402
3312
3403
3313
3404
3314
3405
3315
3406
3316
3407
3317
3408
3318
3409
3319
3410
3320
3411
3321
3412
3322
3413
3323
3414
3324
3415
3325
3416
3326
3417
3327
3418
3328
3419
3329
3420
3330
3421
3331
3422
3332
3423
3333
3424
3334
3425
3335
3426
3336
3427
3337
3428
3338
3429
3339
3430
3340
3431
3341
3432
3342
3433
3343
3434
3344
3435
3345
3436
3346
3437
3347
3438
3348
3439
3349
3440
3350
3441
3351
3442
3352
3443
3353
3444
3354
3445
3355
3446
3356
3447
3357
3448
3358
3449
3359
3450
3360
3451
3361
3452
3362
3453
3363
3454
3364
3455
3365
3456
3366
3457
3367
3458
3368
3459
3369
3460
3370
3461
3371
3462
3372
3463
3373
3464
3374
3465
3375
3466
3376
3467
3377
3468
3378
3469
3379
3470
3471
4512
3381
3382
3383
3384
3385
3386
3387
3388
3389
3390
3391
3392
3393
3394
3395
3396
3397
3398
3399
3400
3401
3402
3403
3404
3405
3406
3407
3408
3409
3410
3411
3412
3413
3414
3415
3416
3417
3418
3419
3420
3421
3422
3423
3424
3425
3426
3427
3428
3429
3430
3431
3432
3433
3434
3435
3436
3437
3438
3439
3440
3441
3442
3443
3444
3445
3446
3447
3448
3449
3450
3451
3452
3453
3454
3455
3456
3457
3458
3459
3460
3461
3462
3463
3464
3465
3466
3467
3468
3469
3470
3471
4552
3473
3512
3474
3513
3475
3514
3476
3515
3477
3516
3478
3517
3479
3518
3480
3519
3481
3520
3482
3521
3483
3522
3484
3523
3485
3524
3486
3525
3487
3526
3488
3527
3489
3528
3490
3529
3491
3530
3492
3531
3493
3532
3494
3533
3495
3534
3496
3535
3497
3536
3498
3537
3499
3538
3500
3539
3501
3540
3502
3541
3503
3542
3504
3543
3505
3544
3506
3545
3507
3546
3508
3547
3509
3548
3510
3549
3511
3550
3551
3513
3552
3514
3553
3515
3554
3516
3555
3517
3556
3518
3557
3519
3558
3520
3559
3521
3560
3522
3561
3523
3562
3524
3563
3525
3564
3526
3565
3527
3566
3528
3567
3529
3568
3530
3569
3531
3570
3532
3571
3533
3572
3534
3573
3535
3574
3536
3575
3537
3576
3538
3577
3539
3578
3540
3579
3541
3580
3542
3581
3543
3582
3544
3583
3545
3584
3546
3585
3547
3586
3548
3587
3549
3588
3550
3589
3551
3590
3591
3553
3592
3554
3593
3555
3594
3556
3595
3557
3596
3558
3597
3559
3598
3560
3599
3561
3600
3562
3601
3563
3602
3564
3603
3565
3604
3566
3605
3567
3606
3568
3607
3569
3608
3570
3609
3571
3610
3572
3611
3573
3612
3574
3613
3575
3614
3576
3615
3577
3616
3578
3617
3579
3618
3580
3619
3581
3620
3582
3621
3583
3622
3584
3623
3585
3624
3586
3625
3587
3626
3588
3627
3589
3628
3590
3629
3591
3630
3631
3593
3632
3594
3633
3595
3634
3596
3635
3597
3636
3598
3637
3599
3638
3600
3639
3601
3640
3602
3641
3603
3642
3604
3643
3605
3644
3606
3645
3607
3646
3608
3647
3609
3648
3610
3649
3611
3650
3612
3651
3613
3652
3614
3653
3615
3654
3616
3655
3617
3656
3618
3657
3619
3658
3620
3659
3621
3660
3622
3661
3623
3662
3624
3663
3625
3664
3626
3665
3627
3666
3628
3667
3629
3668
3630
3669
3631
3670
3671
3633
3672
3634
3673
3635
3674
3636
3675
3637
3676
3638
3677
3639
3678
3640
3679
3641
3680
3642
3681
3643
3682
3644
3683
3645
3684
3646
3685
3647
3686
3648
3687
3649
3688
3650
3689
3651
3690
3652
3691
3653
3692
3654
3693
3655
3694
3656
3695
3657
3696
3658
3697
3659
3698
3660
3699
3661
3700
3662
3701
3663
3702
3664
3703
3665
3704
3666
3705
3667
3706
3668
3707
3669
3708
3670
3709
3671
3710
3711
3673
3712
3674
3713
3675
3714
3676
3715
3677
3716
3678
3717
3679
3718
3680
3719
3681
3720
3682
3721
3683
3722
3684
3723
3685
3724
3686
3725
3687
3726
3688
3727
3689
3728
3690
3729
3691
3730
3692
3731
3693
3732
3694
3733
3695
3734
3696
3735
3697
3736
3698
3737
3699
3738
3700
3739
3701
3740
3702
3741
3703
3742
3704
3743
3705
3744
3706
3745
3707
3746
3708
3747
3709
3748
3710
3749
3711
3750
3751
3713
3752
3714
3753
3715
3754
3716
3755
3717
3756
3718
3757
3719
3758
3720
3759
3721
3760
3722
3761
3723
3762
3724
3763
3725
3764
3726
3765
3727
3766
3728
3767
3729
3768
3730
3769
3731
3770
3732
3771
3733
3772
3734
3773
3735
3774
3736
3775
3737
3776
3738
3777
3739
3778
3740
3779
3741
3780
3742
3781
3743
3782
3744
3783
3745
3784
3746
3785
3747
3786
3748
3787
3749
3788
3750
3789
3751
3790
3791
3753
3792
3754
3793
3755
3794
3756
3795
3757
3796
3758
3797
3759
3798
3760
3799
3761
3800
3762
3801
3763
3802
3764
3803
3765
3804
3766
3805
3767
3806
3768
3807
3769
3808
3770
3809
3771
3810
3772
3811
3773
3812
3774
3813
3775
3814
3776
3815
3777
3816
3778
3817
3779
3818
3780
3819
3781
3820
3782
3821
3783
3822
3784
3823
3785
3824
3786
3825
3787
3826
3788
3827
3789
3828
3790
3829
3791
3830
3831
3793
3832
3794
3833
3795
3834
3796
3835
3797
3836
3798
3837
3799
3838
3800
3839
3801
3840
3802
3841
3803
3842
3804
3843
3805
3844
3806
3845
3807
3846
3808
3847
3809
3848
3810
3849
3811
3850
3812
3851
3813
3852
3814
3853
3815
3854
3816
3855
3817
3856
3818
3857
3819
3858
3820
3859
3821
3860
3822
3861
3823
3862
3824
3863
3825
3864
3826
3865
3827
3866
3828
3867
3829
3868
3830
3869
3831
3870
3871
3833
3872
3834
3873
3835
3874
3836
3875
3837
3876
3838
3877
3839
3878
3840
3879
3841
3880
3842
3881
3843
3882
3844
3883
3845
3884
3846
3885
3847
3886
3848
3887
3849
3888
3850
3889
3851
3890
3852
3891
3853
3892
3854
3893
3855
3894
3856
3895
3857
3896
3858
3897
3859
3898
3860
3899
3861
3900
3862
3901
3863
3902
3864
3903
3865
3904
3866
3905
3867
3906
3868
3907
3869
3908
3870
3909
3871
3910
3911
3873
3912
3874
3913
3875
3914
3876
3915
3877
3916
3878
3917
3879
3918
3880
3919
3881
3920
3882
3921
3883
3922
3884
3923
3885
3924
3886
3925
3887
3926
3888
3927
3889
3928
3890
3929
3891
3930
3892
3931
3893
3932
3894
3933
3895
3934
3896
3935
3897
3936
3898
3937
3899
3938
3900
3939
3901
3940
3902
3941
3903
3942
3904
3943
3905
3944
3906
3945
3907
3946
3908
3947
3909
3948
3910
3949
3911
3950
3951
3913
3952
3914
3953
3915
3954
3916
3955
3917
3956
3918
3957
3919
3958
3920
3959
3921
3960
3922
3961
3923
3962
3924
3963
3925
3964
3926
3965
3927
3966
3928
3967
3929
3968
3930
3969
3931
3970
3932
3971
3933
3972
3934
3973
3935
3974
3936
3975
3937
3976
3938
3977
3939
3978
3940
3979
3941
3980
3942
3981
3943
3982
3944
3983
3945
3984
3946
3985
3947
3986
3948
3987
3949
3988
3950
3989
3951
3990
3991
3953
3992
3954
3993
3955
3994
3956
3995
3957
3996
3958
3997
3959
3998
3960
3999
3961
4000
3962
4001
3963
4002
3964
4003
3965
4004
3966
4005
3967
4006
3968
4007
3969
4008
3970
4009
3971
4010
3972
4011
3973
4012
3974
4013
3975
4014
3976
4015
3977
4016
3978
4017
3979
4018
3980
4019
3981
4020
3982
4021
3983
4022
3984
4023
3985
4024
3986
4025
3987
4026
3988
4027
3989
4028
3990
4029
3991
4030
4031
3993
4032
3994
4033
3995
4034
3996
4035
3997
4036
3998
4037
3999
4038
4000
4039
4001
4040
4002
4041
4003
4042
4004
4043
4005
4044
4006
4045
4007
4046
4008
4047
4009
4048
4010
4049
4011
4050
4012
4051
4013
4052
4014
4053
4015
4054
4016
4055
4017
4056
4018
4057
4019
4058
4020
4059
4021
4060
4022
4061
4023
4062
4024
4063
4025
4064
4026
4065
4027
4066
4028
4067
4029
4068
4030
4069
4031
4070
4071
4033
4072
4034
4073
4035
4074
4036
4075
4037
4076
4038
4077
4039
4078
4040
4079
4041
4080
4042
4081
4043
4082
4044
4083
4045
4084
4046
4085
4047
4086
4048
4087
4049
4088
4050
4089
4051
4090
4052
4091
4053
4092
4054
4093
4055
4094
4056
4095
4057
4096
4058
4097
4059
4098
4060
4099
4061
4100
4062
4101
4063
4102
4064
4103
4065
4104
4066
4105
4067
4106
4068
4107
4069
4108
4070
4109
4071
4110
4111
4073
4112
4074
4113
4075
4114
4076
4115
4077
4116
4078
4117
4079
4118
4080
4119
4081
4120
4082
4121
4083
4122
4084
4123
4085
4124
4086
4125
4087
4126
4088
4127
4089
4128
4090
4129
4091
4130
4092
4131
4093
4132
4094
4133
4095
4134
4096
4135
4097
4136
4098
4137
4099
4138
4100
4139
4101
4140
4102
4141
4103
4142
4104
4143
4105
4144
4106
4145
4107
4146
4108
4147
4109
4148
4110
4149
4111
4150
4151
4113
4152
4114
4153
4115
4154
4116
4155
4117
4156
4118
4157
4119
4158
4120
4159
4121
4160
4122
4161
4123
4162
4124
4163
4125
4164
4126
4165
4127
4166
4128
4167
4129
4168
4130
4169
4131
4170
4132
4171
4133
4172
4134
4173
4135
4174
4136
4175
4137
4176
4138
4177
4139
4178
4140
4179
4141
4180
4142
4181
4143
4182
4144
4183
4145
4184
4146
4185
4147
4186
4148
4187
4149
4188
4150
4189
4151
4190
4191
4153
4192
4154
4193
4155
4194
4156
4195
4157
4196
4158
4197
4159
4198
4160
4199
4161
4200
4162
4201
4163
4202
4164
4203
4165
4204
4166
4205
4167
4206
4168
4207
4169
4208
4170
4209
4171
4210
4172
4211
4173
4212
4174
4213
4175
4214
4176
4215
4177
4216
4178
4217
4179
4218
4180
4219
4181
4220
4182
4221
4183
4222
4184
4223
4185
4224
4186
4225
4187
4226
4188
4227
4189
4228
4190
4229
4191
4230
4231
4193
4232
4194
4233
4195
4234
4196
4235
4197
4236
4198
4237
4199
4238
4200
4239
4201
4240
4202
4241
4203
4242
4204
4243
4205
4244
4206
4245
4207
4246
4208
4247
4209
4248
4210
4249
4211
4250
4212
4251
4213
4252
4214
4253
4215
4254
4216
4255
4217
4256
4218
4257
4219
4258
4220
4259
4221
4260
4222
4261
4223
4262
4224
4263
4225
4264
4226
4265
4227
4266
4228
4267
4229
4268
4230
4269
4231
4270
4271
4233
4272
4234
4273
4235
4274
4236
4275
4237
4276
4238
4277
4239
4278
4240
4279
4241
4280
4242
4281
4243
4282
4244
4283
4245
4284
4246
4285
4247
4286
4248
4287
4249
4288
4250
4289
4251
4290
4252
4291
4253
4292
4254
4293
4255
4294
4256
4295
4257
4296
4258
4297
4259
4298
4260
4299
4261
4300
4262
4301
4263
4302
4264
4303
4265
4304
4266
4305
4267
4306
4268
4307
4269
4308
4270
4309
4271
4310
4311
4273
4312
4274
4313
4275
4314
4276
4315
4277
4316
4278
4317
4279
4318
4280
4319
4281
4320
4282
4321
4283
4322
4284
4323
4285
4324
4286
4325
4287
4326
4288
4327
4289
4328
4290
4329
4291
4330
4292
4331
4293
4332
4294
4333
4295
4334
4296
4335
4297
4336
4298
4337
4299
4338
4300
4339
4301
4340
4302
4341
4303
4342
4304
4343
4305
4344
4306
4345
4307
4346
4308
4347
4309
4348
4310
4349
4311
4350
4351
4313
4352
4314
4353
4315
4354
4316
4355
4317
4356
4318
4357
4319
4358
4320
4359
4321
4360
4322
4361
4323
4362
4324
4363
4325
4364
4326
4365
4327
4366
4328
4367
4329
4368
4330
4369
4331
4370
4332
4371
4333
4372
4334
4373
4335
4374
4336
4375
4337
4376
4338
4377
4339
4378
4340
4379
4341
4380
4342
4381
4343
4382
4344
4383
4345
4384
4346
4385
4347
4386
4348
4387
4349
4388
4350
4389
4351
4390
4391
4353
4392
4354
4393
4355
4394
4356
4395
4357
4396
4358
4397
4359
4398
4360
4399
4361
4400
4362
4401
4363
4402
4364
4403
4365
4404
4366
4405
4367
4406
4368
4407
4369
4408
4370
4409
4371
4410
4372
4411
4373
4412
4374
4413
4375
4414
4376
4415
4377
4416
4378
4417
4379
4418
4380
4419
4381
4420
4382
4421
4383
4422
4384
4423
4385
4424
4386
4425
4387
4426
4388
4427
4389
4428
4390
4429
4391
4430
4431
4393
4432
4394
4433
4395
4434
4396
4435
4397
4436
4398
4437
4399
4438
4400
4439
4401
4440
4402
4441
4403
4442
4404
4443
4405
4444
4406
4445
4407
4446
4408
4447
4409
4448
4410
4449
4411
4450
4412
4451
4413
4452
4414
4453
4415
4454
4416
4455
4417
4456
4418
4457
4419
4458
4420
4459
4421
4460
4422
4461
4423
4462
4424
4463
4425
4464
4426
4465
4427
4466
4428
4467
4429
4468
4430
4469
4431
4470
4471
4433
4472
4434
4473
4435
4474
4436
4475
4437
4476
4438
4477
4439
4478
4440
4479
4441
4480
4442
4481
4443
4482
4444
4483
4445
4484
4446
4485
4447
4486
4448
4487
4449
4488
4450
4489
4451
4490
4452
4491
4453
4492
4454
4493
4455
4494
4456
4495
4457
4496
4458
4497
4459
4498
4460
4499
4461
4500
4462
4501
4463
4502
4464
4503
4465
4504
4466
4505
4467
4506
4468
4507
4469
4508
4470
4509
4471
4510
4511
4473
4512
4474
4513
4475
4514
4476
4515
4477
4516
4478
4517
4479
4518
4480
4519
4481
4520
4482
4521
4483
4522
4484
4523
4485
4524
4486
4525
4487
4526
4488
4527
4489
4528
4490
4529
4491
4530
4492
4531
4493
4532
4494
4533
4495
4534
4496
4535
4497
4536
4498
4537
4499
4538
4500
4539
4501
4540
4502
4541
4503
4542
4504
4543
4505
4544
4506
4545
4507
4546
4508
4547
4509
4548
4510
4549
4511
4550
4551
4513
4552
4514
4553
4515
4554
4516
4555
4517
4556
4518
4557
4519
4558
4520
4559
4521
4560
4522
4561
4523
4562
4524
4563
4525
4564
4526
4565
4527
4566
4528
4567
4529
4568
4530
4569
4531
4570
4532
4571
4533
4572
4534
4573
4535
4574
4536
4575
4537
4576
4538
4577
4539
4578
4540
4579
4541
4580
4542
4581
4543
4582
4544
4583
4545
4584
4546
4585
4547
4586
4548
4587
4549
4588
4550
4589
4551
4590
4591
4553
4554
4555
4556
4557
4558
4559
4560
4561
4562
4563
4564
4565
4566
4567
4568
4569
4570
4571
4572
4573
4574
4575
4576
4577
4578
4579
4580
4581
4582
4583
4584
4585
4586
4587
4588
4589
4590
4591
)


                                                                               
