                                                                               
                             
                                                                   
                                                            
                                          
                             
                                                                               
FoamFile
{
    format          ascii;
    class           volScalarField;
    location        1 / fluid;
    object          rhoE;
}
                                                                               

dimensions      [ 1 -1 -2 0 0 0 0 ];

internalField   nonuniform List<scalar> 
4592
(
13513789
13513283
13512691
13512175
13511663
13511153
13510691
13510230
13509783
13509379
13508974
13508584
13508213
13507851
13507509
13507178
13506855
13506548
13506235
13505952
13505675
13505392
13505132
13504871
13504607
13504368
13504129
13503889
13503656
13503432
13503211
13502985
13513780
13513269
13512677
13512148
13511632
13511112
13510642
13510172
13509717
13509304
13508890
13508490
13508109
13507734
13507380
13507041
13506700
13506382
13506059
13505761
13505468
13505172
13504896
13504619
13504339
13504083
13503828
13503570
13503317
13503077
13502840
13502597
13513806
13513289
13512700
13512173
13511657
13511142
13510673
13510207
13509757
13509347
13508937
13508543
13508166
13507800
13507449
13507111
13506777
13506463
13506144
13505852
13505560
13505265
13504997
13504727
13504454
13504197
13503948
13503695
13503446
13503208
13502977
13502735
13513820
13513300
13512721
13512190
13511674
13511159
13510690
13510223
13509774
13509365
13508957
13508563
13508187
13507822
13507473
13507138
13506807
13506494
13506177
13505885
13505598
13505306
13505037
13504768
13504500
13504247
13504000
13503749
13503500
13503265
13503039
13502799
13513826
13513326
13512746
13512219
13511709
13511198
13510732
13510271
13509826
13509423
13509020
13508631
13508260
13507901
13507558
13507227
13506905
13506599
13506289
13506002
13505723
13505437
13505176
13504916
13504656
13504403
13504165
13503923
13503685
13503452
13503235
13503000
13513848
13513347
13512768
13512242
13511734
13511226
13510763
13510305
13509865
13509465
13509067
13508684
13508318
13507965
13507625
13507299
13506983
13506684
13506384
13506100
13505827
13505550
13505293
13505040
13504787
13504539
13504308
13504074
13503846
13503616
13503406
13503181
13513869
13513375
13512796
13512275
13511770
13511266
13510807
13510353
13509919
13509525
13509132
13508757
13508396
13508051
13507713
13507397
13507083
13506792
13506503
13506225
13505960
13505694
13505441
13505198
13504956
13504712
13504490
13504268
13504048
13503822
13503621
13503406
13513887
13513396
13512817
13512303
13511799
13511299
13510844
13510395
13509965
13509574
13509188
13508816
13508460
13508121
13507791
13507482
13507172
13506888
13506611
13506339
13506082
13505826
13505577
13505346
13505112
13504878
13504661
13504450
13504239
13504024
13503828
13503624
13513903
13513418
13512840
13512328
13511830
13511335
13510883
13510438
13510010
13509627
13509243
13508879
13508529
13508196
13507874
13507571
13507265
13506991
13506723
13506456
13506209
13505963
13505721
13505500
13505278
13505056
13504844
13504644
13504440
13504236
13504043
13503850
13513927
13513441
13512859
13512353
13511856
13511365
13510917
13510477
13510056
13509674
13509294
13508937
13508590
13508264
13507949
13507654
13507355
13507088
13506828
13506567
13506332
13506095
13505857
13505644
13505433
13505222
13505016
13504826
13504633
13504442
13504253
13504069
13513941
13513459
13512876
13512375
13511881
13511394
13510948
13510513
13510098
13509716
13509344
13508990
13508648
13508327
13508021
13507732
13507441
13507180
13506930
13506675
13506447
13506220
13505992
13505788
13505587
13505388
13505187
13505006
13504826
13504644
13504463
13504286
13513953
13513476
13512892
13512395
13511903
13511418
13510975
13510545
13510135
13509757
13509387
13509039
13508703
13508389
13508086
13507805
13507522
13507265
13507022
13506773
13506554
13506337
13506121
13505924
13505732
13505543
13505351
13505179
13505006
13504839
13504666
13504498
13513962
13513490
13512905
13512412
13511921
13511441
13510998
13510571
13510164
13509791
13509425
13509083
13508752
13508444
13508143
13507867
13507595
13507344
13507108
13506866
13506656
13506450
13506243
13506053
13505871
13505692
13505509
13505347
13505183
13505027
13504858
13504706
13513979
13513505
13512921
13512428
13511939
13511459
13511020
13510599
13510194
13509822
13509460
13509121
13508792
13508491
13508190
13507924
13507661
13507416
13507187
13506954
13506752
13506555
13506357
13506173
13506001
13505833
13505659
13505504
13505348
13505205
13505045
13504908
13513990
13513516
13512935
13512442
13511955
13511477
13511040
13510621
13510216
13509848
13509489
13509155
13508829
13508532
13508235
13507975
13507722
13507481
13507257
13507033
13506836
13506647
13506458
13506284
13506121
13505964
13505799
13505652
13505504
13505379
13505220
13505103
13513998
13513527
13512943
13512452
13511968
13511491
13511055
13510637
13510236
13509868
13509513
13509182
13508861
13508566
13508273
13508018
13507771
13507537
13507320
13507104
13506914
13506734
13506554
13506385
13506231
13506085
13505931
13505793
13505650
13505542
13505386
13505290
13514005
13513537
13512953
13512462
13511979
13511505
13511070
13510655
13510257
13509892
13509539
13509210
13508890
13508600
13508312
13508059
13507818
13507588
13507378
13507168
13506983
13506811
13506638
13506476
13506331
13506198
13506050
13505925
13505785
13505695
13505541
13505466
13514014
13513544
13512960
13512470
13511986
13511513
13511081
13510664
13510269
13509904
13509553
13509227
13508911
13508625
13508341
13508091
13507854
13507629
13507424
13507223
13507042
13506878
13506713
13506558
13506420
13506299
13506159
13506050
13505912
13505840
13505685
13505636
13514024
13513551
13512968
13512480
13511995
13511524
13511091
13510678
13510284
13509921
13509572
13509246
13508935
13508651
13508369
13508122
13507888
13507668
13507468
13507271
13507094
13506938
13506779
13506634
13506501
13506392
13506259
13506161
13506027
13505973
13505816
13505800
13514027
13513557
13512971
13512486
13512000
13511529
13511097
13510685
13510291
13509932
13509584
13509259
13508948
13508667
13508388
13508144
13507914
13507696
13507500
13507308
13507138
13506987
13506834
13506696
13506572
13506474
13506345
13506264
13506130
13506097
13505938
13505952
13514037
13513565
13512978
13512491
13512007
13511537
13511105
13510693
13510303
13509942
13509596
13509275
13508965
13508686
13508406
13508167
13507942
13507728
13507534
13507347
13507179
13507033
13506886
13506755
13506636
13506546
13506424
13506356
13506221
13506207
13506043
13506094
13514038
13513568
13512982
13512493
13512010
13511539
13511106
13510695
13510305
13509943
13509599
13509276
13508970
13508691
13508416
13508176
13507952
13507741
13507549
13507367
13507201
13507062
13506919
13506796
13506680
13506599
13506485
13506432
13506297
13506309
13506137
13506225
13514043
13513575
13512987
13512500
13512016
13511548
13511115
13510702
13510311
13509954
13509608
13509290
13508983
13508706
13508431
13508196
13507973
13507764
13507577
13507396
13507235
13507097
13506959
13506841
13506729
13506656
13506544
13506504
13506368
13506398
13506215
13506342
13514045
13513577
13512985
13512495
13512010
13511543
13511109
13510696
13510305
13509946
13509601
13509280
13508975
13508699
13508422
13508189
13507966
13507757
13507570
13507391
13507232
13507099
13506963
13506849
13506739
13506674
13506567
13506538
13506405
13506455
13506268
13506435
13514057
13513588
13512997
13512506
13512022
13511552
13511118
13510706
13510314
13509956
13509611
13509293
13508988
13508713
13508440
13508207
13507985
13507777
13507591
13507415
13507257
13507127
13506992
13506882
13506775
13506714
13506607
13506585
13506448
13506514
13506310
13506510
13514056
13513581
13512981
13512491
13512003
13511533
13511099
13510681
13510288
13509928
13509580
13509261
13508953
13508677
13508402
13508164
13507940
13507729
13507541
13507363
13507203
13507071
13506936
13506825
13506718
13506658
13506551
13506536
13506402
13506483
13506278
13506517
13514063
13513590
13512987
13512495
13512002
13511528
13511092
13510674
13510276
13509916
13509564
13509244
13508936
13508655
13508380
13508139
13507915
13507705
13507519
13507338
13507178
13507046
13506916
13506805
13506701
13506643
13506539
13506531
13506395
13506492
13506274
13506547
13513994
13513494
13512869
13512359
13511851
13511367
13510919
13510490
13510084
13509718
13509362
13509035
13508722
13508439
13508157
13507917
13507693
13507481
13507292
13507112
13506952
13506822
13506688
13506580
13506475
13506419
13506315
13506311
13506179
13506284
13506074
13506375
13502767
13502550
13502342
13502116
13501875
13501634
13501407
13501155
13500920
13500620
13500375
13500085
13499817
13499508
13499204
13498878
13498550
13498199
13497829
13497460
13497076
13496669
13496245
13495812
13495355
13494876
13494364
13493833
13493278
13492689
13492070
13491428
13490741
13490011
13489234
13488413
13487543
13486616
13485626
13484579
13483468
13482267
13480985
13479604
13478120
13476532
13474812
13472970
13470972
13468816
13466500
13463960
13461222
13458208
13454947
13451363
13447463
13443171
13438477
13433298
13427595
13421272
13414284
13406514
13397862
13388242
13377448
13365390
13351786
13336486
13319157
13299505
13277175
13251630
13222590
13189160
13150193
13104689
13051267
12988440
12914417
12827370
12724383
12616848
12466217
12283436
12072734
11834242
11564110
11225197
10814697
10349156
13502365
13502128
13501911
13501664
13501393
13501136
13500890
13500615
13500365
13500002
13499763
13499431
13499141
13498799
13498459
13498094
13497725
13497334
13496923
13496511
13496082
13495627
13495153
13494669
13494156
13493619
13493046
13492451
13491827
13491165
13490467
13489742
13488969
13488145
13487269
13486343
13485364
13484317
13483202
13482016
13480761
13479402
13477953
13476392
13474721
13472922
13470986
13468898
13466649
13464209
13461592
13458733
13455632
13452248
13448568
13444520
13440138
13435299
13430023
13424184
13417788
13410684
13402847
13394138
13384462
13373688
13361657
13348158
13333030
13315976
13296740
13274929
13250218
13221957
13190009
13152995
13109952
13059596
13000844
12932056
12851801
12758454
12649635
12536444
12372656
12180472
11964585
11723185
11447683
11099263
10686281
10228980
13502513
13502270
13502064
13501819
13501539
13501290
13501049
13500776
13500546
13500145
13499943
13499599
13499322
13498978
13498642
13498274
13497908
13497519
13497111
13496704
13496277
13495826
13495353
13494873
13494364
13493830
13493264
13492676
13492056
13491394
13490704
13489980
13489208
13488391
13487522
13486605
13485636
13484593
13483483
13482305
13481053
13479705
13478265
13476713
13475051
13473260
13471336
13469259
13467017
13464596
13461987
13459136
13456056
13452669
13449012
13444978
13440612
13435780
13430532
13424695
13418317
13411217
13403396
13394687
13385039
13374249
13362215
13348700
13333570
13316457
13297206
13275329
13250531
13222187
13190142
13152999
13109529
13058621
12999081
12929426
12848189
12754008
12644207
12534708
12365110
12168756
11952052
11712041
11437846
11082209
10661143
10199621
13502583
13502337
13502136
13501893
13501601
13501358
13501120
13500839
13500627
13500187
13500017
13499654
13499386
13499035
13498703
13498331
13497957
13497564
13497155
13496745
13496314
13495864
13495392
13494903
13494391
13493855
13493294
13492703
13492077
13491416
13490724
13489993
13489221
13488400
13487534
13486618
13485647
13484604
13483498
13482319
13481069
13479720
13478283
13476729
13475074
13473287
13471367
13469297
13467066
13464648
13462054
13459206
13456136
13452764
13449116
13445109
13440760
13435956
13430728
13424922
13418569
13411501
13403730
13395062
13385465
13374709
13362743
13349282
13334206
13317167
13297982
13276171
13251467
13223146
13191274
13154148
13110515
13059206
12999086
12928595
12846449
12751299
12640349
12535169
12358548
12156188
11936498
11696063
11421212
11054412
10620296
10150905
13502795
13502548
13502359
13502123
13501828
13501593
13501362
13501081
13500892
13500423
13500283
13499910
13499650
13499304
13498980
13498610
13498238
13497849
13497450
13497042
13496613
13496173
13495712
13495221
13494715
13494190
13493641
13493061
13492446
13491798
13491114
13490394
13489630
13488826
13487980
13487083
13486125
13485101
13484015
13482855
13481630
13480306
13478896
13477368
13475744
13473988
13472113
13470078
13467891
13465522
13462973
13460186
13457167
13453871
13450284
13446363
13442093
13437392
13432252
13426564
13420322
13413397
13405774
13397252
13387841
13377262
13365511
13352272
13337447
13320689
13301791
13280320
13255954
13228002
13196594
13159923
13116573
13065391
13005224
12934517
12852024
12756458
12644705
12544753
12361663
12153536
11930674
11689683
11414002
11035673
10586634
10105205
13502983
13502746
13502559
13502328
13502029
13501806
13501584
13501299
13501125
13500630
13500520
13500141
13499894
13499540
13499226
13498857
13498490
13498104
13497711
13497307
13496877
13496443
13495987
13495511
13495007
13494491
13493953
13493381
13492778
13492142
13491469
13490759
13490007
13489219
13488394
13487511
13486574
13485572
13484507
13483373
13482171
13480874
13479493
13478001
13476413
13474698
13472865
13470874
13468739
13466426
13463935
13461206
13458271
13455042
13451546
13447722
13443553
13438962
13433950
13428387
13422309
13415541
13408110
13399768
13390589
13380248
13368752
13355845
13341304
13324946
13306427
13285402
13261504
13234052
13203281
13167238
13124390
13073588
13013646
12943023
12860422
12764684
12652273
12557791
12368257
12153894
11927181
11684698
11407352
11015287
10549044
10053363
13503220
13502994
13502807
13502586
13502285
13502071
13501861
13501573
13501415
13500900
13500821
13500438
13500203
13499849
13499542
13499177
13498816
13498427
13498042
13497650
13497226
13496799
13496355
13495888
13495396
13494884
13494355
13493800
13493207
13492587
13491927
13491231
13490498
13489728
13488924
13488063
13487150
13486175
13485134
13484029
13482855
13481590
13480241
13478797
13477249
13475589
13473796
13471861
13469786
13467537
13465109
13462460
13459599
13456466
13453063
13449357
13445301
13440842
13435971
13430562
13424657
13418083
13410845
13402759
13393801
13383765
13372584
13360025
13345869
13329941
13311885
13291374
13268052
13241198
13211162
13175930
13133752
13083593
13024142
12953881
12871495
12775847
12663017
12574133
12378510
12157770
11926940
11682277
11402702
10995933
10510138
9997052
13503444
13503231
13503049
13502832
13502534
13502325
13502127
13501842
13501693
13501161
13501108
13500718
13500500
13500143
13499843
13499481
13499128
13498738
13498358
13497973
13497560
13497143
13496709
13496253
13495770
13495263
13494745
13494200
13493625
13493018
13492371
13491693
13490980
13490226
13489440
13488605
13487713
13486764
13485751
13484675
13483524
13482297
13480989
13479591
13478089
13476469
13474730
13472851
13470837
13468650
13466293
13463722
13460947
13457904
13454621
13451014
13447092
13442767
13438041
13432804
13427077
13420704
13413680
13405839
13397165
13387414
13376590
13364379
13350663
13335170
13317637
13297690
13274970
13248852
13219587
13185256
13143882
13094570
13035803
12966196
12884231
12789007
12675841
12592832
12391258
12164306
11928710
11681527
11398729
10976283
10469247
9934559
13503679
13503482
13503303
13503087
13502791
13502598
13502406
13502127
13501984
13501439
13501407
13501020
13500813
13500452
13500161
13499806
13499456
13499075
13498695
13498315
13497910
13497502
13497079
13496631
13496161
13495668
13495154
13494622
13494060
13493467
13492837
13492179
13491486
13490748
13489978
13489164
13488299
13487378
13486391
13485344
13484222
13483035
13481767
13480410
13478949
13477381
13475689
13473870
13471912
13469799
13467505
13465020
13462318
13459383
13456205
13452714
13448919
13444724
13440153
13435088
13429524
13423379
13416558
13408990
13400582
13391143
13380665
13368836
13355541
13340532
13323513
13304175
13282102
13256721
13228307
13194928
13154474
13106159
13048245
12979543
12898211
12803695
12690450
12613296
12406330
12173228
11932616
11682330
11395712
10956266
10427016
9869151
13503903
13503722
13503548
13503343
13503044
13502857
13502675
13502400
13502269
13501712
13501699
13501308
13501111
13500756
13500467
13500114
13499774
13499398
13499020
13498645
13498249
13497849
13497432
13496996
13496538
13496055
13495548
13495027
13494478
13493899
13493282
13492642
13491968
13491251
13490493
13489700
13488860
13487968
13487013
13485994
13484904
13483748
13482516
13481199
13479784
13478260
13476621
13474857
13472957
13470909
13468683
13466280
13463664
13460827
13457750
13454369
13450696
13446645
13442206
13437320
13431930
13425992
13419398
13412069
13403938
13394819
13384656
13373225
13360347
13345824
13329330
13310607
13289192
13264587
13237016
13204667
13165164
13117983
13061049
12993485
12913016
12819493
12706348
12635124
12423370
12184308
11938389
11684574
11393454
10936200
10381876
9799417
13504127
13503963
13503790
13503597
13503293
13503116
13502943
13502670
13502549
13501979
13501982
13501591
13501407
13501055
13500769
13500416
13500085
13499712
13499345
13498982
13498588
13498191
13497783
13497356
13496904
13496432
13495936
13495424
13494889
13494323
13493720
13493096
13492438
13491742
13491004
13490228
13489410
13488544
13487615
13486627
13485569
13484442
13483246
13481966
13480591
13479115
13477526
13475813
13473974
13471985
13469827
13467501
13464969
13462226
13459245
13455973
13452412
13448496
13444192
13439483
13434253
13428527
13422126
13415060
13407180
13398378
13388510
13377508
13364999
13350986
13334970
13316915
13296091
13272328
13245545
13214292
13175720
13129827
13073918
13007742
12928240
12836053
12723199
12657899
12442038
12197465
11945867
11688239
11391746
10916606
10335961
9722139
13504338
13504194
13504020
13503841
13503541
13503363
13503196
13502930
13502818
13502242
13502250
13501861
13501688
13501334
13501059
13500704
13500377
13500014
13499655
13499297
13498911
13498518
13498113
13497697
13497255
13496794
13496308
13495802
13495277
13494720
13494135
13493527
13492886
13492208
13491489
13490727
13489931
13489088
13488187
13487226
13486196
13485101
13483937
13482692
13481357
13479922
13478384
13476725
13474937
13473005
13470911
13468662
13466213
13463558
13460660
13457501
13454041
13450264
13446083
13441537
13436468
13430930
13424728
13417912
13410244
13401784
13392197
13381574
13369442
13355937
13340379
13322960
13302730
13279785
13253792
13223628
13186012
13141429
13086654
13021984
12943666
12853031
12740708
12681262
12462208
12212540
11955078
11693159
11390701
10896713
10290109
9641952
13504547
13504422
13504246
13504080
13503780
13503608
13503448
13503182
13503073
13502497
13502515
13502121
13501956
13501607
13501337
13500982
13500654
13500298
13499946
13499595
13499218
13498830
13498426
13498018
13497584
13497132
13496660
13496161
13495640
13495097
13494524
13493933
13493308
13492649
13491950
13491207
13490426
13489604
13488727
13487792
13486794
13485727
13484591
13483382
13482083
13480689
13479190
13477580
13475846
13473973
13471942
13469762
13467387
13464815
13461997
13458944
13455581
13451927
13447877
13443473
13438559
13433198
13427186
13420590
13413165
13404977
13395693
13385421
13373672
13360606
13345541
13328687
13309090
13286865
13261712
13232505
13195949
13152618
13099140
13035936
12959110
12870061
12758723
12704679
12483804
12229209
11966078
11699146
11390456
10876685
10242981
9559372
13504744
13504642
13504463
13504310
13504015
13503844
13503682
13503421
13503320
13502743
13502773
13502369
13502213
13501864
13501600
13501249
13500920
13500565
13500223
13499878
13499506
13499126
13498725
13498321
13497898
13497454
13496987
13496496
13495988
13495451
13494892
13494315
13493707
13493064
13492382
13491658
13490892
13490089
13489233
13488325
13487352
13486313
13485206
13484026
13482762
13481409
13479949
13478387
13476697
13474885
13472910
13470795
13468485
13465990
13463254
13460292
13457027
13453484
13449555
13445282
13440520
13435321
13429493
13423109
13415908
13407979
13398980
13389035
13377651
13364998
13350399
13334077
13315093
13293557
13269203
13240919
13205423
13163286
13111191
13049502
12974310
12886992
12776932
12727977
12506479
12247564
11978636
11706272
11390682
10857331
10194538
9472030
13504932
13504853
13504668
13504533
13504235
13504076
13503913
13503653
13503558
13502976
13503015
13502608
13502452
13502107
13501852
13501498
13501177
13500817
13500480
13500142
13499778
13499402
13499007
13498609
13498190
13497752
13497296
13496814
13496311
13495790
13495239
13494671
13494079
13493450
13492785
13492080
13491328
13490543
13489709
13488818
13487872
13486859
13485777
13484627
13483398
13482079
13480660
13479138
13477500
13475736
13473817
13471757
13469507
13467084
13464425
13461547
13458376
13454934
13451119
13446971
13442347
13437306
13431652
13425457
13418469
13410784
13402057
13392411
13381369
13369100
13354944
13339118
13320711
13299822
13276235
13248818
13214361
13173390
13122706
13062509
12989107
12903592
12795113
12750814
12530052
12267403
11992756
11714347
11391347
10838768
10145895
9378533
13505114
13505056
13504866
13504748
13504448
13504302
13504133
13503878
13503785
13503199
13503248
13502840
13502686
13502339
13502086
13501737
13501420
13501060
13500723
13500390
13500031
13499662
13499272
13498876
13498466
13498035
13497584
13497110
13496617
13496108
13495570
13495009
13494426
13493813
13493161
13492470
13491738
13490965
13490148
13489282
13488358
13487369
13486314
13485189
13483989
13482705
13481324
13479845
13478245
13476528
13474658
13472653
13470461
13468103
13465514
13462715
13459630
13456284
13452574
13448544
13444051
13439149
13433657
13427636
13420854
13413390
13404914
13395547
13384826
13372915
13359176
13343809
13325954
13305670
13282807
13256199
13222745
13182891
13133607
13074923
13003352
12919737
12813084
12772975
12554286
12288682
12008291
11723340
11392157
10821211
10097816
9278939
13505284
13505255
13505050
13504954
13504652
13504515
13504345
13504087
13503998
13503410
13503466
13503054
13502904
13502552
13502307
13501957
13501646
13501287
13500950
13500620
13500266
13499900
13499517
13499123
13498717
13498293
13497851
13497383
13496902
13496401
13495876
13495320
13494747
13494147
13493510
13492834
13492117
13491357
13490559
13489711
13488806
13487842
13486810
13485710
13484540
13483288
13481939
13480496
13478937
13477259
13475438
13473480
13471344
13469045
13466524
13463797
13460791
13457531
13453925
13450003
13445631
13440860
13435518
13429663
13423068
13415807
13407567
13398454
13388036
13376453
13363105
13348162
13330819
13311094
13288911
13263058
13230564
13191777
13143851
13086648
13016956
12935274
12830672
12794229
12578961
12311245
12025228
11733144
11393020
10804643
10051018
9173678
13505446
13505449
13505223
13505159
13504849
13504724
13504554
13504294
13504204
13503612
13503679
13503262
13503119
13502759
13502516
13502171
13501860
13501504
13501164
13500837
13500489
13500127
13499751
13499358
13498956
13498537
13498101
13497641
13497169
13496679
13496162
13495615
13495052
13494460
13493836
13493174
13492471
13491727
13490940
13490111
13489227
13488283
13487274
13486204
13485056
13483831
13482515
13481103
13479579
13477942
13476164
13474254
13472165
13469921
13467462
13464802
13461871
13458695
13455182
13451356
13447097
13442445
13437242
13431538
13425116
13418042
13410022
13401146
13391010
13379730
13366747
13352196
13335332
13316128
13294577
13269419
13237830
13200053
13153437
13097688
13029826
12950170
12847706
12814479
12603766
12335052
12043378
11743735
11393579
10789280
10006038
9062632
13505588
13505636
13505387
13505350
13505030
13504922
13504746
13504486
13504396
13503797
13503871
13503449
13503312
13502945
13502706
13502361
13502052
13501700
13501358
13501032
13500688
13500330
13499957
13499571
13499170
13498758
13498325
13497873
13497408
13496928
13496421
13495884
13495325
13494744
13494132
13493481
13492792
13492062
13491287
13490473
13489608
13488685
13487697
13486648
13485525
13484323
13483034
13481653
13480164
13478564
13476827
13474960
13472918
13470723
13468323
13465724
13462865
13459763
13456335
13452598
13448447
13443907
13438834
13433267
13427006
13420102
13412288
13403627
13393753
13382749
13370105
13355917
13339501
13320772
13299806
13275286
13244545
13207730
13162322
13108026
13041907
12964325
12864056
12833560
12628550
12359874
12062768
11754915
11393924
10774684
9963620
8946993
13505726
13505825
13505544
13505546
13505211
13505119
13504936
13504685
13504587
13503979
13504066
13503636
13503504
13503130
13502892
13502549
13502242
13501891
13501554
13501226
13500883
13500528
13500161
13499778
13499380
13498969
13498542
13498099
13497643
13497169
13496671
13496146
13495591
13495020
13494417
13493779
13493100
13492384
13491620
13490818
13489973
13489067
13488099
13487069
13485963
13484790
13483528
13482174
13480717
13479149
13477447
13475620
13473626
13471474
13469129
13466585
13463789
13460756
13457405
13453752
13449696
13445261
13440308
13434867
13428756
13422009
13414383
13405922
13396290
13385539
13373212
13359355
13343356
13325064
13304637
13280703
13250759
13214820
13170597
13117623
13053256
12977664
12879725
12851321
12653154
12385521
12083349
11766595
11393829
10761159
9923665
8826416
13505837
13506002
13505679
13505719
13505372
13505295
13505107
13504856
13504756
13504131
13504229
13503790
13503664
13503289
13503052
13502706
13502401
13502049
13501712
13501382
13501045
13500694
13500327
13499949
13499554
13499148
13498724
13498286
13497837
13497372
13496879
13496362
13495818
13495249
13494658
13494032
13493366
13492663
13491912
13491119
13490288
13489402
13488451
13487438
13486354
13485199
13483961
13482634
13481207
13479671
13478008
13476213
13474261
13472150
13469855
13467364
13464632
13461658
13458382
13454804
13450840
13446493
13441654
13436326
13430356
13423751
13416305
13408021
13398623
13388100
13376069
13362509
13346903
13329007
13309083
13285677
13256483
13221335
13178246
13126501
13063835
12990146
12894628
12867719
12677347
12411808
12105010
11778623
11393182
10748433
9886694
8700866
13505943
13506183
13505813
13505899
13505536
13505477
13505286
13505038
13504931
13504294
13504404
13503961
13503840
13503461
13503223
13502878
13502575
13502226
13501889
13501563
13501222
13500873
13500510
13500136
13499745
13499345
13498929
13498492
13498046
13497585
13497103
13496595
13496057
13495493
13494908
13494289
13493636
13492942
13492204
13491425
13490608
13489733
13488801
13487807
13486741
13485603
13484388
13483086
13481684
13480177
13478545
13476786
13474871
13472805
13470555
13468112
13465434
13462516
13459307
13455800
13451921
13447661
13442919
13437699
13431856
13425387
13418099
13409987
13400790
13390489
13378722
13365450
13350194
13332677
13313199
13290276
13261779
13227371
13185324
13134746
13073679
13001854
12908732
12882800
12700961
12438707
12127698
11791108
11391930
10736925
9853706
8570138
13506021
13506340
13505919
13506045
13505667
13505620
13505421
13505172
13505060
13504407
13504525
13504075
13503954
13503578
13503337
13502990
13502686
13502338
13502004
13501678
13501337
13500991
13500627
13500252
13499869
13499473
13499064
13498632
13498186
13497733
13497257
13496755
13496227
13495672
13495093
13494485
13493841
13493162
13492435
13491661
13490854
13489998
13489079
13488100
13487052
13485933
13484736
13483455
13482081
13480596
13478993
13477262
13475385
13473352
13471147
13468745
13466124
13463253
13460112
13456661
13452863
13448674
13444039
13438901
13433190
13426823
13419708
13411725
13402749
13392614
13381130
13368071
13353193
13335961
13316958
13294411
13266617
13232828
13191815
13142235
13082766
13012588
12921977
12896393
12723755
12465689
12151102
11803503
11389701
10725630
9823636
8433241
13506083
13506497
13506025
13506195
13505816
13505781
13505590
13505342
13505234
13504558
13504691
13504237
13504117
13503746
13503501
13503155
13502855
13502507
13502175
13501852
13501513
13501163
13500800
13500430
13500049
13499658
13499253
13498828
13498386
13497933
13497461
13496968
13496448
13495897
13495324
13494724
13494091
13493419
13492705
13491946
13491151
13490306
13489404
13488440
13487408
13486307
13485125
13483865
13482515
13481057
13479485
13477785
13475941
13473946
13471779
13469417
13466840
13464022
13460938
13457552
13453823
13449713
13445159
13440119
13434514
13428269
13421283
13413458
13404644
13394713
13383439
13370646
13356046
13339167
13320499
13298405
13271144
13238061
13197868
13149396
13091230
13022901
12934449
12909010
12745896
12493544
12175867
11817011
11387281
10716427
9800872
8290625
13506110
13506613
13506071
13506282
13505888
13505864
13505663
13505402
13505288
13504596
13504734
13504275
13504157
13503785
13503537
13503195
13502890
13502546
13502215
13501896
13501559
13501212
13500844
13500476
13500098
13499713
13499315
13498896
13498457
13498006
13497538
13497051
13496534
13495995
13495423
13494830
13494204
13493540
13492832
13492085
13491296
13490458
13489567
13488616
13487597
13486510
13485341
13484092
13482759
13481322
13479772
13478095
13476281
13474312
13472177
13469849
13467311
13464532
13461496
13458156
13454489
13450437
13445962
13440991
13435479
13429326
13422468
13414759
13406107
13396323
13385267
13372664
13358354
13341730
13323415
13301642
13274938
13242369
13203034
13155367
13098596
13031625
12945557
12919411
12766107
12519494
12199315
11828028
11382087
10705483
9774801
8140136
13506102
13506710
13506127
13506373
13506014
13506007
13505837
13505578
13505461
13504763
13504899
13504447
13504324
13503957
13503707
13503365
13503064
13502724
13502395
13502075
13501740
13501394
13501029
13500657
13500283
13499900
13499503
13499088
13498656
13498208
13497745
13497265
13496757
13496223
13495658
13495073
13494461
13493805
13493111
13492370
13491595
13490769
13489892
13488956
13487954
13486883
13485735
13484504
13483191
13481779
13480253
13478604
13476821
13474883
13472783
13470491
13467999
13465267
13462282
13459000
13455395
13451415
13447017
13442133
13436714
13430665
13423927
13416351
13407851
13398237
13387373
13374991
13360937
13344612
13326582
13305178
13278953
13246978
13208375
13161660
13106060
13040847
12956822
12929933
12787547
12549349
12229372
11844896
11380863
10697628
9774493
7973489
13506083
13506725
13506083
13506356
13505977
13505966
13505773
13505496
13505377
13504668
13504810
13504361
13504239
13503875
13503623
13503281
13502980
13502640
13502314
13501995
13501657
13501310
13500945
13500575
13500195
13499812
13499417
13499001
13498566
13498111
13497644
13497161
13496649
13496113
13495544
13494952
13494334
13493675
13492975
13492232
13491447
13490615
13489731
13488784
13487775
13486694
13485536
13484291
13482968
13481541
13480005
13478344
13476546
13474596
13472478
13470169
13467655
13464903
13461897
13458592
13454964
13450958
13446532
13441620
13436175
13430094
13423323
13415713
13407182
13397532
13386636
13374219
13360135
13343783
13325682
13304220
13277972
13246002
13207450
13160885
13105589
13040712
12958311
12928690
12793061
12558801
12231670
11835932
11354477
10673167
9720687
7786820.5
13505951
13506726
13506100
13506388
13506108
13506144
13506032
13505740
13505596
13504891
13504984
13504550
13504402
13504040
13503774
13503422
13503109
13502766
13502429
13502096
13501751
13501390
13501011
13500622
13500229
13499830
13499421
13498990
13498542
13498072
13497584
13497084
13496555
13495999
13495413
13494797
13494153
13493472
13492751
13491978
13491167
13490305
13489390
13488412
13487369
13486253
13485055
13483769
13482398
13480924
13479333
13477614
13475757
13473740
13471552
13469164
13466566
13463721
13460614
13457197
13453447
13449307
13444735
13439661
13434030
13427748
13420753
13412896
13404080
13394120
13382870
13370060
13355534
13338674
13319857
13297607
13270525
13237639
13198100
13150518
13094244
13028804
12945328
12909043
12787715
12571322
12249632
11824843
11289592
10587697
9691735
7355431
9822553
9228428
8562097
7903114
7280740
6668343.5
6092572.5
5560359
5051423.5
4571398
4137386
3749837
3397928.5
3087646.5
2822674.5
2590167.25
2385214
2212678.25
2068708.375
1946242.875
1843249.625
1752238
1677397
1610133.375
1549162
1491267.25
1433670.875
1379010.125
1324233.25
1268146.125
1209805.5
1154568.125
1097688
1040365
984789.625
930223.6875
876955.1875
825519.5
776815.9375
744424.125
9717056
9151958
8526833
7908957.5
7331844.5
6770433
6238894.5
5742665.5
5272496
4832669.5
4419889
4039116.5
3703450.25
3410366.75
3143404.75
2898044.25
2683248.75
2501405.75
2345274.75
2210467
2081428.25
1971214.625
1877554.5
1795005.25
1722159.5
1648126.875
1579942.625
1517697.875
1458504.75
1397893.5
1338813.125
1281691.25
1224228.5
1168511.625
1113043.5
1057871.875
1005290.9375
953780
904257.3125
855733.9375
9680460
9109062
8481193
7863536
7286644.5
6728209
6203620.5
5710307.5
5242300
4809881.5
4404812
4029540.75
3701992
3416824.5
3152548.5
2909497.25
2701044
2525137.25
2371110.25
2225526.5
2097167.5
1988820
1895592.625
1813017.75
1729228.75
1653855.25
1586283.75
1523873.125
1462624
1398423.25
1339361.125
1283098.125
1225562.625
1169368.25
1114547.375
1059896.375
1007931.0625
957028.8125
908837.9375
865835.5625
9622406
9041105
8407613
7798721.5
7232263.5
6671608
6150508.5
5676899
5221988
4789456
4387016.5
4029164
3718815.25
3437365.75
3175241.25
2941487
2742136
2571293.5
2421906.5
2277459.5
2150255.25
2040829.125
1945172
1861038.75
1776365.75
1696124.625
1624260.625
1557734.875
1493668
1426751.125
1366091.875
1306707.875
1247633.125
1190540.75
1134708.25
1079508.25
1027055.6875
975778.5625
927646.125
883985.4375
9561792
8967749
8325110
7709707.5
7149466
6598754
6074100.5
5598695
5157693.5
4739126.5
4341608.5
3990700.25
3691771.75
3423886.25
3172842.75
2946971.5
2754118.25
2588929.75
2443619.5
2302746.75
2176345.25
2067135.625
1970555
1883552.75
1794020.875
1711649.5
1637589.125
1568685.125
1499072.5
1431158.375
1368988.25
1307124
1246865.375
1189140.25
1132832.375
1077146.375
1024812.25
973821
926432.875
883824.6875
9490928
8876899
8228389.5
7617139
7049916.5
6498249
5988134.5
5520683.5
5081071
4671339.5
4288102
3951313.5
3665126.5
3406455
3164631.75
2949898.5
2767282.25
2609307
2466793.75
2326745.75
2203360.25
2095233
1998422.75
1907807.5
1814243.375
1730089.625
1653607.25
1581967.625
1507609.375
1438292.875
1374391.5
1311031.875
1249106.625
1190550
1134139.25
1077841
1025205.3125
974393.875
927421.0625
884988.8125
9415552
8777056
8113977.5
7510900.5
6948824.5
6388326.5
5879791.5
5428890
5001155
4596161
4223714.5
3904595.75
3633479.5
3385222
3154178
2950549.75
2776469.25
2624561.75
2485887.5
2348099.5
2225877.75
2117391.75
2019103.5
1924818.75
1828526.125
1741943.75
1662822.25
1588025.375
1510446.125
1440371.625
1373598.625
1308975.5
1246361.125
1186564.625
1129713
1073268.875
1020527.25
969694.9375
923387.25
881704.9375
9330899
8672920
7993235.5
7386316
6836299
6275876
5766075.5
5329925.5
4914335.5
4517299.5
4159450.75
3859217.5
3601869.25
3364433
3144837.5
2952725.25
2786998.5
2640588
2503679.25
2367461
2246134.75
2136971.25
2036885.25
1938857.125
1840062
1751361.25
1669800.875
1591793.125
1512244.625
1441088.625
1372001.75
1305875
1243260.5
1182699.25
1124816.5
1068388.25
1015938.5
965120.5
919245.25
878096.875
9234936
8556777
7872962
7259643
6704991
6158341.5
5653349.5
5222418
4823014.5
4442187.5
4098402
3814058.75
3571761.5
3347708
3139437.5
2956551
2797490.25
2655535.75
2519779.25
2384458.75
2262912
2152574.25
2050586.25
1948501.75
1847679.625
1757343
1673946.5
1592169
1511669.25
1439600.125
1368503.625
1301184.75
1238355.875
1177403.375
1118954.75
1062322.125
1010121.3125
959366.875
913958.5
873486.5
9138198
8428180
7736438
7135913
6577775.5
6024688
5540394
5122177.5
4729990
4365850.5
4042479.5
3775446.25
3546345
3332829.5
3135919.25
2962576
2809797
2671066
2532193.25
2397965.5
2276643.75
2165484.5
2061581.25
1953546.5
1852393.75
1761280
1676349.25
1590029.875
1510003.875
1436567.25
1364306.125
1296257.25
1232785.25
1171633
1113018.875
1056087.875
1004054.625
953575.5
908599.9375
868685
9032615
8306716.5
7591111
6993839
6453607
5902387.5
5417464
5018146
4647763
4296810.5
3990609
3740468
3526023.5
3325017.25
3136623.75
2969533.75
2820366.75
2683042.25
2544231.25
2409402
2287001.75
2174263
2067890.5
1957026.5
1854883.75
1762655.375
1675903
1587148.25
1507142.75
1432669.5
1359236.625
1290617.125
1227113.375
1165613.375
1106681.25
1049776.75
997937.3125
947564
903073.6875
863811.0625
8914977
8175531.5
7458935.5
6845165
6312721
5782439.5
5307637.5
4914532.5
4562163.5
4238588
3947437.5
3711219
3510095
3320522.5
3139406.5
2977085.5
2830643.25
2693408.5
2552850
2417435.5
2294317.25
2180410.25
2071009.5
1958042.25
1855421.75
1762354.625
1673564.5
1583720.875
1503525.375
1427866.625
1353941.5
1284995.75
1221084.375
1159525.25
1100534.5
1043542.625
991882.75
941748.8125
897713.875
859136.5625
8792485
8033337.5
7319906
6708015.5
6171508
5653392
5204028
4820371
4484376.5
4184069
3912084.75
3689403
3500147
3318041.5
3143070
2984413
2839810.25
2701512.5
2558297.5
2422699
2299077.5
2184258.25
2071219.75
1957315.75
1854564.25
1760729
1670116.875
1579569.25
1499181.875
1422916
1348363.625
1279219.75
1215228.375
1153542.375
1094493.625
1037542.5
986045.25
936105.6875
892578.625
854783.6875
8667484
7886345.5
7172187
6572866
6037244
5526871
5101011.5
4735548
4416110
4136684.5
3883666.5
3674036.5
3494193.5
3318323.75
3147258
2990731
2846635.75
2706541
2561973.5
2425727.5
2301446
2185591.25
2069781
1955522.125
1852482.75
1757915.625
1665808.75
1575290.625
1494454.75
1417496.875
1343033.375
1273528.625
1209201.625
1147804.5
1088813.125
1031664.0625
980425.25
930833.375
887769.1875
850901.5
8539679
7737951.5
7019843
6436144
5909264.5
5407729
4997852.5
4661192
4357686
4096607.75
3861612.75
3663767.75
3490971.75
3319369.5
3150768.5
2995331.75
2851063.5
2709012.25
2563241.25
2426410.25
2301641.5
2185013.5
2066758.25
1952511.375
1849469
1754482.5
1660438.25
1570607.375
1489587.75
1411664.375
1337372.375
1268150.875
1203368.25
1141967
1083324.625
1026150.5
975020.4375
925742.25
883317.0625
847647.5625
8407709
7589506
6866678
6299287
5786728.5
5295972.5
4905366
4590644
4308655.5
4064642
3845262.5
3657718
3489597.5
3320314
3153330
2998560.5
2853703
2708765.25
2562352.75
2425474.5
2300677.75
2183018.75
2062167.25
1948623.75
1846096
1750813.5
1654237.625
1565618.375
1484518.125
1406073.625
1331611.75
1262766.75
1197999.375
1136400.625
1078013.75
1020988.25
969980.25
920980.75
879316.0625
845249.9375
8271639
7440626.5
6715530
6161637
5670835
5192552
4821661
4526989
4267928
4040763
3833573.5
3653085
3488513.5
3321289.25
3154647.5
2999295
2853477.75
2707039.5
2560257.75
2423068.25
2298184.75
2179200
2057151.875
1944591.75
1842898.5
1744776.5
1649049.375
1560453
1478956.5
1400768.375
1326170.5
1257273.375
1192822.5
1131227.5
1072867.75
1016046.625
965269
916494.4375
875757.3125
843922.3125
8130875
7293227
6567977
6027878.5
5559305
5096392
4742928.5
4474177
4235719
4022113.5
3825365.25
3650796
3487345
3320757.25
3154584.75
2998636.25
2851308
2703792.5
2557096.25
2420104.75
2294784.25
2173436.25
2052529.875
1940717.75
1837335.25
1739318.5
1643919.125
1555203.875
1473445.25
1395378.375
1321056.875
1252103.875
1187654.375
1126379.125
1068117.375
1011298.0625
960857.375
912398.5625
872753.0625
844033.1875
7985013.5
7143665.5
6427008.5
5902697.5
5451050
5008177.5
4674174
4427472.5
4210988
4009721.25
3820058.25
3647539
3485178
3320020
3153405.5
2995564.5
2846817.75
2700681.25
2553670.75
2415633
2289427.25
2169029.75
2047346.375
1935411.75
1832699.25
1733906
1638264.5
1550110.625
1468363.5
1389970
1315821.375
1247277.75
1182788.75
1121555.75
1063550
1006939.5
956632.125
908588.125
870362
846015.75
7836493.5
6994302.5
6289847.5
5781646
5351012
4927756.5
4615256.5
4389306.5
4189011.75
4002082.5
3816398.5
3644356
3480684.75
3318361.25
3151315.75
2991444.5
2840785.25
2695921.25
2549874.25
2410792.25
2283126
2163022.25
2043296.25
1929154.25
1826768.125
1729073.375
1632740.125
1544775.125
1463318.875
1384864
1310883
1242558.25
1178150
1117103.25
1059285.625
1002794.125
952728.125
905082.25
868828.1875
852172.1875
7684992.5
6844562.5
6160186.5
5670384
5256105.5
4853365.5
4564991.5
4359802
4172600.5
3996571
3813447.75
3641190.25
3476349.25
3313909
3148141.5
2987142
2835167.75
2689089.5
2545991.75
2405951
2277797
2156388.5
2038243.625
1924151.25
1821774
1723397.125
1627405.625
1539688.5
1458116
1379813.5
1306072
1237952.375
1173588.875
1112747.375
1055115.125
998844.0625
948982.375
901782.6875
868076.6875
858616.1875
7531260
6696323
6037368.5
5565637
5167186
4786515.5
4522473.5
4336715.5
4161579
3990567
3809578.25
3636952
3471378
3307168
3143699
2981403
2828913.75
2681915.25
2540311.5
2399926
2271656.75
2150243
2032398.5
1918206.625
1816075
1717976.5
1622139.625
1534750.75
1453231.875
1375166.875
1301575.75
1233630
1169285.625
1108690
1051112.75
994915
945218.75
898406.875
867827.625
867038.125
7376303.5
6549594.5
5923109.5
5470537
5084889.5
4725972
4487789
4319545.5
4154191.5
3984479
3806353
3632258.5
3466094.5
3300986.5
3138496
2975701.5
2823032
2676076.25
2534499.75
2394141.25
2265802.25
2144442
2026124.25
1912580.25
1809907.25
1712004.25
1616201.25
1528960.75
1447292.25
1369467.625
1295723.5
1228084
1163749
1103429.5
1045878.1875
989968.5
940417.5
893699.875
867768.5625
876924.0625
7219795
6405073
5816579.5
5381590
5006559
4670443
4459059
4306194
4147678
3978083.75
3799710
3625052.5
3458643.5
3293089.75
3130256
2967479.25
2814935.25
2667849.5
2526368.25
2386140.25
2257979.25
2137340
2018482
1905665.875
1802497.25
1704770.875
1609048
1521735.125
1439372.5
1361572.625
1287137.625
1219061.375
1153672.875
1092912.75
1034316.3125
977803.125
927342.0625
880626.75
862662.375
891449.5625
7063695.5
6263220
5719366.5
5299477
4931864
4618660.5
4433834
4293537
4139247.75
3970261.5
3791621.75
3615738.5
3448791.25
3283878.25
3120783.5
2956790.5
2803677.5
2657352.75
2514105.25
2372354
2243792.75
2121318.5
1999872
1886479
1781918.75
1682049.5
1585685.625
1496807.375
1413159.625
1333931.5
1259059.625
1189769.875
1123966.625
1062301.375
1003305.125
946027.625
895585.5
848100.0625
834612.3125
896070.9375
6897424.5
6109783.5
5617473
5205754.5
4839516
4555214.5
4399627
4269560.5
4115885
3943600.5
3760807.5
3584459.5
3416319
3249350.5
3080293
2915638.25
2760944.25
2611578.25
2463970
2321876.5
2190621
2065893.25
1943121.375
1827935.5
1721617.75
1620270.5
1522798.75
1432843
1348508.125
1268704.75
1193473.5
1124012
1058345.125
996937.5
938494.875
881979.75
832620.6875
786219
779236
862095.25
6712059.5
5934017.5
5493902.5
5081761.5
4715360.5
4459032.5
4322743
4192829
4033040.5
3853506.5
3660859.75
3476558.75
3303179.75
3132405
2958666
2789823.5
2632853.25
2482486.25
2333338.25
2190333.5
2059594
1935815.375
1814123
1700758
1596847.25
1498162.5
1403601.875
1316815.25
1235934.75
1159620.75
1087977.875
1022132.3125
960150
902339.25
847547
794726.4375
749062.125
706147.125
706445.4375
806130.375
6322381.5
5562691
5209142.5
4767647.5
4395334.5
4171056.75
4043170.75
3895717.5
3717822.25
3526492.5
3326092.5
3139562
2967326.75
2799116.5
2629770.5
2467610
2318906.5
2177078.25
2037216
1904358.375
1784343.5
1671132.5
1560181.25
1457775.75
1364686
1276474.375
1192258.5
1115633.125
1044524
977563.8125
915000.25
857811.75
804093.75
754130.5625
706945
661837.5
622452
587120.3125
598314.9375
720829.25
)
;

boundaryField
{
    inlet
    {
        type            calculated;
        value           uniform 13500000;
    }
    outlet
    {
        type            calculated;
        value           uniform 13500000;
    }
    fluid_to_graphite
    {
        type            calculated;
        value           uniform 13500000;
    }
    wedgeBack
    {
        type            wedge;
    }
    wedgeFront
    {
        type            wedge;
    }
    defaultFaces
    {
        type            empty;
    }
}


                                                                               
