                                                                               
                             
                                                                   
                                                            
                                          
                             
                                                                               
FoamFile
{
    format          ascii;
    class           volScalarField;
    location        1 / fluid;
    object          T;
}
                                                                               

dimensions      [ 0 0 0 1 0 0 0 ];

internalField   nonuniform List<scalar> 
4592
(
3199.87744140625
3199.876708984375
3199.83544921875
3199.954345703125
3199.919677734375
3199.903076171875
3199.93017578125
3199.93896484375
3199.9384765625
3199.91357421875
3199.885986328125
3199.816650390625
3199.819580078125
3199.81396484375
3199.829345703125
3199.86376953125
3199.86328125
3199.86865234375
3199.875
3199.876220703125
3199.8896484375
3199.897216796875
3199.898193359375
3199.90771484375
3199.932861328125
3199.956787109375
3199.967041015625
3199.97314453125
3199.974365234375
3199.9775390625
3199.980712890625
3199.97998046875
3199.8759765625
3199.87255859375
3199.83544921875
3199.937744140625
3199.908447265625
3199.90283203125
3199.925537109375
3199.944091796875
3199.956787109375
3199.934814453125
3199.90673828125
3199.83544921875
3199.825927734375
3199.823486328125
3199.84619140625
3199.87841796875
3199.87646484375
3199.8740234375
3199.86181640625
3199.858642578125
3199.873046875
3199.882080078125
3199.886474609375
3199.889404296875
3199.9091796875
3199.941162109375
3199.958740234375
3199.962890625
3199.95654296875
3199.958740234375
3199.970458984375
3199.974365234375
3199.875
3199.871337890625
3199.847412109375
3199.946533203125
3199.931884765625
3199.916259765625
3199.934814453125
3199.97900390625
3199.98193359375
3199.961669921875
3199.937744140625
3199.86669921875
3199.86328125
3199.850830078125
3199.84765625
3199.867431640625
3199.862060546875
3199.862060546875
3199.853515625
3199.84814453125
3199.861328125
3199.882080078125
3199.88427734375
3199.881103515625
3199.88330078125
3199.90966796875
3199.940185546875
3199.9453125
3199.939208984375
3199.942138671875
3199.95068359375
3199.955078125
3199.873779296875
3199.865234375
3199.85302734375
3199.92529296875
3199.931396484375
3199.915283203125
3199.935546875
3199.97705078125
3199.983642578125
3199.96728515625
3199.939208984375
3199.87451171875
3199.865234375
3199.8515625
3199.84814453125
3199.861572265625
3199.8505859375
3199.84716796875
3199.838623046875
3199.835693359375
3199.847412109375
3199.88134765625
3199.898193359375
3199.90771484375
3199.9140625
3199.921142578125
3199.941162109375
3199.947998046875
3199.94140625
3199.941162109375
3199.946533203125
3199.954345703125
3199.878173828125
3199.86083984375
3199.852294921875
3199.927978515625
3199.943603515625
3199.915283203125
3199.940673828125
3199.96484375
3199.964111328125
3199.946044921875
3199.921875
3199.86083984375
3199.855712890625
3199.845458984375
3199.843505859375
3199.85205078125
3199.83251953125
3199.836669921875
3199.845947265625
3199.8486328125
3199.85791015625
3199.879638671875
3199.908935546875
3199.91845703125
3199.919921875
3199.919677734375
3199.9296875
3199.935546875
3199.931640625
3199.9248046875
3199.9287109375
3199.938232421875
3199.87890625
3199.861328125
3199.857666015625
3199.936279296875
3199.97265625
3199.92626953125
3199.954345703125
3199.96337890625
3199.96337890625
3199.951171875
3199.922607421875
3199.856201171875
3199.860595703125
3199.852783203125
3199.8447265625
3199.84912109375
3199.8427734375
3199.843017578125
3199.859619140625
3199.861328125
3199.8720703125
3199.903076171875
3199.92626953125
3199.930908203125
3199.931640625
3199.9296875
3199.94189453125
3199.950439453125
3199.952880859375
3199.935546875
3199.937744140625
3199.9521484375
3199.87890625
3199.85888671875
3199.869384765625
3199.947021484375
3199.9755859375
3199.94140625
3199.969482421875
3199.96533203125
3199.975830078125
3199.964599609375
3199.931396484375
3199.875732421875
3199.87890625
3199.866943359375
3199.85009765625
3199.860595703125
3199.851318359375
3199.855712890625
3199.87158203125
3199.87255859375
3199.8896484375
3199.91748046875
3199.95849609375
3199.971923828125
3199.973876953125
3199.97314453125
3199.97119140625
3199.9716796875
3199.96728515625
3199.964599609375
3199.96826171875
3199.9794921875
3199.88037109375
3199.85888671875
3199.866943359375
3199.93505859375
3199.974365234375
3199.95556640625
3199.9833984375
3199.987060546875
3199.988037109375
3199.976806640625
3199.946533203125
3199.889404296875
3199.892333984375
3199.879638671875
3199.866455078125
3199.877685546875
3199.879150390625
3199.8818359375
3199.892333984375
3199.900390625
3199.90966796875
3199.933837890625
3199.960205078125
3199.98193359375
3199.99267578125
3200.0029296875
3200.00927734375
3200.00634765625
3200.003662109375
3200.00830078125
3200.01123046875
3200.011474609375
3199.881591796875
3199.85693359375
3199.869140625
3199.9365234375
3199.972900390625
3199.966796875
3199.993896484375
3199.994873046875
3199.997802734375
3199.987060546875
3199.96630859375
3199.911865234375
3199.89892578125
3199.8896484375
3199.879150390625
3199.912109375
3199.915283203125
3199.915283203125
3199.923828125
3199.9287109375
3199.9453125
3199.958984375
3199.97509765625
3200.000732421875
3200.01611328125
3200.02880859375
3200.03125
3200.0205078125
3200.016845703125
3200.025146484375
3200.02490234375
3200.023681640625
3199.882080078125
3199.856201171875
3199.87109375
3199.939453125
3199.97314453125
3199.974365234375
3200.001708984375
3200.005126953125
3200.0029296875
3199.998046875
3199.97509765625
3199.9248046875
3199.905029296875
3199.899169921875
3199.895263671875
3199.926513671875
3199.9296875
3199.921630859375
3199.92822265625
3199.94677734375
3199.96435546875
3199.97412109375
3199.99560546875
3200.023681640625
3200.046142578125
3200.0576171875
3200.0556640625
3200.037353515625
3200.029296875
3200.034423828125
3200.02880859375
3200.022705078125
3199.883544921875
3199.861328125
3199.86328125
3199.947998046875
3199.98095703125
3199.985107421875
3200.01123046875
3200.01806640625
3200.02490234375
3200.01416015625
3199.990234375
3199.9423828125
3199.929443359375
3199.919677734375
3199.9130859375
3199.9384765625
3199.946044921875
3199.9365234375
3199.933837890625
3199.96044921875
3199.981201171875
3200.002197265625
3200.017822265625
3200.043212890625
3200.07080078125
3200.074462890625
3200.071533203125
3200.056884765625
3200.0537109375
3200.05078125
3200.051025390625
3200.0556640625
3199.8837890625
3199.861328125
3199.86474609375
3199.953857421875
3199.982177734375
3199.986328125
3200.013427734375
3200.018798828125
3200.02294921875
3200.017822265625
3199.992919921875
3199.952392578125
3199.943115234375
3199.929443359375
3199.918212890625
3199.942138671875
3199.947509765625
3199.94189453125
3199.940185546875
3199.96875
3200.002197265625
3200.026123046875
3200.0458984375
3200.06494140625
3200.091064453125
3200.097412109375
3200.09326171875
3200.080810546875
3200.066162109375
3200.06396484375
3200.0693359375
3200.07080078125
3199.88525390625
3199.862060546875
3199.86376953125
3199.95458984375
3199.983154296875
3199.994384765625
3200.01904296875
3200.02685546875
3200.02490234375
3200.024658203125
3199.9970703125
3199.958740234375
3199.95361328125
3199.942138671875
3199.92626953125
3199.945556640625
3199.943603515625
3199.933349609375
3199.944091796875
3199.969482421875
3199.9912109375
3200.026123046875
3200.054931640625
3200.0859375
3200.112548828125
3200.11474609375
3200.108154296875
3200.08837890625
3200.068115234375
3200.069091796875
3200.074951171875
3200.076904296875
3199.885009765625
3199.8603515625
3199.86376953125
3199.956298828125
3199.990234375
3199.996826171875
3200.020751953125
3200.03271484375
3200.032958984375
3200.037109375
3200.009521484375
3199.965087890625
3199.96337890625
3199.946533203125
3199.924560546875
3199.939453125
3199.951904296875
3199.932861328125
3199.9423828125
3199.96533203125
3199.9912109375
3200.032470703125
3200.06005859375
3200.103759765625
3200.115966796875
3200.114013671875
3200.10693359375
3200.084716796875
3200.06591796875
3200.070068359375
3200.079345703125
3200.085205078125
3199.8857421875
3199.859375
3199.866943359375
3199.955078125
3199.98876953125
3199.995849609375
3200.01611328125
3200.035888671875
3200.0419921875
3200.044189453125
3200.018798828125
3199.970703125
3199.9658203125
3199.943359375
3199.918701171875
3199.9482421875
3199.96240234375
3199.945068359375
3199.95068359375
3199.972900390625
3199.99658203125
3200.0380859375
3200.079345703125
3200.096923828125
3200.101806640625
3200.10302734375
3200.098876953125
3200.082275390625
3200.0712890625
3200.0673828125
3200.073486328125
3200.080322265625
3199.88623046875
3199.86083984375
3199.859375
3199.953857421875
3199.985107421875
3199.999267578125
3200.018798828125
3200.03759765625
3200.0390625
3200.03955078125
3200.01416015625
3199.971923828125
3199.961669921875
3199.94384765625
3199.924560546875
3199.941162109375
3199.96044921875
3199.944580078125
3199.93994140625
3199.95751953125
3199.982177734375
3200.03173828125
3200.073486328125
3200.084716796875
3200.09521484375
3200.10107421875
3200.095703125
3200.082763671875
3200.076171875
3200.071044921875
3200.0654296875
3200.072998046875
3199.885986328125
3199.861572265625
3199.860595703125
3199.957763671875
3199.99951171875
3200.003662109375
3200.022216796875
3200.033203125
3200.030029296875
3200.032958984375
3200.012451171875
3199.965576171875
3199.94873046875
3199.93017578125
3199.912841796875
3199.9306640625
3199.95556640625
3199.94384765625
3199.94189453125
3199.95947265625
3199.979248046875
3200.0380859375
3200.070068359375
3200.082275390625
3200.098876953125
3200.103271484375
3200.100830078125
3200.092529296875
3200.073974609375
3200.052001953125
3200.05712890625
3200.07763671875
3199.88671875
3199.86328125
3199.855712890625
3199.96337890625
3200.00439453125
3200.015625
3200.02734375
3200.02392578125
3200.028076171875
3200.029296875
3200.009521484375
3199.974853515625
3199.943115234375
3199.922607421875
3199.901611328125
3199.9228515625
3199.948486328125
3199.94140625
3199.94140625
3199.966064453125
3199.9912109375
3200.03759765625
3200.05419921875
3200.0673828125
3200.08740234375
3200.107666015625
3200.109130859375
3200.099365234375
3200.06396484375
3200.0458984375
3200.05908203125
3200.084228515625
3199.88623046875
3199.8642578125
3199.847412109375
3199.962890625
3199.9912109375
3200.014892578125
3200.023681640625
3200.0087890625
3200.009033203125
3200.0244140625
3200.007080078125
3199.96435546875
3199.94287109375
3199.910400390625
3199.889404296875
3199.916015625
3199.939453125
3199.931396484375
3199.933349609375
3199.9697265625
3200.00634765625
3200.046142578125
3200.05810546875
3200.071533203125
3200.088623046875
3200.108642578125
3200.107421875
3200.078857421875
3200.04248046875
3200.044189453125
3200.05712890625
3200.080322265625
3199.886962890625
3199.859619140625
3199.852294921875
3199.964599609375
3199.998046875
3200.013671875
3200.019287109375
3200.0009765625
3200.0009765625
3200.019287109375
3199.993408203125
3199.959228515625
3199.942626953125
3199.91357421875
3199.891357421875
3199.916748046875
3199.93798828125
3199.922607421875
3199.922607421875
3199.969970703125
3200.0107421875
3200.03857421875
3200.056884765625
3200.071044921875
3200.100830078125
3200.11376953125
3200.10400390625
3200.065185546875
3200.0361328125
3200.037841796875
3200.05322265625
3200.079833984375
3199.885009765625
3199.860595703125
3199.849853515625
3199.96240234375
3199.999755859375
3200.015869140625
3200.019287109375
3199.991943359375
3199.99462890625
3200.00390625
3199.97705078125
3199.952880859375
3199.937744140625
3199.9111328125
3199.8916015625
3199.921142578125
3199.941650390625
3199.927490234375
3199.932373046875
3199.972900390625
3200.00439453125
3200.04296875
3200.064453125
3200.08349609375
3200.113037109375
3200.1181640625
3200.1005859375
3200.055419921875
3200.034912109375
3200.038330078125
3200.0634765625
3200.0810546875
3199.88671875
3199.859375
3199.8515625
3199.960693359375
3199.986328125
3200.003662109375
3200.004638671875
3199.994384765625
3199.994384765625
3199.997802734375
3199.98388671875
3199.951171875
3199.939697265625
3199.922119140625
3199.8994140625
3199.91796875
3199.93505859375
3199.925048828125
3199.93212890625
3199.969970703125
3199.99755859375
3200.0380859375
3200.06591796875
3200.091552734375
3200.12255859375
3200.121337890625
3200.090576171875
3200.055419921875
3200.038818359375
3200.039306640625
3200.052490234375
3200.073974609375
3199.887451171875
3199.857177734375
3199.85498046875
3199.95068359375
3199.989501953125
3199.992919921875
3199.995361328125
3199.98974609375
3199.990478515625
3199.99609375
3199.9853515625
3199.934814453125
3199.932861328125
3199.918701171875
3199.8974609375
3199.90966796875
3199.926513671875
3199.916748046875
3199.93505859375
3199.975341796875
3200.02099609375
3200.06005859375
3200.081298828125
3200.114013671875
3200.123779296875
3200.115478515625
3200.0849609375
3200.04150390625
3200.027099609375
3200.029052734375
3200.039794921875
3200.068359375
3199.887451171875
3199.839599609375
3199.8486328125
3199.951416015625
3199.98388671875
3200.000732421875
3199.998046875
3199.976806640625
3199.977294921875
3199.993408203125
3199.97119140625
3199.938720703125
3199.927734375
3199.898681640625
3199.879150390625
3199.90283203125
3199.9306640625
3199.915771484375
3199.9296875
3199.98974609375
3200.024658203125
3200.075439453125
3200.102783203125
3200.111328125
3200.11083984375
3200.102294921875
3200.07470703125
3200.04248046875
3200.025390625
3200.02392578125
3200.040771484375
3200.086669921875
3199.88623046875
3199.8095703125
3199.862548828125
3199.953857421875
3199.9716796875
3199.998046875
3199.9970703125
3199.965087890625
3199.966796875
3199.981689453125
3199.976806640625
3199.929931640625
3199.924560546875
3199.885986328125
3199.85986328125
3199.89208984375
3199.936767578125
3199.929443359375
3199.94189453125
3200.00341796875
3200.037353515625
3200.09326171875
3200.10546875
3200.105224609375
3200.095703125
3200.08056640625
3200.056396484375
3200.036865234375
3200.028564453125
3200.040283203125
3200.080078125
3200.156982421875
3199.884033203125
3199.818359375
3199.84326171875
3199.965576171875
3199.998046875
3200.00244140625
3199.994384765625
3199.96435546875
3199.967041015625
3199.977294921875
3199.9794921875
3199.945556640625
3199.9326171875
3199.8671875
3199.84130859375
3199.863037109375
3199.9375
3199.9599609375
3199.9921875
3200.057861328125
3200.092041015625
3200.109375
3200.10498046875
3200.072265625
3200.069091796875
3200.057373046875
3200.047607421875
3200.04052734375
3200.04296875
3200.0615234375
3200.112060546875
3200.21484375
3199.877685546875
3199.84375
3199.834716796875
3199.98828125
3200.018798828125
3200.020263671875
3200.001220703125
3199.95361328125
3199.95556640625
3199.980224609375
3199.9765625
3199.950439453125
3199.91455078125
3199.870849609375
3199.855712890625
3199.890380859375
3199.984130859375
3200.0234375
3200.068603515625
3200.123046875
3200.127685546875
3200.12548828125
3200.085205078125
3200.056640625
3200.051513671875
3200.041259765625
3200.044677734375
3200.056884765625
3200.087158203125
3200.112548828125
3200.185791015625
3200.269775390625
3199.88330078125
3199.85009765625
3199.861083984375
3200.005126953125
3200.026611328125
3200.04638671875
3200.0419921875
3199.97900390625
3199.99755859375
3200.024169921875
3200.00146484375
3199.953369140625
3199.92529296875
3199.917236328125
3199.94580078125
3200.029541015625
3200.059326171875
3200.0791015625
3200.112060546875
3200.122802734375
3200.105224609375
3200.089111328125
3200.055419921875
3200.03173828125
3200.015380859375
3200.01806640625
3200.04638671875
3200.103515625
3200.134033203125
3200.17529296875
3200.26318359375
3200.2919921875
3199.976806640625
3199.956787109375
3199.930908203125
3199.915771484375
3199.874755859375
3199.852783203125
3199.826416015625
3199.802001953125
3199.7841796875
3199.76318359375
3199.7431640625
3199.736083984375
3199.73779296875
3199.74267578125
3199.73681640625
3199.7294921875
3199.73974609375
3199.739990234375
3199.737548828125
3199.730224609375
3199.718017578125
3199.694091796875
3199.678466796875
3199.647705078125
3199.616943359375
3199.61181640625
3199.5888671875
3199.59130859375
3199.587158203125
3199.5703125
3199.534912109375
3199.498291015625
3199.4638671875
3199.417724609375
3199.397216796875
3199.36962890625
3199.336181640625
3199.30419921875
3199.262939453125
3199.20947265625
3199.18017578125
3199.123046875
3199.090087890625
3199.020263671875
3198.907470703125
3198.841552734375
3198.706298828125
3198.63134765625
3198.52685546875
3198.4072265625
3198.318359375
3198.125244140625
3198.02294921875
3197.812744140625
3197.64990234375
3197.417236328125
3197.201171875
3196.95068359375
3196.696044921875
3196.453369140625
3196.142822265625
3195.77685546875
3195.407470703125
3195.020751953125
3194.52001953125
3194.04248046875
3193.399169921875
3192.828125
3192.047607421875
3191.254150390625
3190.268798828125
3189.19873046875
3188.008544921875
3186.603515625
3184.9501953125
3183.182373046875
3181.00732421875
3178.555419921875
3175.599609375
3172.19873046875
3168.17724609375
3163.4853515625
3158.12548828125
3151.839599609375
3143.996826171875
3134.567138671875
3123.77294921875
3111.257568359375
3096.681396484375
3078.629150390625
3057.03955078125
3031.896240234375
3199.969482421875
3199.931640625
3199.89892578125
3199.8818359375
3199.86328125
3199.841552734375
3199.814697265625
3199.7939453125
3199.780029296875
3199.7607421875
3199.751953125
3199.74169921875
3199.734130859375
3199.732666015625
3199.726806640625
3199.70947265625
3199.7158203125
3199.715087890625
3199.709716796875
3199.691650390625
3199.67578125
3199.650390625
3199.6318359375
3199.605224609375
3199.563232421875
3199.551513671875
3199.53173828125
3199.52783203125
3199.516357421875
3199.494873046875
3199.470947265625
3199.4287109375
3199.383056640625
3199.34814453125
3199.315673828125
3199.278076171875
3199.24365234375
3199.21484375
3199.16748046875
3199.0947265625
3199.056884765625
3198.995849609375
3198.955810546875
3198.86962890625
3198.78076171875
3198.6669921875
3198.58642578125
3198.485107421875
3198.393310546875
3198.252197265625
3198.150390625
3197.974365234375
3197.8017578125
3197.65380859375
3197.43115234375
3197.1298828125
3196.9541015625
3196.66015625
3196.394287109375
3196.05712890625
3195.79345703125
3195.42138671875
3195.0087890625
3194.554443359375
3194.04638671875
3193.523681640625
3192.888671875
3192.11328125
3191.31005859375
3190.420166015625
3189.39599609375
3188.21630859375
3186.936279296875
3185.398681640625
3183.771484375
3181.724853515625
3179.47802734375
3176.775634765625
3173.735595703125
3170.100341796875
3165.896728515625
3161.00927734375
3155.399658203125
3148.94873046875
3140.70556640625
3131.083984375
3120.13623046875
3107.581298828125
3092.80224609375
3074.521484375
3052.839599609375
3028.005126953125
3199.952392578125
3199.93115234375
3199.8994140625
3199.888671875
3199.8720703125
3199.838134765625
3199.8154296875
3199.804443359375
3199.78271484375
3199.7841796875
3199.781494140625
3199.7744140625
3199.7509765625
3199.758056640625
3199.761474609375
3199.742431640625
3199.743408203125
3199.743408203125
3199.738037109375
3199.71435546875
3199.693603515625
3199.686279296875
3199.673095703125
3199.644287109375
3199.59912109375
3199.58154296875
3199.561767578125
3199.55029296875
3199.522216796875
3199.4951171875
3199.47802734375
3199.43994140625
3199.388916015625
3199.35888671875
3199.329833984375
3199.277587890625
3199.25341796875
3199.211669921875
3199.1640625
3199.1064453125
3199.053955078125
3199.00390625
3198.958740234375
3198.85595703125
3198.7939453125
3198.6884765625
3198.6103515625
3198.505126953125
3198.379150390625
3198.25048828125
3198.12890625
3197.96728515625
3197.843017578125
3197.5966796875
3197.448974609375
3197.180419921875
3196.956787109375
3196.646728515625
3196.4541015625
3196.069580078125
3195.773681640625
3195.373046875
3195.006103515625
3194.540283203125
3194.05712890625
3193.45947265625
3192.80810546875
3192.08203125
3191.346435546875
3190.3671875
3189.380615234375
3188.169921875
3186.82861328125
3185.308349609375
3183.581787109375
3181.555419921875
3179.21630859375
3176.4814453125
3173.365234375
3169.72119140625
3165.447021484375
3160.5380859375
3154.927734375
3148.379150390625
3139.986083984375
3130.197265625
3119.247314453125
3106.6337890625
3091.7431640625
3073.087158203125
3051.08984375
3025.9267578125
3199.949951171875
3199.91650390625
3199.89599609375
3199.865234375
3199.84912109375
3199.811767578125
3199.798828125
3199.790771484375
3199.784912109375
3199.794677734375
3199.7919921875
3199.78173828125
3199.758056640625
3199.75537109375
3199.75634765625
3199.755615234375
3199.74169921875
3199.742919921875
3199.742919921875
3199.730224609375
3199.72021484375
3199.701904296875
3199.692138671875
3199.659912109375
3199.624267578125
3199.5810546875
3199.554443359375
3199.5419921875
3199.521240234375
3199.505859375
3199.4921875
3199.463134765625
3199.42626953125
3199.383056640625
3199.3486328125
3199.288818359375
3199.26513671875
3199.2177734375
3199.18603515625
3199.125732421875
3199.089111328125
3199.01904296875
3198.975830078125
3198.87451171875
3198.81640625
3198.71826171875
3198.63134765625
3198.533447265625
3198.430908203125
3198.272216796875
3198.171142578125
3197.972412109375
3197.8388671875
3197.62939453125
3197.4814453125
3197.21435546875
3196.9921875
3196.680908203125
3196.4521484375
3196.08447265625
3195.792236328125
3195.387939453125
3195.017822265625
3194.548583984375
3194.078857421875
3193.474365234375
3192.86962890625
3192.130859375
3191.3515625
3190.38818359375
3189.4150390625
3188.206787109375
3186.92236328125
3185.36767578125
3183.693115234375
3181.63916015625
3179.30126953125
3176.546630859375
3173.420654296875
3169.67578125
3165.37939453125
3160.421875
3154.81640625
3148.21044921875
3139.552978515625
3129.584716796875
3118.512451171875
3105.8408203125
3090.77587890625
3071.552734375
3048.947998046875
3023.576171875
3199.939208984375
3199.922607421875
3199.8984375
3199.888427734375
3199.86669921875
3199.829345703125
3199.822021484375
3199.8193359375
3199.818115234375
3199.82861328125
3199.828369140625
3199.82177734375
3199.805419921875
3199.781982421875
3199.780517578125
3199.786865234375
3199.772705078125
3199.77587890625
3199.772705078125
3199.77099609375
3199.7646484375
3199.7490234375
3199.7431640625
3199.71630859375
3199.666259765625
3199.60791015625
3199.566650390625
3199.546142578125
3199.527099609375
3199.526123046875
3199.50927734375
3199.478759765625
3199.439453125
3199.405029296875
3199.35595703125
3199.3134765625
3199.281494140625
3199.229736328125
3199.204833984375
3199.15283203125
3199.1142578125
3199.036865234375
3198.9892578125
3198.898193359375
3198.8388671875
3198.731689453125
3198.64697265625
3198.5166015625
3198.435546875
3198.290283203125
3198.176513671875
3198.001953125
3197.827880859375
3197.671875
3197.4755859375
3197.24365234375
3197.041015625
3196.752197265625
3196.487060546875
3196.1669921875
3195.842041015625
3195.433837890625
3195.07666015625
3194.587646484375
3194.1748046875
3193.55224609375
3192.97509765625
3192.238037109375
3191.487548828125
3190.535888671875
3189.5419921875
3188.377685546875
3187.095947265625
3185.58056640625
3183.902587890625
3181.859130859375
3179.52880859375
3176.745361328125
3173.5908203125
3169.83544921875
3165.556396484375
3160.56396484375
3154.946533203125
3148.349609375
3139.407470703125
3129.297607421875
3118.050537109375
3105.328369140625
3089.97314453125
3070.335693359375
3047.00439453125
3020.69873046875
3199.9541015625
3199.931640625
3199.912841796875
3199.908935546875
3199.899169921875
3199.86474609375
3199.84130859375
3199.844482421875
3199.85205078125
3199.854736328125
3199.854248046875
3199.84912109375
3199.826416015625
3199.82666015625
3199.82958984375
3199.83837890625
3199.83642578125
3199.812744140625
3199.817138671875
3199.81201171875
3199.801513671875
3199.779052734375
3199.76513671875
3199.739990234375
3199.68994140625
3199.6357421875
3199.60546875
3199.5732421875
3199.565185546875
3199.558837890625
3199.5361328125
3199.50537109375
3199.473388671875
3199.415771484375
3199.376953125
3199.33447265625
3199.305908203125
3199.251708984375
3199.2255859375
3199.18017578125
3199.1318359375
3199.0654296875
3199.033447265625
3198.955078125
3198.886474609375
3198.78466796875
3198.72509765625
3198.59521484375
3198.489501953125
3198.362060546875
3198.2548828125
3198.03076171875
3197.912353515625
3197.689453125
3197.516357421875
3197.33837890625
3197.123291015625
3196.853759765625
3196.6083984375
3196.2158203125
3195.9248046875
3195.53466796875
3195.204833984375
3194.636962890625
3194.259765625
3193.63623046875
3193.081298828125
3192.48291015625
3191.639404296875
3190.791748046875
3189.809326171875
3188.682373046875
3187.4013671875
3185.891357421875
3184.2587890625
3182.224365234375
3179.89404296875
3177.078369140625
3173.939453125
3170.2265625
3165.958984375
3160.945556640625
3155.32666015625
3148.686767578125
3139.482666015625
3129.15625
3117.75732421875
3104.9072265625
3089.2958984375
3068.937255859375
3045.05078125
3018.2275390625
3199.98193359375
3199.968017578125
3199.9599609375
3199.9521484375
3199.937744140625
3199.894287109375
3199.848388671875
3199.842041015625
3199.843017578125
3199.850341796875
3199.850341796875
3199.843505859375
3199.82470703125
3199.81982421875
3199.827880859375
3199.839111328125
3199.831298828125
3199.818115234375
3199.82666015625
3199.825439453125
3199.821044921875
3199.784423828125
3199.77392578125
3199.758544921875
3199.72265625
3199.681884765625
3199.630859375
3199.607177734375
3199.584228515625
3199.57763671875
3199.55322265625
3199.516845703125
3199.493896484375
3199.43994140625
3199.40234375
3199.360595703125
3199.335693359375
3199.28564453125
3199.2529296875
3199.215576171875
3199.178955078125
3199.10986328125
3199.06982421875
3199.021728515625
3198.92333984375
3198.86767578125
3198.759765625
3198.638671875
3198.56591796875
3198.404052734375
3198.296875
3198.123046875
3198.00390625
3197.804931640625
3197.624755859375
3197.490478515625
3197.219482421875
3196.9541015625
3196.722900390625
3196.314453125
3196.064697265625
3195.685791015625
3195.36865234375
3194.88232421875
3194.400390625
3193.869140625
3193.33740234375
3192.687744140625
3191.80615234375
3190.987548828125
3190.03076171875
3188.941650390625
3187.717529296875
3186.161376953125
3184.546142578125
3182.625
3180.310791015625
3177.503662109375
3174.356201171875
3170.601318359375
3166.397216796875
3161.380615234375
3155.856201171875
3149.116943359375
3139.7451171875
3129.12548828125
3117.653076171875
3104.555419921875
3088.710205078125
3067.605712890625
3042.720947265625
3015.52587890625
3200.00537109375
3199.999755859375
3200.000244140625
3199.98583984375
3199.9384765625
3199.90625
3199.883544921875
3199.8828125
3199.879638671875
3199.87548828125
3199.871826171875
3199.865478515625
3199.859375
3199.851318359375
3199.855712890625
3199.853271484375
3199.852294921875
3199.841064453125
3199.85693359375
3199.853759765625
3199.84765625
3199.81103515625
3199.80126953125
3199.78857421875
3199.74755859375
3199.7021484375
3199.671142578125
3199.626953125
3199.606201171875
3199.6015625
3199.580078125
3199.55322265625
3199.534912109375
3199.483642578125
3199.44140625
3199.419189453125
3199.38427734375
3199.330322265625
3199.300537109375
3199.25634765625
3199.20263671875
3199.16943359375
3199.1015625
3199.05908203125
3199.005859375
3198.90673828125
3198.854736328125
3198.763671875
3198.64697265625
3198.49658203125
3198.41357421875
3198.242919921875
3198.144287109375
3197.93408203125
3197.80224609375
3197.543212890625
3197.346435546875
3197.11669921875
3196.87841796875
3196.518310546875
3196.262451171875
3195.856201171875
3195.50146484375
3195.05078125
3194.64453125
3194.047119140625
3193.57373046875
3192.855712890625
3192.093017578125
3191.2548828125
3190.3857421875
3189.302490234375
3188.091064453125
3186.695068359375
3185.0263671875
3183.111572265625
3180.807373046875
3178.0859375
3174.970947265625
3171.23095703125
3167.010498046875
3162.00537109375
3156.458984375
3149.74072265625
3140.05419921875
3129.26025390625
3117.53759765625
3104.31494140625
3088.098876953125
3066.374267578125
3040.31103515625
3011.4814453125
3200.018310546875
3200.015625
3200.00390625
3199.97998046875
3199.957275390625
3199.934326171875
3199.91162109375
3199.899658203125
3199.8876953125
3199.886962890625
3199.896240234375
3199.9052734375
3199.90185546875
3199.893798828125
3199.89111328125
3199.89404296875
3199.896728515625
3199.894775390625
3199.90478515625
3199.90283203125
3199.8818359375
3199.85009765625
3199.825439453125
3199.7978515625
3199.7685546875
3199.74951171875
3199.693603515625
3199.6591796875
3199.627197265625
3199.601806640625
3199.589599609375
3199.5810546875
3199.548095703125
3199.517333984375
3199.502685546875
3199.4658203125
3199.423828125
3199.388671875
3199.333984375
3199.301025390625
3199.243896484375
3199.20068359375
3199.14599609375
3199.11767578125
3199.07080078125
3199.00927734375
3198.950439453125
3198.86865234375
3198.7587890625
3198.68359375
3198.5166015625
3198.36865234375
3198.203125
3198.0185546875
3197.89453125
3197.64501953125
3197.49560546875
3197.21826171875
3197.046630859375
3196.7265625
3196.401123046875
3196.076171875
3195.686279296875
3195.29345703125
3194.84423828125
3194.224609375
3193.847900390625
3193.138671875
3192.414794921875
3191.576904296875
3190.688720703125
3189.61962890625
3188.449462890625
3187.05615234375
3185.417724609375
3183.520751953125
3181.32958984375
3178.675537109375
3175.54736328125
3171.802001953125
3167.52783203125
3162.570556640625
3157.0888671875
3150.352783203125
3140.4658203125
3129.488525390625
3117.556640625
3104.129638671875
3087.5361328125
3065.0498046875
3038.370849609375
3008.06005859375
3200.023681640625
3200.018310546875
3200.005615234375
3199.997802734375
3199.991943359375
3199.97705078125
3199.95947265625
3199.926025390625
3199.89892578125
3199.904296875
3199.930419921875
3199.940673828125
3199.93603515625
3199.91796875
3199.92626953125
3199.943115234375
3199.950439453125
3199.94482421875
3199.943359375
3199.9384765625
3199.920654296875
3199.879150390625
3199.849609375
3199.826904296875
3199.806640625
3199.77880859375
3199.751220703125
3199.69287109375
3199.65576171875
3199.635986328125
3199.631103515625
3199.603271484375
3199.575927734375
3199.551025390625
3199.51904296875
3199.5
3199.47900390625
3199.45458984375
3199.39892578125
3199.36083984375
3199.310546875
3199.270263671875
3199.22607421875
3199.201171875
3199.15087890625
3199.086181640625
3199.016845703125
3198.9423828125
3198.82275390625
3198.728515625
3198.574462890625
3198.4814453125
3198.32666015625
3198.15087890625
3198.015625
3197.7900390625
3197.654052734375
3197.384765625
3197.128173828125
3196.8251953125
3196.5009765625
3196.220703125
3195.864013671875
3195.378173828125
3195.0078125
3194.4423828125
3194.00390625
3193.34765625
3192.68212890625
3191.873291015625
3191.049560546875
3190.0361328125
3188.91845703125
3187.526611328125
3185.8876953125
3184.061767578125
3181.85888671875
3179.26953125
3176.13330078125
3172.489013671875
3168.233642578125
3163.351318359375
3157.859130859375
3151.12353515625
3141.013427734375
3129.804931640625
3117.635009765625
3104.01123046875
3086.960205078125
3063.591552734375
3035.6640625
3006.031005859375
3200.060546875
3200.051025390625
3200.02587890625
3200.03173828125
3200.035400390625
3200.0146484375
3199.99755859375
3199.966064453125
3199.9345703125
3199.94384765625
3199.96630859375
3199.96142578125
3199.951171875
3199.952392578125
3199.966064453125
3199.972900390625
3199.98046875
3199.970947265625
3199.962158203125
3199.959716796875
3199.9501953125
3199.891357421875
3199.853515625
3199.837890625
3199.80859375
3199.80078125
3199.784912109375
3199.744873046875
3199.684814453125
3199.66943359375
3199.63427734375
3199.612548828125
3199.591552734375
3199.564453125
3199.5439453125
3199.530517578125
3199.506103515625
3199.47705078125
3199.440673828125
3199.421630859375
3199.37548828125
3199.34619140625
3199.300048828125
3199.267578125
3199.202880859375
3199.156982421875
3199.088134765625
3198.974853515625
3198.890869140625
3198.78857421875
3198.64599609375
3198.557373046875
3198.385009765625
3198.2216796875
3198.098876953125
3197.85009765625
3197.70947265625
3197.477294921875
3197.23486328125
3197.042724609375
3196.65234375
3196.41259765625
3195.984619140625
3195.60205078125
3195.232421875
3194.6455078125
3194.131103515625
3193.73486328125
3192.934814453125
3192.170654296875
3191.271484375
3190.455078125
3189.181884765625
3187.975830078125
3186.224609375
3184.653076171875
3182.32373046875
3179.998779296875
3176.713623046875
3173.296142578125
3168.847412109375
3164.170654296875
3158.580078125
3151.942138671875
3141.450439453125
3130.17578125
3117.609375
3103.9326171875
3086.26953125
3062.39306640625
3032.4736328125
3001.24365234375
3200.072021484375
3200.06494140625
3200.040771484375
3200.050048828125
3200.056640625
3200.037353515625
3200.0341796875
3199.9931640625
3199.98388671875
3199.9833984375
3200.00439453125
3199.999755859375
3199.996337890625
3200.0068359375
3200.0185546875
3200.022705078125
3200.025634765625
3200.01806640625
3200.0068359375
3200.008056640625
3199.9951171875
3199.92529296875
3199.888916015625
3199.864990234375
3199.84521484375
3199.841796875
3199.833251953125
3199.7880859375
3199.733642578125
3199.69775390625
3199.664794921875
3199.652587890625
3199.626953125
3199.59619140625
3199.583251953125
3199.562744140625
3199.52490234375
3199.4990234375
3199.470458984375
3199.443603515625
3199.40966796875
3199.389404296875
3199.343017578125
3199.28466796875
3199.252197265625
3199.177734375
3199.117919921875
3199.01953125
3198.91650390625
3198.8017578125
3198.665771484375
3198.58837890625
3198.43212890625
3198.27001953125
3198.108642578125
3197.944091796875
3197.791259765625
3197.62060546875
3197.2646484375
3197.079345703125
3196.73291015625
3196.523681640625
3196.09228515625
3195.8271484375
3195.300537109375
3194.972900390625
3194.31005859375
3193.90087890625
3193.07568359375
3192.541259765625
3191.45947265625
3190.7666015625
3189.3642578125
3188.453857421875
3186.599853515625
3185.30224609375
3182.73095703125
3180.631591796875
3177.16455078125
3174.066162109375
3169.478515625
3165.098388671875
3159.370361328125
3152.998779296875
3142.035888671875
3130.760498046875
3117.728271484375
3103.92236328125
3085.606689453125
3061.184814453125
3030.06982421875
2995.43896484375
3200.076416015625
3200.070556640625
3200.049072265625
3200.053466796875
3200.062255859375
3200.059814453125
3200.04541015625
3199.990966796875
3199.98193359375
3199.990966796875
3200.009521484375
3200.011962890625
3200.026123046875
3200.0419921875
3200.04248046875
3200.047119140625
3200.044921875
3200.0478515625
3200.04931640625
3200.049560546875
3200.036376953125
3199.97314453125
3199.9208984375
3199.8857421875
3199.8681640625
3199.87109375
3199.864990234375
3199.83203125
3199.7705078125
3199.711669921875
3199.677734375
3199.659912109375
3199.642333984375
3199.625732421875
3199.6044921875
3199.58349609375
3199.548095703125
3199.52685546875
3199.502685546875
3199.48486328125
3199.44287109375
3199.411376953125
3199.362548828125
3199.316650390625
3199.2783203125
3199.193359375
3199.1259765625
3199.03759765625
3198.94384765625
3198.82421875
3198.68994140625
3198.613037109375
3198.45849609375
3198.341796875
3198.1474609375
3198.03369140625
3197.808837890625
3197.675537109375
3197.392578125
3197.215087890625
3196.865478515625
3196.65771484375
3196.2353515625
3195.97998046875
3195.467041015625
3195.147705078125
3194.507568359375
3194.10400390625
3193.292724609375
3192.77685546875
3191.724853515625
3191.049560546875
3189.693115234375
3188.80712890625
3186.995849609375
3185.73583984375
3183.173828125
3181.2548828125
3177.7744140625
3174.7802734375
3170.232177734375
3165.942626953125
3160.238525390625
3153.88818359375
3142.748779296875
3131.27001953125
3118
3103.86181640625
3085.07763671875
3059.726318359375
3028.004150390625
2991.12939453125
3200.082275390625
3200.07568359375
3200.058349609375
3200.06396484375
3200.078369140625
3200.081787109375
3200.071533203125
3200.0048828125
3199.983154296875
3199.9814453125
3199.986328125
3200.00341796875
3200.029296875
3200.0390625
3200.033203125
3200.041259765625
3200.04541015625
3200.052490234375
3200.05419921875
3200.052490234375
3200.041015625
3199.998046875
3199.9501953125
3199.926025390625
3199.90234375
3199.884765625
3199.87939453125
3199.8427734375
3199.795654296875
3199.75
3199.73388671875
3199.706787109375
3199.693603515625
3199.671630859375
3199.639892578125
3199.611572265625
3199.583740234375
3199.56787109375
3199.5439453125
3199.521484375
3199.4765625
3199.426513671875
3199.39990234375
3199.345947265625
3199.31201171875
3199.2470703125
3199.175048828125
3199.094970703125
3198.972412109375
3198.90576171875
3198.75146484375
3198.657958984375
3198.503173828125
3198.405029296875
3198.215576171875
3198.102294921875
3197.887939453125
3197.76171875
3197.490478515625
3197.326904296875
3196.989990234375
3196.78564453125
3196.3671875
3196.111328125
3195.59765625
3195.28515625
3194.655517578125
3194.27001953125
3193.48291015625
3192.984619140625
3191.985107421875
3191.337646484375
3190.0283203125
3189.165771484375
3187.39794921875
3186.171142578125
3183.69091796875
3181.78125
3178.405029296875
3175.4892578125
3170.994873046875
3166.785400390625
3161.14013671875
3154.799560546875
3143.515869140625
3131.84375
3118.314697265625
3103.874267578125
3084.564697265625
3058.251953125
3025.633056640625
2988.039794921875
3200.085205078125
3200.093017578125
3200.092041015625
3200.087646484375
3200.095458984375
3200.10400390625
3200.093994140625
3200.024169921875
3199.983154296875
3199.973876953125
3199.97119140625
3200.003173828125
3200.021484375
3200.029052734375
3200.03466796875
3200.0439453125
3200.049072265625
3200.0498046875
3200.05224609375
3200.048828125
3200.04541015625
3200.031494140625
3200.012939453125
3199.972412109375
3199.927978515625
3199.90673828125
3199.890869140625
3199.862548828125
3199.804443359375
3199.779052734375
3199.75048828125
3199.730712890625
3199.716796875
3199.68359375
3199.654541015625
3199.63134765625
3199.617431640625
3199.60009765625
3199.5869140625
3199.5576171875
3199.501220703125
3199.472900390625
3199.44482421875
3199.39990234375
3199.37060546875
3199.313232421875
3199.23095703125
3199.13427734375
3199.03759765625
3198.9716796875
3198.812255859375
3198.720947265625
3198.578125
3198.4873046875
3198.298828125
3198.1826171875
3197.958984375
3197.811279296875
3197.54248046875
3197.380859375
3197.052001953125
3196.859130859375
3196.45556640625
3196.20947265625
3195.71875
3195.418212890625
3194.813232421875
3194.436279296875
3193.6767578125
3193.192626953125
3192.212158203125
3191.586669921875
3190.31884765625
3189.484619140625
3187.772216796875
3186.579833984375
3184.164794921875
3182.28662109375
3179.043701171875
3176.094970703125
3171.7685546875
3167.58837890625
3162.061767578125
3155.6923828125
3144.334716796875
3132.400146484375
3118.681640625
3103.85888671875
3084.14794921875
3056.75634765625
3022.927734375
2984.876708984375
3200.096923828125
3200.1181640625
3200.126220703125
3200.126953125
3200.13330078125
3200.132568359375
3200.11865234375
3200.040771484375
3199.997314453125
3199.97900390625
3199.966552734375
3199.991943359375
3200.022705078125
3200.032958984375
3200.040771484375
3200.048095703125
3200.054931640625
3200.05029296875
3200.048583984375
3200.05126953125
3200.047607421875
3200.050537109375
3200.041259765625
3200.014404296875
3199.961669921875
3199.91748046875
3199.891845703125
3199.8662109375
3199.84521484375
3199.830322265625
3199.775634765625
3199.74951171875
3199.718017578125
3199.69677734375
3199.6884765625
3199.682373046875
3199.65576171875
3199.646484375
3199.625732421875
3199.590087890625
3199.53466796875
3199.50439453125
3199.465576171875
3199.4404296875
3199.400390625
3199.35595703125
3199.261474609375
3199.19677734375
3199.085205078125
3199.014892578125
3198.8818359375
3198.783203125
3198.6005859375
3198.505859375
3198.320068359375
3198.22021484375
3198.008544921875
3197.86962890625
3197.612548828125
3197.44921875
3197.142822265625
3196.954833984375
3196.5595703125
3196.322265625
3195.84521484375
3195.552734375
3194.95947265625
3194.587890625
3193.840576171875
3193.369384765625
3192.41943359375
3191.818359375
3190.594970703125
3189.787109375
3188.123291015625
3186.962158203125
3184.621337890625
3182.753662109375
3179.64111328125
3176.720458984375
3172.5322265625
3168.347900390625
3163.02099609375
3156.596435546875
3145.263916015625
3133.024658203125
3119.06884765625
3103.817138671875
3083.740478515625
3055.308837890625
3019.997802734375
2981.12890625
3200.114990234375
3200.13427734375
3200.1396484375
3200.1455078125
3200.142333984375
3200.126220703125
3200.108642578125
3200.051025390625
3199.995849609375
3199.97021484375
3199.96142578125
3199.983642578125
3200.02099609375
3200.026123046875
3200.03173828125
3200.037109375
3200.04296875
3200.037841796875
3200.037353515625
3200.04443359375
3200.060791015625
3200.068115234375
3200.061767578125
3200.0419921875
3200.014892578125
3199.9599609375
3199.91650390625
3199.897216796875
3199.879150390625
3199.845947265625
3199.817626953125
3199.772705078125
3199.736328125
3199.732177734375
3199.71923828125
3199.706787109375
3199.67822265625
3199.67578125
3199.64501953125
3199.609375
3199.56103515625
3199.540283203125
3199.491943359375
3199.455810546875
3199.416015625
3199.3798828125
3199.304931640625
3199.250244140625
3199.156982421875
3199.0615234375
3198.939453125
3198.859619140625
3198.6728515625
3198.577392578125
3198.401123046875
3198.302978515625
3198.09375
3197.965087890625
3197.703857421875
3197.530029296875
3197.235107421875
3197.0537109375
3196.672119140625
3196.43505859375
3195.9560546875
3195.663818359375
3195.078857421875
3194.720458984375
3194.00244140625
3193.5498046875
3192.640869140625
3192.05126953125
3190.85498046875
3190.06591796875
3188.45068359375
3187.322509765625
3185.046630859375
3183.204345703125
3180.214599609375
3177.3017578125
3173.329833984375
3169.077392578125
3163.99462890625
3157.441162109375
3146.288330078125
3133.7236328125
3119.578857421875
3103.834716796875
3083.405517578125
3053.966796875
3016.93505859375
2976.701904296875
3200.126953125
3200.14306640625
3200.153564453125
3200.156005859375
3200.14208984375
3200.116455078125
3200.099609375
3200.060302734375
3200.02783203125
3199.99267578125
3199.97119140625
3199.978515625
3200.008056640625
3200.019287109375
3200.03271484375
3200.03759765625
3200.044189453125
3200.037353515625
3200.0380859375
3200.0478515625
3200.069580078125
3200.083984375
3200.081787109375
3200.053466796875
3200.01611328125
3199.98681640625
3199.94970703125
3199.9443359375
3199.911376953125
3199.871826171875
3199.84130859375
3199.786865234375
3199.7578125
3199.751953125
3199.7412109375
3199.723876953125
3199.70166015625
3199.6845703125
3199.65625
3199.63134765625
3199.584716796875
3199.54931640625
3199.51123046875
3199.489990234375
3199.44287109375
3199.4208984375
3199.364990234375
3199.315185546875
3199.195068359375
3199.113037109375
3198.98779296875
3198.901123046875
3198.7216796875
3198.640380859375
3198.48291015625
3198.391845703125
3198.193115234375
3198.060302734375
3197.798095703125
3197.644287109375
3197.330810546875
3197.132568359375
3196.7470703125
3196.516357421875
3196.05126953125
3195.770751953125
3195.213623046875
3194.869873046875
3194.181884765625
3193.748291015625
3192.8603515625
3192.28466796875
3191.119140625
3190.354248046875
3188.786376953125
3187.687744140625
3185.45068359375
3183.701171875
3180.806640625
3177.898681640625
3174.025146484375
3169.8662109375
3164.89111328125
3158.373779296875
3147.20947265625
3134.52587890625
3120.038330078125
3103.93896484375
3082.919677734375
3052.876953125
3013.8173828125
2970.89501953125
3200.11767578125
3200.1484375
3200.157958984375
3200.157470703125
3200.141357421875
3200.120849609375
3200.11865234375
3200.109375
3200.072998046875
3200.0244140625
3199.997314453125
3199.995849609375
3200.006103515625
3200.015625
3200.041748046875
3200.061279296875
3200.070556640625
3200.0625
3200.053955078125
3200.065673828125
3200.0908203125
3200.10302734375
3200.102783203125
3200.0771484375
3200.05029296875
3200.015869140625
3199.981201171875
3199.966796875
3199.934814453125
3199.875
3199.844970703125
3199.814697265625
3199.79541015625
3199.7890625
3199.782470703125
3199.761474609375
3199.728759765625
3199.6962890625
3199.687255859375
3199.66845703125
3199.6318359375
3199.60302734375
3199.564453125
3199.53564453125
3199.48876953125
3199.447021484375
3199.3916015625
3199.344482421875
3199.220947265625
3199.141357421875
3199.013427734375
3198.942138671875
3198.797607421875
3198.70556640625
3198.558349609375
3198.465087890625
3198.256591796875
3198.12548828125
3197.864013671875
3197.705322265625
3197.386474609375
3197.2001953125
3196.83740234375
3196.619140625
3196.183837890625
3195.914306640625
3195.376953125
3195.043212890625
3194.366943359375
3193.93505859375
3193.061767578125
3192.50146484375
3191.363525390625
3190.6220703125
3189.090576171875
3188.022216796875
3185.810546875
3184.2021484375
3181.216796875
3178.555419921875
3174.6240234375
3170.733154296875
3165.71923828125
3159.46533203125
3148.13671875
3135.38427734375
3120.5048828125
3104.054443359375
3082.541259765625
3051.84619140625
3011.267578125
2964.88134765625
3200.11279296875
3200.149658203125
3200.16357421875
3200.169189453125
3200.165283203125
3200.15869140625
3200.158935546875
3200.14501953125
3200.093994140625
3200.048095703125
3200.0185546875
3200.013916015625
3200.007080078125
3200.00927734375
3200.036865234375
3200.06298828125
3200.075439453125
3200.079345703125
3200.0791015625
3200.097900390625
3200.11474609375
3200.118896484375
3200.114501953125
3200.094970703125
3200.060302734375
3200.025390625
3199.98876953125
3199.97802734375
3199.958251953125
3199.900390625
3199.869384765625
3199.853759765625
3199.83251953125
3199.811767578125
3199.79541015625
3199.77392578125
3199.76025390625
3199.74365234375
3199.720703125
3199.705078125
3199.684326171875
3199.654052734375
3199.603515625
3199.575439453125
3199.520263671875
3199.483154296875
3199.425048828125
3199.3798828125
3199.26416015625
3199.188232421875
3199.044189453125
3198.971435546875
3198.831298828125
3198.747314453125
3198.59521484375
3198.489990234375
3198.286865234375
3198.16845703125
3197.9375
3197.7900390625
3197.4921875
3197.31103515625
3196.944580078125
3196.711181640625
3196.255859375
3195.988037109375
3195.46533203125
3195.142333984375
3194.482666015625
3194.064453125
3193.222412109375
3192.67724609375
3191.572265625
3190.846923828125
3189.361083984375
3188.32080078125
3186.164794921875
3184.600830078125
3181.678955078125
3179.10205078125
3175.246337890625
3171.484619140625
3166.54150390625
3160.42138671875
3149.137939453125
3136.22216796875
3121.028076171875
3104.107421875
3082.159912109375
3050.828369140625
3008.82958984375
2958.78369140625
3200.114501953125
3200.157470703125
3200.171142578125
3200.18212890625
3200.18603515625
3200.178466796875
3200.177001953125
3200.167236328125
3200.1162109375
3200.056884765625
3200.026611328125
3200.01806640625
3200.013427734375
3200.025146484375
3200.056884765625
3200.084228515625
3200.0966796875
3200.1005859375
3200.10107421875
3200.12158203125
3200.139892578125
3200.141845703125
3200.139404296875
3200.12158203125
3200.101806640625
3200.056396484375
3200.009765625
3199.988525390625
3199.965576171875
3199.938232421875
3199.899169921875
3199.874267578125
3199.8525390625
3199.8369140625
3199.824462890625
3199.81494140625
3199.80322265625
3199.799560546875
3199.77587890625
3199.74658203125
3199.71630859375
3199.690185546875
3199.634521484375
3199.587646484375
3199.529052734375
3199.49853515625
3199.442626953125
3199.40087890625
3199.30322265625
3199.216552734375
3199.093017578125
3199.0224609375
3198.885009765625
3198.802490234375
3198.642578125
3198.54638671875
3198.35009765625
3198.231201171875
3198.00390625
3197.866455078125
3197.583984375
3197.40625
3197.043212890625
3196.818603515625
3196.369384765625
3196.102294921875
3195.565185546875
3195.248779296875
3194.609619140625
3194.201416015625
3193.378173828125
3192.84619140625
3191.76708984375
3191.060302734375
3189.609619140625
3188.59619140625
3186.54296875
3184.91552734375
3182.1611328125
3179.5859375
3175.8798828125
3172.143310546875
3167.3994140625
3161.278564453125
3150.225830078125
3137.053955078125
3121.624755859375
3104.116455078125
3081.86328125
3049.825439453125
3006.6064453125
2952.501220703125
3200.1162109375
3200.171875
3200.20556640625
3200.21630859375
3200.207763671875
3200.192626953125
3200.19580078125
3200.18310546875
3200.1416015625
3200.059814453125
3200.029052734375
3200.028564453125
3200.036376953125
3200.05224609375
3200.085693359375
3200.10791015625
3200.12841796875
3200.130859375
3200.129150390625
3200.14111328125
3200.152099609375
3200.148681640625
3200.15234375
3200.1416015625
3200.126708984375
3200.082275390625
3200.052001953125
3200.0107421875
3199.989501953125
3199.976806640625
3199.94921875
3199.928955078125
3199.91015625
3199.88623046875
3199.856689453125
3199.842529296875
3199.835205078125
3199.837158203125
3199.8115234375
3199.757080078125
3199.721923828125
3199.693603515625
3199.657470703125
3199.630859375
3199.572265625
3199.538330078125
3199.477294921875
3199.4375
3199.35107421875
3199.27294921875
3199.15673828125
3199.069580078125
3198.93017578125
3198.84814453125
3198.68505859375
3198.59912109375
3198.407958984375
3198.289794921875
3198.0654296875
3197.929443359375
3197.649169921875
3197.468994140625
3197.10693359375
3196.888427734375
3196.44384765625
3196.179931640625
3195.65771484375
3195.34765625
3194.71728515625
3194.3212890625
3193.517822265625
3192.998046875
3191.939208984375
3191.2470703125
3189.85791015625
3188.777587890625
3186.912353515625
3185.1669921875
3182.60302734375
3180.001953125
3176.48486328125
3172.735595703125
3168.203857421875
3162.135498046875
3151.298828125
3137.90673828125
3122.230224609375
3104.13037109375
3081.55419921875
3048.929443359375
3004.559326171875
2945.775390625
3200.130615234375
3200.20947265625
3200.24462890625
3200.246826171875
3200.226318359375
3200.207763671875
3200.19970703125
3200.185546875
3200.156494140625
3200.09716796875
3200.04638671875
3200.03662109375
3200.045654296875
3200.07861328125
3200.130615234375
3200.165771484375
3200.190185546875
3200.184814453125
3200.18310546875
3200.18310546875
3200.185302734375
3200.189208984375
3200.18896484375
3200.182373046875
3200.162353515625
3200.11767578125
3200.091064453125
3200.0615234375
3200.05322265625
3200.028076171875
3199.995849609375
3199.96630859375
3199.936279296875
3199.907470703125
3199.8701171875
3199.855224609375
3199.850830078125
3199.845703125
3199.810546875
3199.77490234375
3199.7373046875
3199.710693359375
3199.695556640625
3199.66015625
3199.62939453125
3199.555908203125
3199.502197265625
3199.430419921875
3199.380126953125
3199.2705078125
3199.19140625
3199.061767578125
3198.98388671875
3198.82421875
3198.721923828125
3198.56201171875
3198.4619140625
3198.26220703125
3198.135986328125
3197.903076171875
3197.757568359375
3197.460205078125
3197.268310546875
3196.875244140625
3196.630126953125
3196.165771484375
3195.8701171875
3195.301025390625
3194.9580078125
3194.29443359375
3193.79296875
3192.954345703125
3192.2890625
3191.21630859375
3190.28564453125
3188.771484375
3187.39453125
3185.255126953125
3183.1708984375
3180.2138671875
3177.19140625
3173.193115234375
3169.091796875
3162.804931640625
3152.494140625
3138.709228515625
3122.896728515625
3104.109619140625
3081.32861328125
3048.07958984375
3002.65576171875
2938.67333984375
3200.1904296875
3200.246826171875
3200.282470703125
3200.2822265625
3200.257080078125
3200.22607421875
3200.215087890625
3200.191650390625
3200.1650390625
3200.1181640625
3200.074462890625
3200.08056640625
3200.1025390625
3200.1396484375
3200.1787109375
3200.22216796875
3200.238525390625
3200.234375
3200.220947265625
3200.2197265625
3200.227294921875
3200.2314453125
3200.232177734375
3200.22705078125
3200.2099609375
3200.174072265625
3200.15234375
3200.106689453125
3200.08056640625
3200.061767578125
3200.0263671875
3199.9765625
3199.9423828125
3199.90283203125
3199.862060546875
3199.847412109375
3199.84375
3199.83984375
3199.81005859375
3199.7841796875
3199.747314453125
3199.717041015625
3199.695068359375
3199.656982421875
3199.62646484375
3199.566162109375
3199.503173828125
3199.417236328125
3199.37451171875
3199.28759765625
3199.192138671875
3199.06689453125
3198.9833984375
3198.831298828125
3198.729736328125
3198.575439453125
3198.4716796875
3198.266357421875
3198.13525390625
3197.923828125
3197.769287109375
3197.550537109375
3197.30810546875
3196.97119140625
3196.694091796875
3196.281494140625
3195.927978515625
3195.437744140625
3194.97802734375
3194.438232421875
3193.84326171875
3193.12841796875
3192.374755859375
3191.43994140625
3190.383544921875
3189.07177734375
3187.54443359375
3185.65283203125
3183.390869140625
3180.739990234375
3177.515380859375
3173.899658203125
3169.645751953125
3163.843994140625
3153.3486328125
3139.771728515625
3123.3876953125
3104.26171875
3080.768798828125
3047.64501953125
3001.00439453125
2930.583740234375
3200.259521484375
3200.30322265625
3200.3173828125
3200.304443359375
3200.267822265625
3200.22216796875
3200.19873046875
3200.18994140625
3200.18212890625
3200.16162109375
3200.12548828125
3200.1240234375
3200.14111328125
3200.18408203125
3200.230712890625
3200.280517578125
3200.292724609375
3200.29150390625
3200.2724609375
3200.262939453125
3200.265625
3200.2646484375
3200.259033203125
3200.255126953125
3200.239501953125
3200.199462890625
3200.165771484375
3200.11669921875
3200.087158203125
3200.0634765625
3200.022705078125
3199.970458984375
3199.92919921875
3199.892333984375
3199.8701171875
3199.850341796875
3199.837646484375
3199.826904296875
3199.811767578125
3199.775390625
3199.759521484375
3199.71923828125
3199.704345703125
3199.66650390625
3199.628662109375
3199.580078125
3199.515380859375
3199.429443359375
3199.381103515625
3199.282470703125
3199.21484375
3199.083984375
3199.003173828125
3198.857666015625
3198.760009765625
3198.58154296875
3198.47998046875
3198.279052734375
3198.16064453125
3197.935791015625
3197.801513671875
3197.53369140625
3197.36376953125
3197.005615234375
3196.777099609375
3196.311767578125
3196.03125
3195.46923828125
3195.1279296875
3194.44873046875
3194.0205078125
3193.15234375
3192.590087890625
3191.4560546875
3190.6884765625
3189.089111328125
3187.955322265625
3185.643310546875
3183.9912109375
3180.72412109375
3178.3837890625
3174.04931640625
3170.66845703125
3164.127197265625
3154.8671875
3140.288818359375
3124.449462890625
3103.720703125
3081.4013671875
3046.1064453125
3000.90576171875
2923.406005859375
3200.29541015625
3200.314697265625
3200.31689453125
3200.298828125
3200.2373046875
3200.19775390625
3200.186279296875
3200.17626953125
3200.18896484375
3200.187744140625
3200.177001953125
3200.176513671875
3200.195556640625
3200.25830078125
3200.299072265625
3200.313720703125
3200.315185546875
3200.312255859375
3200.295654296875
3200.28369140625
3200.281494140625
3200.2734375
3200.278076171875
3200.26708984375
3200.2490234375
3200.19775390625
3200.13720703125
3200.08642578125
3200.057373046875
3200.038818359375
3200.001953125
3199.940673828125
3199.8984375
3199.8623046875
3199.848876953125
3199.8291015625
3199.8232421875
3199.814208984375
3199.7998046875
3199.760986328125
3199.732421875
3199.7216796875
3199.696044921875
3199.64404296875
3199.6162109375
3199.564453125
3199.513427734375
3199.4296875
3199.382080078125
3199.2919921875
3199.202392578125
3199.072265625
3199.00341796875
3198.8681640625
3198.757568359375
3198.586669921875
3198.4814453125
3198.28857421875
3198.177001953125
3197.961669921875
3197.830810546875
3197.56201171875
3197.390869140625
3197.03759765625
3196.814697265625
3196.375244140625
3196.10595703125
3195.57177734375
3195.245361328125
3194.593994140625
3194.16748046875
3193.328125
3192.77783203125
3191.67626953125
3190.926025390625
3189.37451171875
3188.2626953125
3186.020751953125
3184.41064453125
3181.258056640625
3178.98486328125
3174.745361328125
3171.604736328125
3165.163818359375
3156.224853515625
3140.05517578125
3127.07177734375
3102.57080078125
3083.72216796875
3042.726318359375
3003.526123046875
2918.107177734375
3200.3134765625
3200.320556640625
3200.314208984375
3200.2763671875
3200.216552734375
3200.179443359375
3200.1640625
3200.180419921875
3200.196533203125
3200.196533203125
3200.1962890625
3200.19482421875
3200.21484375
3200.271728515625
3200.314453125
3200.315185546875
3200.320556640625
3200.30419921875
3200.265380859375
3200.2548828125
3200.237060546875
3200.233642578125
3200.23876953125
3200.228759765625
3200.20458984375
3200.1396484375
3200.0888671875
3200.029052734375
3199.9912109375
3199.974365234375
3199.953369140625
3199.88671875
3199.838623046875
3199.8154296875
3199.8017578125
3199.794189453125
3199.7890625
3199.7734375
3199.75830078125
3199.721435546875
3199.70068359375
3199.67626953125
3199.65380859375
3199.607421875
3199.5810546875
3199.534912109375
3199.492431640625
3199.4228515625
3199.36865234375
3199.271240234375
3199.18994140625
3199.087890625
3199.0166015625
3198.8779296875
3198.791748046875
3198.621337890625
3198.523681640625
3198.35009765625
3198.247314453125
3198.060546875
3197.940185546875
3197.7109375
3197.54296875
3197.221923828125
3197.01708984375
3196.63720703125
3196.39111328125
3195.932861328125
3195.625244140625
3195.051025390625
3194.658203125
3193.9189453125
3193.400390625
3192.4140625
3191.705078125
3190.322509765625
3189.272705078125
3187.259765625
3185.734130859375
3182.902587890625
3180.73583984375
3176.9853515625
3173.888916015625
3168.2529296875
3159.25830078125
3144.502197265625
3128.47216796875
3107.53857421875
3083.658203125
3049.741455078125
3000.915771484375
2924.62646484375
3200.29296875
3200.2802734375
3200.2470703125
3200.16064453125
3200.144775390625
3200.112060546875
3200.109375
3200.095458984375
3200.125732421875
3200.13330078125
3200.13330078125
3200.12744140625
3200.11572265625
3200.16796875
3200.220458984375
3200.222412109375
3200.21435546875
3200.196044921875
3200.155517578125
3200.124267578125
3200.1181640625
3200.11328125
3200.108154296875
3200.098876953125
3200.07568359375
3200.022216796875
3199.98828125
3199.97119140625
3199.9248046875
3199.9013671875
3199.87744140625
3199.8515625
3199.800537109375
3199.797119140625
3199.793212890625
3199.781494140625
3199.766845703125
3199.75732421875
3199.7451171875
3199.7314453125
3199.724609375
3199.717529296875
3199.708984375
3199.694091796875
3199.68359375
3199.665771484375
3199.6328125
3199.588623046875
3199.547607421875
3199.4931640625
3199.456787109375
3199.40869140625
3199.36083984375
3199.3056640625
3199.23681640625
3199.164306640625
3199.1015625
3199.016357421875
3198.958984375
3198.881103515625
3198.811767578125
3198.709716796875
3198.59130859375
3198.43701171875
3198.301513671875
3198.110107421875
3197.962158203125
3197.735595703125
3197.554443359375
3197.258056640625
3197.01953125
3196.636962890625
3196.31103515625
3195.783447265625
3195.351806640625
3194.618408203125
3193.95947265625
3192.853759765625
3191.873779296875
3190.3017578125
3188.912841796875
3186.620849609375
3185.11572265625
3180.742919921875
3175.885009765625
3165.26171875
3151.635009765625
3136.102294921875
3119.296630859375
3095.254638671875
3054.359375
2977.12353515625
3002.963134765625
2969.5029296875
2930.685791015625
2885.97021484375
2839.560791015625
2789.856689453125
2742.2587890625
2696.47412109375
2642.81591796875
2587.522705078125
2546.41943359375
2504.04345703125
2442.165283203125
2391.08154296875
2368.630615234375
2337.03369140625
2280.504150390625
2235.3564453125
2219.3251953125
2209.824462890625
2181.543701171875
2138.436767578125
2120.802734375
2116.7412109375
2110.145263671875
2085.953125
2058.972412109375
2049.243408203125
2042.686279296875
2023.146240234375
1995.9224853515625
1984.7916259765625
1966.359130859375
1941.64208984375
1922.1072998046875
1902.994384765625
1879.33447265625
1856.255859375
1835.111328125
1820.0562744140625
2999.72216796875
2967.69921875
2930.30224609375
2887.4208984375
2845.688720703125
2802.359375
2755.38818359375
2708.615234375
2667.69287109375
2629.333740234375
2579.4951171875
2522.308837890625
2483.026611328125
2461.437255859375
2425.55615234375
2368.518310546875
2321.21337890625
2300.8837890625
2290.751708984375
2269.626953125
2219.552978515625
2187.044921875
2176.390869140625
2170.92236328125
2158.86376953125
2124.54052734375
2101.93505859375
2094.034423828125
2085.998291015625
2062.65869140625
2043.2252197265625
2029.2801513671875
2011.0535888671875
1995.257080078125
1975.9248046875
1955.2452392578125
1938.067626953125
1919.548095703125
1898.8099365234375
1877.916015625
2997.026123046875
2964.73486328125
2928.053955078125
2884.26513671875
2839.6259765625
2797.9296875
2755.674560546875
2706.2177734375
2660.704833984375
2625.010498046875
2579.65576171875
2522.843505859375
2485.135009765625
2463.458984375
2421.736083984375
2365.809814453125
2331.538818359375
2318.739013671875
2299.762451171875
2254.626953125
2217.027099609375
2202.1953125
2195.55712890625
2180.465087890625
2142.849365234375
2119.83349609375
2111.9306640625
2105.361083984375
2085.802734375
2054.865966796875
2041.93896484375
2033.6151123046875
2012.476318359375
1992.6282958984375
1974.9847412109375
1955.755859375
1938.5621337890625
1919.5029296875
1899.435302734375
1881.527099609375
2994.598876953125
2960.714111328125
2921.74560546875
2881.831298828125
2840.6572265625
2790.356201171875
2744.200927734375
2708.67431640625
2669.2548828125
2618.788818359375
2564.775146484375
2524.759521484375
2501.421875
2467.711669921875
2412.697998046875
2364.24169921875
2342.04931640625
2331.58251953125
2310.1123046875
2260.25341796875
2223.574951171875
2209.345458984375
2203.62158203125
2192.22314453125
2156.65673828125
2127.264892578125
2116.90625
2110.63671875
2093.571044921875
2062.724853515625
2050.268798828125
2036.88232421875
2017.295166015625
1998.78369140625
1980.213134765625
1961.5810546875
1943.580078125
1924.4615478515625
1905.4486083984375
1887.3282470703125
2991.055419921875
2958.424560546875
2917.19384765625
2870.3505859375
2833.99072265625
2794.31201171875
2738.332763671875
2690.558349609375
2662.814697265625
2624.66064453125
2563.049072265625
2513.832763671875
2492.6787109375
2468.55126953125
2418.322265625
2367.357421875
2341.702392578125
2331.5087890625
2313.439208984375
2267.61767578125
2230.5654296875
2216.093994140625
2209.717529296875
2195.90869140625
2157.81201171875
2132.313232421875
2123.670166015625
2115.347412109375
2089.48779296875
2065.11083984375
2054.322509765625
2036.1639404296875
2015.9912109375
1998.6046142578125
1980.078125
1960.3828125
1942.2364501953125
1923.5452880859375
1904.800537109375
1887.1107177734375
2986.480712890625
2952.178955078125
2914.107666015625
2868.016357421875
2820.6806640625
2780.918212890625
2739.097900390625
2690.327880859375
2650.154541015625
2611.65478515625
2559.383056640625
2515.23779296875
2492.985595703125
2463.785400390625
2412.933837890625
2368.727783203125
2349.49658203125
2339.0927734375
2314.49951171875
2267.084228515625
2237.26318359375
2226.5966796875
2219.023681640625
2197.904541015625
2158.745361328125
2138.95361328125
2131.623046875
2119.754150390625
2087.555419921875
2067.13037109375
2057.44482421875
2038.262451171875
2014.7283935546875
1997.41455078125
1981.344970703125
1960.484375
1940.6392822265625
1922.8673095703125
1904.8316650390625
1886.9346923828125
2983.729248046875
2945.113037109375
2903.162353515625
2865.175048828125
2819.947998046875
2766.4853515625
2722.78125
2687.847900390625
2650.424072265625
2600.209228515625
2545.953369140625
2512.036376953125
2494.296142578125
2460.34814453125
2408.245849609375
2368.683837890625
2352.857666015625
2342.733154296875
2316.78564453125
2270.133056640625
2242.60205078125
2232.762451171875
2224.2529296875
2199.3916015625
2160.983154296875
2142.943603515625
2135.470947265625
2120.328369140625
2086.3017578125
2069.790771484375
2055.958984375
2037.2706298828125
2014.681396484375
1994.865966796875
1979.273681640625
1959.7313232421875
1938.9747314453125
1920.3248291015625
1903.2313232421875
1885.8736572265625
2980.136962890625
2943.0263671875
2892.8359375
2850.585693359375
2816.97119140625
2763.1708984375
2708.815185546875
2678.861572265625
2645.650390625
2589.849609375
2537.071533203125
2511.458740234375
2493.63427734375
2454.743896484375
2403.532958984375
2370.132568359375
2357.71484375
2347.12255859375
2317.564208984375
2271.891357421875
2247.27392578125
2238.421875
2228.941650390625
2200.378662109375
2162.487548828125
2146.005615234375
2138.22607421875
2119.6142578125
2086.357666015625
2071.816650390625
2054.1962890625
2034.6622314453125
2015.910400390625
1994.41552734375
1975.337890625
1957.8060302734375
1938.4815673828125
1918.6441650390625
1900.9862060546875
1883.9356689453125
2972.174072265625
2936.743408203125
2892.3681640625
2840.68408203125
2797.9521484375
2758.126953125
2704.88134765625
2666.015625
2635.77392578125
2584.9931640625
2532.124755859375
2506.913818359375
2489.867431640625
2452.6474609375
2404.01220703125
2373.13134765625
2361.533447265625
2350.45654296875
2319.22119140625
2275.307861328125
2252.34423828125
2243.7470703125
2232.834716796875
2200.36669921875
2164.475830078125
2150.109619140625
2141.3349609375
2116.760498046875
2087.155517578125
2074.312255859375
2052.771728515625
2032.1021728515625
2015.8028564453125
1994.3812255859375
1973.1199951171875
1955.2713623046875
1936.7822265625
1916.3446044921875
1898.501708984375
1882.0235595703125
2968.75341796875
2922.83935546875
2881.40478515625
2844.252197265625
2791.48828125
2735.888427734375
2697.799560546875
2664.41455078125
2624.978271484375
2573.846435546875
2528.66455078125
2506.701904296875
2486.85498046875
2447.1982421875
2403.173583984375
2378.237060546875
2368.29931640625
2354.145263671875
2315.929931640625
2277.4345703125
2259.433349609375
2251.213134765625
2235.71435546875
2195.6201171875
2166.797119140625
2156.291748046875
2144.418212890625
2111.4150390625
2088.821044921875
2075.48291015625
2052.14306640625
2030.6744384765625
2013.7913818359375
1993.032470703125
1971.67578125
1952.8392333984375
1934.57373046875
1914.634765625
1896.5596923828125
1880.0869140625
2966.97265625
2920.268798828125
2861.159912109375
2829.18310546875
2797.4404296875
2733.33984375
2675.212646484375
2650.55029296875
2625.767822265625
2569.634765625
2521.28076171875
2501.6474609375
2485.73876953125
2448.85400390625
2405.16650390625
2380.522705078125
2370.5791015625
2356.513671875
2318.679931640625
2280.857177734375
2263.3759765625
2254.6953125
2236.793701171875
2195.356201171875
2169.231201171875
2159.489990234375
2144.44384765625
2109.091064453125
2090.26220703125
2075.965576171875
2050.384765625
2028.6763916015625
2013.098388671875
1991.6319580078125
1969.274169921875
1951.005615234375
1932.905517578125
1912.3724365234375
1894.4073486328125
1878.328369140625
2959.28564453125
2919.258544921875
2857.021728515625
2803.241455078125
2779.339111328125
2741.0380859375
2672.799072265625
2626.927978515625
2608.919677734375
2573.085693359375
2521.137939453125
2495.614013671875
2481.5615234375
2450.250732421875
2408.375732421875
2383.5380859375
2373.287109375
2358.323486328125
2319.6728515625
2283.818603515625
2267.820068359375
2258.386474609375
2235.982421875
2194.60107421875
2172.12939453125
2162.66796875
2142.986083984375
2107.8642578125
2091.466796875
2075.288818359375
2049.27197265625
2027.6046142578125
2011.501708984375
1990.199951171875
1967.66162109375
1949.2132568359375
1931.0819091796875
1910.4835205078125
1892.478271484375
1876.769775390625
2949.19775390625
2910.540771484375
2857.804443359375
2792.708740234375
2752.1435546875
2729.779541015625
2679.78857421875
2617.215576171875
2591
2568.40283203125
2522.5986328125
2493.27978515625
2478.755615234375
2449.22021484375
2410.653076171875
2387.403564453125
2376.936767578125
2358.68505859375
2318.240478515625
2286.1904296875
2272.42236328125
2261.515625
2232.642822265625
2193.35986328125
2174.791015625
2164.95654296875
2140.775390625
2105.7705078125
2091.272216796875
2074.877685546875
2047.5052490234375
2025.713134765625
2010.1011962890625
1988.6483154296875
1965.53662109375
1947.096923828125
1928.955810546875
1908.269287109375
1890.4373779296875
1875.1387939453125
2940.457763671875
2896.675048828125
2853.63330078125
2792.31298828125
2733.354736328125
2707.8486328125
2679.3291015625
2617.190185546875
2579.96240234375
2559.996337890625
2522.22509765625
2494.006103515625
2478.183837890625
2448.79248046875
2412.233154296875
2390.907958984375
2380.083740234375
2358.46044921875
2317.927001953125
2288.2451171875
2275.75439453125
2263.373291015625
2230.236083984375
2192.826416015625
2176.249755859375
2165.955322265625
2138.702880859375
2105.319091796875
2090.625732421875
2073.36865234375
2047.351806640625
2024.1009521484375
2007.3492431640625
1987.81640625
1964.6478271484375
1944.5565185546875
1926.889404296875
1907.095947265625
1888.8734130859375
1873.696044921875
2933.922607421875
2881.969970703125
2843.0146484375
2792.977294921875
2724.7265625
2687.08251953125
2667.06884765625
2620.80126953125
2575.7412109375
2552.05419921875
2520.85302734375
2495.999755859375
2478.517822265625
2447.9111328125
2413.320068359375
2394.355712890625
2382.873291015625
2357.78857421875
2317.452880859375
2290.112548828125
2278.5986328125
2264.428955078125
2227.6181640625
2192.66015625
2178.1513671875
2166.720458984375
2135.149658203125
2106.013671875
2091.230712890625
2070.610107421875
2046.34033203125
2024.5037841796875
2005.076904296875
1985.55908203125
1964.2193603515625
1943.26123046875
1924.7113037109375
1905.4827880859375
1887.7037353515625
1872.7889404296875
2928.556640625
2868.675048828125
2828.24169921875
2790.93798828125
2722.34228515625
2671.581298828125
2652.95751953125
2618.648681640625
2575.715576171875
2547.332275390625
2519.357177734375
2498.345947265625
2479.390380859375
2447.2666015625
2415.113525390625
2398.764892578125
2385.628662109375
2355.654052734375
2317.00830078125
2293.547119140625
2282.756591796875
2264.02392578125
2223.537353515625
2194.08154296875
2182.25048828125
2167.08740234375
2130.654052734375
2107.220703125
2092.54833984375
2069.129638671875
2044.189697265625
2024.664306640625
2004.9095458984375
1983.421875
1963.055419921875
1942.6492919921875
1923.2298583984375
1903.929931640625
1886.796630859375
1872.4776611328125
2924.06591796875
2857.61279296875
2811.2763671875
2782.81494140625
2723.91796875
2662.303466796875
2639.6376953125
2612.44140625
2577.16064453125
2546.1103515625
2517.7392578125
2498.924560546875
2480.563720703125
2448.58154296875
2417.010498046875
2401.038818359375
2386.409423828125
2354.473388671875
2317.671875
2296.671875
2285.191162109375
2261.06884765625
2221.205078125
2197.9072265625
2185.9169921875
2161.900390625
2130.925048828125
2108.16650390625
2091.7294921875
2068.95751953125
2042.6890869140625
2022.940673828125
2004.9434814453125
1982.5347900390625
1961.2037353515625
1941.5989990234375
1922.398193359375
1902.54736328125
1885.965087890625
1872.73779296875
2918.6552734375
2850.461181640625
2795.308837890625
2769.8212890625
2724.254638671875
2656.205810546875
2625.363525390625
2608.991455078125
2579.93505859375
2543.712646484375
2515.620361328125
2501.007080078125
2482.574951171875
2448.97802734375
2417.971435546875
2402.9404296875
2387.380126953125
2353.751220703125
2318.145263671875
2299.447509765625
2286.799560546875
2256.423828125
2222.28759765625
2202.669921875
2183.830078125
2159.91455078125
2132.00732421875
2108.36279296875
2090.21337890625
2068.237548828125
2042.8521728515625
2022.0389404296875
2003.853759765625
1982.3997802734375
1960.4248046875
1940.22509765625
1921.893798828125
1901.9464111328125
1885.346923828125
1873.765869140625
2910.673828125
2842.9033203125
2783.835693359375
2757.869140625
2718.7958984375
2652.326171875
2614.8203125
2602.935791015625
2583.762451171875
2544.43505859375
2513.537841796875
2499.514404296875
2485.297607421875
2453.269775390625
2418.4091796875
2400.055908203125
2387.2705078125
2358.6806640625
2319.658935546875
2296.407470703125
2284.81494140625
2260.724853515625
2222.815185546875
2200.593505859375
2184.46875
2160.00048828125
2130.967041015625
2109.037353515625
2090.412841796875
2066.480224609375
2042.0640869140625
2022.6278076171875
2003.12744140625
1980.9888916015625
1959.745849609375
1939.794921875
1920.843994140625
1901.1846923828125
1884.8258056640625
1875.683349609375
2902.504150390625
2835.1279296875
2772.194580078125
2744.67236328125
2714.53759765625
2651.0703125
2607.6162109375
2594.360107421875
2582.75244140625
2550.211181640625
2513.908203125
2495.71826171875
2484.3662109375
2460.640625
2421.380859375
2395.431884765625
2383.587890625
2364.791015625
2324.808349609375
2292.68994140625
2279.078857421875
2264.925048828125
2228.15283203125
2194.960693359375
2182.168212890625
2162.917236328125
2130.420166015625
2108.60205078125
2090.98486328125
2065.784912109375
2041.5921630859375
2022.6072998046875
2002.4398193359375
1980.1441650390625
1959.4228515625
1939.3223876953125
1920.203857421875
1900.70068359375
1885.1768798828125
1879.34375
2893.9521484375
2826.751220703125
2762.508056640625
2733.6201171875
2707.68359375
2648.565185546875
2603.828369140625
2588.761962890625
2580.051513671875
2556.625244140625
2516.5322265625
2492.62890625
2481.45166015625
2465.2041015625
2427.1044921875
2393.532470703125
2378.44775390625
2365.20361328125
2331.93212890625
2292.701416015625
2274.947021484375
2263.030517578125
2231.929931640625
2195.963134765625
2181.926025390625
2161.6513671875
2130.369384765625
2109.0380859375
2090.582275390625
2065.119140625
2041.35888671875
2022.48486328125
2001.7906494140625
1979.63818359375
1959.1688232421875
1939.0633544921875
1919.5682373046875
1900.3248291015625
1886.069091796875
1884.1126708984375
2885.144287109375
2818.72216796875
2753.570068359375
2722.33544921875
2700.666015625
2647.22998046875
2601.8671875
2584.772216796875
2577.238037109375
2560.619873046875
2520.44140625
2491.61767578125
2478.617431640625
2465.767333984375
2433.340087890625
2394.076904296875
2374.803955078125
2363.35595703125
2336.98046875
2294.36474609375
2272.837890625
2261.39990234375
2233.4912109375
2197.164794921875
2182.09423828125
2161.64697265625
2129.95849609375
2109.31689453125
2090.770751953125
2065.419677734375
2041.1416015625
2022.69287109375
2001.8515625
1980.2593994140625
1959.307373046875
1939.2725830078125
1919.9195556640625
1901.4154052734375
1888.395263671875
1890.389892578125
2876.4658203125
2810.582763671875
2745.694580078125
2713.189453125
2693.375244140625
2645.068359375
2601.53271484375
2582.94189453125
2575.474365234375
2562.131591796875
2525.3095703125
2492.1953125
2476.953369140625
2465.488525390625
2437.778564453125
2395.899658203125
2373.39404296875
2362.35546875
2339.339111328125
2296.183837890625
2273.0341796875
2261.310546875
2233.056640625
2199.603271484375
2182.464599609375
2162.911865234375
2130.369140625
2110.0615234375
2091.49951171875
2067.71630859375
2041.8421630859375
2025.09228515625
2004.207763671875
1983.883056640625
1961.9837646484375
1943.9791259765625
1924.3292236328125
1908.2171630859375
1897.0955810546875
1902.513916015625
2866.476806640625
2803.634765625
2740.15185546875
2705.578369140625
2685.3740234375
2642.292236328125
2603.171142578125
2584.264404296875
2576.14306640625
2563.40087890625
2528.025146484375
2493.858642578125
2477.9599609375
2466.70263671875
2439.66748046875
2397.3125
2374.59130859375
2363.623291015625
2340.39013671875
2298.188720703125
2276.274658203125
2264.14404296875
2234.5576171875
2204.444091796875
2185.58349609375
2167.826171875
2137.167724609375
2117.242431640625
2098.076416015625
2078.471923828125
2053.051513671875
2038.2408447265625
2017.7093505859375
2001.755126953125
1980.0477294921875
1966.6544189453125
1947.581298828125
1938.88037109375
1932.5706787109375
1936.1322021484375
2855.17236328125
2796.15380859375
2738.284423828125
2701.7001953125
2680.357666015625
2641.730712890625
2607.166259765625
2588.182373046875
2579.358642578125
2567.1337890625
2533.2607421875
2498.949462890625
2482.959228515625
2471.7099609375
2444.188720703125
2403.83740234375
2382.945556640625
2372.26611328125
2347.07666015625
2310.023193359375
2292.663818359375
2277.989501953125
2250.206298828125
2226.151611328125
2209.60205078125
2193.003662109375
2169.208984375
2152.6484375
2137.7001953125
2122.589599609375
2104.15966796875
2092.843505859375
2078.642333984375
2067.990234375
2053.55029296875
2045.7274169921875
2034.2523193359375
2036.6551513671875
2044.823486328125
2029.3782958984375
2847.5537109375
2790.83056640625
2741.250244140625
2703.003662109375
2680.23046875
2651.23095703125
2623.694580078125
2604.704833984375
2595.756591796875
2583.725341796875
2551.291259765625
2523.40625
2512.095947265625
2500.038818359375
2469.15673828125
2443.501953125
2432.295166015625
2416.691650390625
2393.273193359375
2373.454345703125
2360.23291015625
2347.06982421875
2329.4404296875
2313.842041015625
2303.4482421875
2292.926513671875
2279.045166015625
2269.1357421875
2261.43310546875
2252.9765625
2243.388427734375
2237.76953125
2231.224365234375
2226.068603515625
2219.39501953125
2216.79833984375
2212.99365234375
2224.640380859375
2247.52783203125
2220.88525390625
2852.334228515625
2804.921142578125
2767.45556640625
2733.9052734375
2711.650390625
2698.320068359375
2683.55322265625
2671.829345703125
2668.02392578125
2658.030029296875
2638.969482421875
2625.98974609375
2619.76806640625
2609.6201171875
2592.742919921875
2579.395263671875
2572.56787109375
2563.885498046875
2550.787353515625
2539.407470703125
2533.07421875
2526.274169921875
2516.21533203125
2507.959228515625
2503.528076171875
2497.894287109375
2490.60009765625
2485.9912109375
2482.896728515625
2478.502685546875
2474.236083984375
2472.0986328125
2469.794677734375
2467.611328125
2465.43701171875
2466.841064453125
2463.35693359375
2481.53857421875
2512.626220703125
2509.032958984375
2930.330810546875
2895.084228515625
2905.314697265625
2894.671630859375
2882.066650390625
2903.08544921875
2917.595947265625
2928.966064453125
2939.734375
2947.1982421875
2948.530029296875
2948.5830078125
2950.0546875
2951.739013671875
2949.109130859375
2943.220458984375
2942.775634765625
2943.296142578125
2938.78515625
2933.44970703125
2933.396484375
2933.462158203125
2928.54443359375
2925.880126953125
2926.479248046875
2925.142578125
2922.281982421875
2921.805908203125
2922.2041015625
2921.090087890625
2920.492919921875
2920.928955078125
2921.578857421875
2921.964111328125
2922.74853515625
2924.62548828125
2923.639892578125
2932.6572265625
2971.760498046875
2990.774658203125
)
;

boundaryField
{
    inlet
    {
        type            fixedValue;
        value           uniform 3200;
    }
    outlet
    {
        type            zeroGradient;
    }
    fluid_to_graphite
    {
        type            fixedValue;
        value           uniform 893.836;
    }
    wedgeBack
    {
        type            wedge;
    }
    wedgeFront
    {
        type            wedge;
    }
    defaultFaces
    {
        type            empty;
    }
}


                                                                               
