/*--------------------------------*- C++ -*----------------------------------*\
  =========                 |
  \\      /  F ield         | OpenFOAM: The Open Source CFD Toolbox
   \\    /   O peration     | Website:  https://openfoam.org
    \\  /    A nd           | Version:  10
     \\/     M anipulation  |
\*---------------------------------------------------------------------------*/
FoamFile
{
    format      ascii;
    class       labelList;
    note        "nPoints:18645  nCells:9184  nFaces:36792  nInternalFaces:18148";
    location    "constant/fluid/polyMesh";
    object      neighbour;
}
// * * * * * * * * * * * * * * * * * * * * * * * * * * * * * * * * * * * * * //


18148
(
1
4592
2
4593
3
4594
4
4595
5
4596
6
4597
7
4598
8
4599
9
4600
10
4601
11
4602
12
4603
13
4604
14
4605
15
4606
16
4607
17
4608
18
4609
19
4610
20
4611
21
4612
22
4613
23
4614
24
4615
25
4616
26
4617
27
4618
28
4619
29
4620
30
4621
31
4622
896
4623
33
4592
4624
34
4593
4625
35
4594
4626
36
4595
4627
37
4596
4628
38
4597
4629
39
4598
4630
40
4599
4631
41
4600
4632
42
4601
4633
43
4602
4634
44
4603
4635
45
4604
4636
46
4605
4637
47
4606
4638
48
4607
4639
49
4608
4640
50
4609
4641
51
4610
4642
52
4611
4643
53
4612
4644
54
4613
4645
55
4614
4646
56
4615
4647
57
4616
4648
58
4617
4649
59
4618
4650
60
4619
4651
61
4620
4652
62
4621
4653
63
4622
4654
988
4623
4655
65
4624
4656
66
4625
4657
67
4626
4658
68
4627
4659
69
4628
4660
70
4629
4661
71
4630
4662
72
4631
4663
73
4632
4664
74
4633
4665
75
4634
4666
76
4635
4667
77
4636
4668
78
4637
4669
79
4638
4670
80
4639
4671
81
4640
4672
82
4641
4673
83
4642
4674
84
4643
4675
85
4644
4676
86
4645
4677
87
4646
4678
88
4647
4679
89
4648
4680
90
4649
4681
91
4650
4682
92
4651
4683
93
4652
4684
94
4653
4685
95
4654
4686
1080
4655
4687
97
4656
4688
98
4657
4689
99
4658
4690
100
4659
4691
101
4660
4692
102
4661
4693
103
4662
4694
104
4663
4695
105
4664
4696
106
4665
4697
107
4666
4698
108
4667
4699
109
4668
4700
110
4669
4701
111
4670
4702
112
4671
4703
113
4672
4704
114
4673
4705
115
4674
4706
116
4675
4707
117
4676
4708
118
4677
4709
119
4678
4710
120
4679
4711
121
4680
4712
122
4681
4713
123
4682
4714
124
4683
4715
125
4684
4716
126
4685
4717
127
4686
4718
1172
4687
4719
129
4688
4720
130
4689
4721
131
4690
4722
132
4691
4723
133
4692
4724
134
4693
4725
135
4694
4726
136
4695
4727
137
4696
4728
138
4697
4729
139
4698
4730
140
4699
4731
141
4700
4732
142
4701
4733
143
4702
4734
144
4703
4735
145
4704
4736
146
4705
4737
147
4706
4738
148
4707
4739
149
4708
4740
150
4709
4741
151
4710
4742
152
4711
4743
153
4712
4744
154
4713
4745
155
4714
4746
156
4715
4747
157
4716
4748
158
4717
4749
159
4718
4750
1264
4719
4751
161
4720
4752
162
4721
4753
163
4722
4754
164
4723
4755
165
4724
4756
166
4725
4757
167
4726
4758
168
4727
4759
169
4728
4760
170
4729
4761
171
4730
4762
172
4731
4763
173
4732
4764
174
4733
4765
175
4734
4766
176
4735
4767
177
4736
4768
178
4737
4769
179
4738
4770
180
4739
4771
181
4740
4772
182
4741
4773
183
4742
4774
184
4743
4775
185
4744
4776
186
4745
4777
187
4746
4778
188
4747
4779
189
4748
4780
190
4749
4781
191
4750
4782
1356
4751
4783
193
4752
4784
194
4753
4785
195
4754
4786
196
4755
4787
197
4756
4788
198
4757
4789
199
4758
4790
200
4759
4791
201
4760
4792
202
4761
4793
203
4762
4794
204
4763
4795
205
4764
4796
206
4765
4797
207
4766
4798
208
4767
4799
209
4768
4800
210
4769
4801
211
4770
4802
212
4771
4803
213
4772
4804
214
4773
4805
215
4774
4806
216
4775
4807
217
4776
4808
218
4777
4809
219
4778
4810
220
4779
4811
221
4780
4812
222
4781
4813
223
4782
4814
1448
4783
4815
225
4784
4816
226
4785
4817
227
4786
4818
228
4787
4819
229
4788
4820
230
4789
4821
231
4790
4822
232
4791
4823
233
4792
4824
234
4793
4825
235
4794
4826
236
4795
4827
237
4796
4828
238
4797
4829
239
4798
4830
240
4799
4831
241
4800
4832
242
4801
4833
243
4802
4834
244
4803
4835
245
4804
4836
246
4805
4837
247
4806
4838
248
4807
4839
249
4808
4840
250
4809
4841
251
4810
4842
252
4811
4843
253
4812
4844
254
4813
4845
255
4814
4846
1540
4815
4847
257
4816
4848
258
4817
4849
259
4818
4850
260
4819
4851
261
4820
4852
262
4821
4853
263
4822
4854
264
4823
4855
265
4824
4856
266
4825
4857
267
4826
4858
268
4827
4859
269
4828
4860
270
4829
4861
271
4830
4862
272
4831
4863
273
4832
4864
274
4833
4865
275
4834
4866
276
4835
4867
277
4836
4868
278
4837
4869
279
4838
4870
280
4839
4871
281
4840
4872
282
4841
4873
283
4842
4874
284
4843
4875
285
4844
4876
286
4845
4877
287
4846
4878
1632
4847
4879
289
4848
4880
290
4849
4881
291
4850
4882
292
4851
4883
293
4852
4884
294
4853
4885
295
4854
4886
296
4855
4887
297
4856
4888
298
4857
4889
299
4858
4890
300
4859
4891
301
4860
4892
302
4861
4893
303
4862
4894
304
4863
4895
305
4864
4896
306
4865
4897
307
4866
4898
308
4867
4899
309
4868
4900
310
4869
4901
311
4870
4902
312
4871
4903
313
4872
4904
314
4873
4905
315
4874
4906
316
4875
4907
317
4876
4908
318
4877
4909
319
4878
4910
1724
4879
4911
321
4880
4912
322
4881
4913
323
4882
4914
324
4883
4915
325
4884
4916
326
4885
4917
327
4886
4918
328
4887
4919
329
4888
4920
330
4889
4921
331
4890
4922
332
4891
4923
333
4892
4924
334
4893
4925
335
4894
4926
336
4895
4927
337
4896
4928
338
4897
4929
339
4898
4930
340
4899
4931
341
4900
4932
342
4901
4933
343
4902
4934
344
4903
4935
345
4904
4936
346
4905
4937
347
4906
4938
348
4907
4939
349
4908
4940
350
4909
4941
351
4910
4942
1816
4911
4943
353
4912
4944
354
4913
4945
355
4914
4946
356
4915
4947
357
4916
4948
358
4917
4949
359
4918
4950
360
4919
4951
361
4920
4952
362
4921
4953
363
4922
4954
364
4923
4955
365
4924
4956
366
4925
4957
367
4926
4958
368
4927
4959
369
4928
4960
370
4929
4961
371
4930
4962
372
4931
4963
373
4932
4964
374
4933
4965
375
4934
4966
376
4935
4967
377
4936
4968
378
4937
4969
379
4938
4970
380
4939
4971
381
4940
4972
382
4941
4973
383
4942
4974
1908
4943
4975
385
4944
4976
386
4945
4977
387
4946
4978
388
4947
4979
389
4948
4980
390
4949
4981
391
4950
4982
392
4951
4983
393
4952
4984
394
4953
4985
395
4954
4986
396
4955
4987
397
4956
4988
398
4957
4989
399
4958
4990
400
4959
4991
401
4960
4992
402
4961
4993
403
4962
4994
404
4963
4995
405
4964
4996
406
4965
4997
407
4966
4998
408
4967
4999
409
4968
5000
410
4969
5001
411
4970
5002
412
4971
5003
413
4972
5004
414
4973
5005
415
4974
5006
2000
4975
5007
417
4976
5008
418
4977
5009
419
4978
5010
420
4979
5011
421
4980
5012
422
4981
5013
423
4982
5014
424
4983
5015
425
4984
5016
426
4985
5017
427
4986
5018
428
4987
5019
429
4988
5020
430
4989
5021
431
4990
5022
432
4991
5023
433
4992
5024
434
4993
5025
435
4994
5026
436
4995
5027
437
4996
5028
438
4997
5029
439
4998
5030
440
4999
5031
441
5000
5032
442
5001
5033
443
5002
5034
444
5003
5035
445
5004
5036
446
5005
5037
447
5006
5038
2092
5007
5039
449
5008
5040
450
5009
5041
451
5010
5042
452
5011
5043
453
5012
5044
454
5013
5045
455
5014
5046
456
5015
5047
457
5016
5048
458
5017
5049
459
5018
5050
460
5019
5051
461
5020
5052
462
5021
5053
463
5022
5054
464
5023
5055
465
5024
5056
466
5025
5057
467
5026
5058
468
5027
5059
469
5028
5060
470
5029
5061
471
5030
5062
472
5031
5063
473
5032
5064
474
5033
5065
475
5034
5066
476
5035
5067
477
5036
5068
478
5037
5069
479
5038
5070
2184
5039
5071
481
5040
5072
482
5041
5073
483
5042
5074
484
5043
5075
485
5044
5076
486
5045
5077
487
5046
5078
488
5047
5079
489
5048
5080
490
5049
5081
491
5050
5082
492
5051
5083
493
5052
5084
494
5053
5085
495
5054
5086
496
5055
5087
497
5056
5088
498
5057
5089
499
5058
5090
500
5059
5091
501
5060
5092
502
5061
5093
503
5062
5094
504
5063
5095
505
5064
5096
506
5065
5097
507
5066
5098
508
5067
5099
509
5068
5100
510
5069
5101
511
5070
5102
2276
5071
5103
513
5072
5104
514
5073
5105
515
5074
5106
516
5075
5107
517
5076
5108
518
5077
5109
519
5078
5110
520
5079
5111
521
5080
5112
522
5081
5113
523
5082
5114
524
5083
5115
525
5084
5116
526
5085
5117
527
5086
5118
528
5087
5119
529
5088
5120
530
5089
5121
531
5090
5122
532
5091
5123
533
5092
5124
534
5093
5125
535
5094
5126
536
5095
5127
537
5096
5128
538
5097
5129
539
5098
5130
540
5099
5131
541
5100
5132
542
5101
5133
543
5102
5134
2368
5103
5135
545
5104
5136
546
5105
5137
547
5106
5138
548
5107
5139
549
5108
5140
550
5109
5141
551
5110
5142
552
5111
5143
553
5112
5144
554
5113
5145
555
5114
5146
556
5115
5147
557
5116
5148
558
5117
5149
559
5118
5150
560
5119
5151
561
5120
5152
562
5121
5153
563
5122
5154
564
5123
5155
565
5124
5156
566
5125
5157
567
5126
5158
568
5127
5159
569
5128
5160
570
5129
5161
571
5130
5162
572
5131
5163
573
5132
5164
574
5133
5165
575
5134
5166
2460
5135
5167
577
5136
5168
578
5137
5169
579
5138
5170
580
5139
5171
581
5140
5172
582
5141
5173
583
5142
5174
584
5143
5175
585
5144
5176
586
5145
5177
587
5146
5178
588
5147
5179
589
5148
5180
590
5149
5181
591
5150
5182
592
5151
5183
593
5152
5184
594
5153
5185
595
5154
5186
596
5155
5187
597
5156
5188
598
5157
5189
599
5158
5190
600
5159
5191
601
5160
5192
602
5161
5193
603
5162
5194
604
5163
5195
605
5164
5196
606
5165
5197
607
5166
5198
2552
5167
5199
609
5168
5200
610
5169
5201
611
5170
5202
612
5171
5203
613
5172
5204
614
5173
5205
615
5174
5206
616
5175
5207
617
5176
5208
618
5177
5209
619
5178
5210
620
5179
5211
621
5180
5212
622
5181
5213
623
5182
5214
624
5183
5215
625
5184
5216
626
5185
5217
627
5186
5218
628
5187
5219
629
5188
5220
630
5189
5221
631
5190
5222
632
5191
5223
633
5192
5224
634
5193
5225
635
5194
5226
636
5195
5227
637
5196
5228
638
5197
5229
639
5198
5230
2644
5199
5231
641
5200
5232
642
5201
5233
643
5202
5234
644
5203
5235
645
5204
5236
646
5205
5237
647
5206
5238
648
5207
5239
649
5208
5240
650
5209
5241
651
5210
5242
652
5211
5243
653
5212
5244
654
5213
5245
655
5214
5246
656
5215
5247
657
5216
5248
658
5217
5249
659
5218
5250
660
5219
5251
661
5220
5252
662
5221
5253
663
5222
5254
664
5223
5255
665
5224
5256
666
5225
5257
667
5226
5258
668
5227
5259
669
5228
5260
670
5229
5261
671
5230
5262
2736
5231
5263
673
5232
5264
674
5233
5265
675
5234
5266
676
5235
5267
677
5236
5268
678
5237
5269
679
5238
5270
680
5239
5271
681
5240
5272
682
5241
5273
683
5242
5274
684
5243
5275
685
5244
5276
686
5245
5277
687
5246
5278
688
5247
5279
689
5248
5280
690
5249
5281
691
5250
5282
692
5251
5283
693
5252
5284
694
5253
5285
695
5254
5286
696
5255
5287
697
5256
5288
698
5257
5289
699
5258
5290
700
5259
5291
701
5260
5292
702
5261
5293
703
5262
5294
2828
5263
5295
705
5264
5296
706
5265
5297
707
5266
5298
708
5267
5299
709
5268
5300
710
5269
5301
711
5270
5302
712
5271
5303
713
5272
5304
714
5273
5305
715
5274
5306
716
5275
5307
717
5276
5308
718
5277
5309
719
5278
5310
720
5279
5311
721
5280
5312
722
5281
5313
723
5282
5314
724
5283
5315
725
5284
5316
726
5285
5317
727
5286
5318
728
5287
5319
729
5288
5320
730
5289
5321
731
5290
5322
732
5291
5323
733
5292
5324
734
5293
5325
735
5294
5326
2920
5295
5327
737
5296
5328
738
5297
5329
739
5298
5330
740
5299
5331
741
5300
5332
742
5301
5333
743
5302
5334
744
5303
5335
745
5304
5336
746
5305
5337
747
5306
5338
748
5307
5339
749
5308
5340
750
5309
5341
751
5310
5342
752
5311
5343
753
5312
5344
754
5313
5345
755
5314
5346
756
5315
5347
757
5316
5348
758
5317
5349
759
5318
5350
760
5319
5351
761
5320
5352
762
5321
5353
763
5322
5354
764
5323
5355
765
5324
5356
766
5325
5357
767
5326
5358
3012
5327
5359
769
5328
5360
770
5329
5361
771
5330
5362
772
5331
5363
773
5332
5364
774
5333
5365
775
5334
5366
776
5335
5367
777
5336
5368
778
5337
5369
779
5338
5370
780
5339
5371
781
5340
5372
782
5341
5373
783
5342
5374
784
5343
5375
785
5344
5376
786
5345
5377
787
5346
5378
788
5347
5379
789
5348
5380
790
5349
5381
791
5350
5382
792
5351
5383
793
5352
5384
794
5353
5385
795
5354
5386
796
5355
5387
797
5356
5388
798
5357
5389
799
5358
5390
3104
5359
5391
801
5360
5392
802
5361
5393
803
5362
5394
804
5363
5395
805
5364
5396
806
5365
5397
807
5366
5398
808
5367
5399
809
5368
5400
810
5369
5401
811
5370
5402
812
5371
5403
813
5372
5404
814
5373
5405
815
5374
5406
816
5375
5407
817
5376
5408
818
5377
5409
819
5378
5410
820
5379
5411
821
5380
5412
822
5381
5413
823
5382
5414
824
5383
5415
825
5384
5416
826
5385
5417
827
5386
5418
828
5387
5419
829
5388
5420
830
5389
5421
831
5390
5422
3196
5391
5423
833
5392
5424
834
5393
5425
835
5394
5426
836
5395
5427
837
5396
5428
838
5397
5429
839
5398
5430
840
5399
5431
841
5400
5432
842
5401
5433
843
5402
5434
844
5403
5435
845
5404
5436
846
5405
5437
847
5406
5438
848
5407
5439
849
5408
5440
850
5409
5441
851
5410
5442
852
5411
5443
853
5412
5444
854
5413
5445
855
5414
5446
856
5415
5447
857
5416
5448
858
5417
5449
859
5418
5450
860
5419
5451
861
5420
5452
862
5421
5453
863
5422
5454
3288
5423
5455
865
5424
5456
866
5425
5457
867
5426
5458
868
5427
5459
869
5428
5460
870
5429
5461
871
5430
5462
872
5431
5463
873
5432
5464
874
5433
5465
875
5434
5466
876
5435
5467
877
5436
5468
878
5437
5469
879
5438
5470
880
5439
5471
881
5440
5472
882
5441
5473
883
5442
5474
884
5443
5475
885
5444
5476
886
5445
5477
887
5446
5478
888
5447
5479
889
5448
5480
890
5449
5481
891
5450
5482
892
5451
5483
893
5452
5484
894
5453
5485
895
5454
5486
3380
5455
5487
897
5488
898
9118
899
5489
900
9119
901
5490
902
9120
903
5491
904
9121
905
5492
906
9122
907
5493
908
9123
909
5494
910
9124
911
5495
912
9125
913
5496
914
9126
915
5497
916
9127
917
5498
918
9128
919
5499
920
9129
921
5500
922
9130
923
5501
924
9131
925
5502
926
9132
927
5503
928
9133
929
5504
930
9134
931
5505
932
9135
933
5506
934
9136
935
5507
936
9137
937
5508
938
9138
939
5509
940
9139
941
5510
942
9140
943
5511
944
9141
945
5512
946
9142
947
5513
948
9143
949
5514
950
9144
951
5515
952
9145
953
5516
954
9146
955
5517
956
9147
957
5518
958
9148
959
5519
960
9149
961
5520
962
9150
963
5521
964
9151
965
5522
966
9152
967
5523
968
9153
969
5524
970
9154
971
5525
972
9155
973
5526
974
9156
975
5527
976
9157
977
5528
978
9158
979
5529
980
9159
981
5530
982
9160
983
5531
984
9161
985
5532
986
9162
987
5533
3472
9163
989
5488
5534
990
5535
9118
991
5489
5536
992
5537
9119
993
5490
5538
994
5539
9120
995
5491
5540
996
5541
9121
997
5492
5542
998
5543
9122
999
5493
5544
1000
5545
9123
1001
5494
5546
1002
5547
9124
1003
5495
5548
1004
5549
9125
1005
5496
5550
1006
5551
9126
1007
5497
5552
1008
5553
9127
1009
5498
5554
1010
5555
9128
1011
5499
5556
1012
5557
9129
1013
5500
5558
1014
5559
9130
1015
5501
5560
1016
5561
9131
1017
5502
5562
1018
5563
9132
1019
5503
5564
1020
5565
9133
1021
5504
5566
1022
5567
9134
1023
5505
5568
1024
5569
9135
1025
5506
5570
1026
5571
9136
1027
5507
5572
1028
5573
9137
1029
5508
5574
1030
5575
9138
1031
5509
5576
1032
5577
9139
1033
5510
5578
1034
5579
9140
1035
5511
5580
1036
5581
9141
1037
5512
5582
1038
5583
9142
1039
5513
5584
1040
5585
9143
1041
5514
5586
1042
5587
9144
1043
5515
5588
1044
5589
9145
1045
5516
5590
1046
5591
9146
1047
5517
5592
1048
5593
9147
1049
5518
5594
1050
5595
9148
1051
5519
5596
1052
5597
9149
1053
5520
5598
1054
5599
9150
1055
5521
5600
1056
5601
9151
1057
5522
5602
1058
5603
9152
1059
5523
5604
1060
5605
9153
1061
5524
5606
1062
5607
9154
1063
5525
5608
1064
5609
9155
1065
5526
5610
1066
5611
9156
1067
5527
5612
1068
5613
9157
1069
5528
5614
1070
5615
9158
1071
5529
5616
1072
5617
9159
1073
5530
5618
1074
5619
9160
1075
5531
5620
1076
5621
9161
1077
5532
5622
1078
5623
9162
1079
5533
5624
3512
5625
9163
1081
5534
5626
1082
5535
5627
1083
5536
5628
1084
5537
5629
1085
5538
5630
1086
5539
5631
1087
5540
5632
1088
5541
5633
1089
5542
5634
1090
5543
5635
1091
5544
5636
1092
5545
5637
1093
5546
5638
1094
5547
5639
1095
5548
5640
1096
5549
5641
1097
5550
5642
1098
5551
5643
1099
5552
5644
1100
5553
5645
1101
5554
5646
1102
5555
5647
1103
5556
5648
1104
5557
5649
1105
5558
5650
1106
5559
5651
1107
5560
5652
1108
5561
5653
1109
5562
5654
1110
5563
5655
1111
5564
5656
1112
5565
5657
1113
5566
5658
1114
5567
5659
1115
5568
5660
1116
5569
5661
1117
5570
5662
1118
5571
5663
1119
5572
5664
1120
5573
5665
1121
5574
5666
1122
5575
5667
1123
5576
5668
1124
5577
5669
1125
5578
5670
1126
5579
5671
1127
5580
5672
1128
5581
5673
1129
5582
5674
1130
5583
5675
1131
5584
5676
1132
5585
5677
1133
5586
5678
1134
5587
5679
1135
5588
5680
1136
5589
5681
1137
5590
5682
1138
5591
5683
1139
5592
5684
1140
5593
5685
1141
5594
5686
1142
5595
5687
1143
5596
5688
1144
5597
5689
1145
5598
5690
1146
5599
5691
1147
5600
5692
1148
5601
5693
1149
5602
5694
1150
5603
5695
1151
5604
5696
1152
5605
5697
1153
5606
5698
1154
5607
5699
1155
5608
5700
1156
5609
5701
1157
5610
5702
1158
5611
5703
1159
5612
5704
1160
5613
5705
1161
5614
5706
1162
5615
5707
1163
5616
5708
1164
5617
5709
1165
5618
5710
1166
5619
5711
1167
5620
5712
1168
5621
5713
1169
5622
5714
1170
5623
5715
1171
5624
5716
3552
5625
5717
1173
5626
5718
1174
5627
5719
1175
5628
5720
1176
5629
5721
1177
5630
5722
1178
5631
5723
1179
5632
5724
1180
5633
5725
1181
5634
5726
1182
5635
5727
1183
5636
5728
1184
5637
5729
1185
5638
5730
1186
5639
5731
1187
5640
5732
1188
5641
5733
1189
5642
5734
1190
5643
5735
1191
5644
5736
1192
5645
5737
1193
5646
5738
1194
5647
5739
1195
5648
5740
1196
5649
5741
1197
5650
5742
1198
5651
5743
1199
5652
5744
1200
5653
5745
1201
5654
5746
1202
5655
5747
1203
5656
5748
1204
5657
5749
1205
5658
5750
1206
5659
5751
1207
5660
5752
1208
5661
5753
1209
5662
5754
1210
5663
5755
1211
5664
5756
1212
5665
5757
1213
5666
5758
1214
5667
5759
1215
5668
5760
1216
5669
5761
1217
5670
5762
1218
5671
5763
1219
5672
5764
1220
5673
5765
1221
5674
5766
1222
5675
5767
1223
5676
5768
1224
5677
5769
1225
5678
5770
1226
5679
5771
1227
5680
5772
1228
5681
5773
1229
5682
5774
1230
5683
5775
1231
5684
5776
1232
5685
5777
1233
5686
5778
1234
5687
5779
1235
5688
5780
1236
5689
5781
1237
5690
5782
1238
5691
5783
1239
5692
5784
1240
5693
5785
1241
5694
5786
1242
5695
5787
1243
5696
5788
1244
5697
5789
1245
5698
5790
1246
5699
5791
1247
5700
5792
1248
5701
5793
1249
5702
5794
1250
5703
5795
1251
5704
5796
1252
5705
5797
1253
5706
5798
1254
5707
5799
1255
5708
5800
1256
5709
5801
1257
5710
5802
1258
5711
5803
1259
5712
5804
1260
5713
5805
1261
5714
5806
1262
5715
5807
1263
5716
5808
3592
5717
5809
1265
5718
5810
1266
5719
5811
1267
5720
5812
1268
5721
5813
1269
5722
5814
1270
5723
5815
1271
5724
5816
1272
5725
5817
1273
5726
5818
1274
5727
5819
1275
5728
5820
1276
5729
5821
1277
5730
5822
1278
5731
5823
1279
5732
5824
1280
5733
5825
1281
5734
5826
1282
5735
5827
1283
5736
5828
1284
5737
5829
1285
5738
5830
1286
5739
5831
1287
5740
5832
1288
5741
5833
1289
5742
5834
1290
5743
5835
1291
5744
5836
1292
5745
5837
1293
5746
5838
1294
5747
5839
1295
5748
5840
1296
5749
5841
1297
5750
5842
1298
5751
5843
1299
5752
5844
1300
5753
5845
1301
5754
5846
1302
5755
5847
1303
5756
5848
1304
5757
5849
1305
5758
5850
1306
5759
5851
1307
5760
5852
1308
5761
5853
1309
5762
5854
1310
5763
5855
1311
5764
5856
1312
5765
5857
1313
5766
5858
1314
5767
5859
1315
5768
5860
1316
5769
5861
1317
5770
5862
1318
5771
5863
1319
5772
5864
1320
5773
5865
1321
5774
5866
1322
5775
5867
1323
5776
5868
1324
5777
5869
1325
5778
5870
1326
5779
5871
1327
5780
5872
1328
5781
5873
1329
5782
5874
1330
5783
5875
1331
5784
5876
1332
5785
5877
1333
5786
5878
1334
5787
5879
1335
5788
5880
1336
5789
5881
1337
5790
5882
1338
5791
5883
1339
5792
5884
1340
5793
5885
1341
5794
5886
1342
5795
5887
1343
5796
5888
1344
5797
5889
1345
5798
5890
1346
5799
5891
1347
5800
5892
1348
5801
5893
1349
5802
5894
1350
5803
5895
1351
5804
5896
1352
5805
5897
1353
5806
5898
1354
5807
5899
1355
5808
5900
3632
5809
5901
1357
5810
5902
1358
5811
5903
1359
5812
5904
1360
5813
5905
1361
5814
5906
1362
5815
5907
1363
5816
5908
1364
5817
5909
1365
5818
5910
1366
5819
5911
1367
5820
5912
1368
5821
5913
1369
5822
5914
1370
5823
5915
1371
5824
5916
1372
5825
5917
1373
5826
5918
1374
5827
5919
1375
5828
5920
1376
5829
5921
1377
5830
5922
1378
5831
5923
1379
5832
5924
1380
5833
5925
1381
5834
5926
1382
5835
5927
1383
5836
5928
1384
5837
5929
1385
5838
5930
1386
5839
5931
1387
5840
5932
1388
5841
5933
1389
5842
5934
1390
5843
5935
1391
5844
5936
1392
5845
5937
1393
5846
5938
1394
5847
5939
1395
5848
5940
1396
5849
5941
1397
5850
5942
1398
5851
5943
1399
5852
5944
1400
5853
5945
1401
5854
5946
1402
5855
5947
1403
5856
5948
1404
5857
5949
1405
5858
5950
1406
5859
5951
1407
5860
5952
1408
5861
5953
1409
5862
5954
1410
5863
5955
1411
5864
5956
1412
5865
5957
1413
5866
5958
1414
5867
5959
1415
5868
5960
1416
5869
5961
1417
5870
5962
1418
5871
5963
1419
5872
5964
1420
5873
5965
1421
5874
5966
1422
5875
5967
1423
5876
5968
1424
5877
5969
1425
5878
5970
1426
5879
5971
1427
5880
5972
1428
5881
5973
1429
5882
5974
1430
5883
5975
1431
5884
5976
1432
5885
5977
1433
5886
5978
1434
5887
5979
1435
5888
5980
1436
5889
5981
1437
5890
5982
1438
5891
5983
1439
5892
5984
1440
5893
5985
1441
5894
5986
1442
5895
5987
1443
5896
5988
1444
5897
5989
1445
5898
5990
1446
5899
5991
1447
5900
5992
3672
5901
5993
1449
5902
5994
1450
5903
5995
1451
5904
5996
1452
5905
5997
1453
5906
5998
1454
5907
5999
1455
5908
6000
1456
5909
6001
1457
5910
6002
1458
5911
6003
1459
5912
6004
1460
5913
6005
1461
5914
6006
1462
5915
6007
1463
5916
6008
1464
5917
6009
1465
5918
6010
1466
5919
6011
1467
5920
6012
1468
5921
6013
1469
5922
6014
1470
5923
6015
1471
5924
6016
1472
5925
6017
1473
5926
6018
1474
5927
6019
1475
5928
6020
1476
5929
6021
1477
5930
6022
1478
5931
6023
1479
5932
6024
1480
5933
6025
1481
5934
6026
1482
5935
6027
1483
5936
6028
1484
5937
6029
1485
5938
6030
1486
5939
6031
1487
5940
6032
1488
5941
6033
1489
5942
6034
1490
5943
6035
1491
5944
6036
1492
5945
6037
1493
5946
6038
1494
5947
6039
1495
5948
6040
1496
5949
6041
1497
5950
6042
1498
5951
6043
1499
5952
6044
1500
5953
6045
1501
5954
6046
1502
5955
6047
1503
5956
6048
1504
5957
6049
1505
5958
6050
1506
5959
6051
1507
5960
6052
1508
5961
6053
1509
5962
6054
1510
5963
6055
1511
5964
6056
1512
5965
6057
1513
5966
6058
1514
5967
6059
1515
5968
6060
1516
5969
6061
1517
5970
6062
1518
5971
6063
1519
5972
6064
1520
5973
6065
1521
5974
6066
1522
5975
6067
1523
5976
6068
1524
5977
6069
1525
5978
6070
1526
5979
6071
1527
5980
6072
1528
5981
6073
1529
5982
6074
1530
5983
6075
1531
5984
6076
1532
5985
6077
1533
5986
6078
1534
5987
6079
1535
5988
6080
1536
5989
6081
1537
5990
6082
1538
5991
6083
1539
5992
6084
3712
5993
6085
1541
5994
6086
1542
5995
6087
1543
5996
6088
1544
5997
6089
1545
5998
6090
1546
5999
6091
1547
6000
6092
1548
6001
6093
1549
6002
6094
1550
6003
6095
1551
6004
6096
1552
6005
6097
1553
6006
6098
1554
6007
6099
1555
6008
6100
1556
6009
6101
1557
6010
6102
1558
6011
6103
1559
6012
6104
1560
6013
6105
1561
6014
6106
1562
6015
6107
1563
6016
6108
1564
6017
6109
1565
6018
6110
1566
6019
6111
1567
6020
6112
1568
6021
6113
1569
6022
6114
1570
6023
6115
1571
6024
6116
1572
6025
6117
1573
6026
6118
1574
6027
6119
1575
6028
6120
1576
6029
6121
1577
6030
6122
1578
6031
6123
1579
6032
6124
1580
6033
6125
1581
6034
6126
1582
6035
6127
1583
6036
6128
1584
6037
6129
1585
6038
6130
1586
6039
6131
1587
6040
6132
1588
6041
6133
1589
6042
6134
1590
6043
6135
1591
6044
6136
1592
6045
6137
1593
6046
6138
1594
6047
6139
1595
6048
6140
1596
6049
6141
1597
6050
6142
1598
6051
6143
1599
6052
6144
1600
6053
6145
1601
6054
6146
1602
6055
6147
1603
6056
6148
1604
6057
6149
1605
6058
6150
1606
6059
6151
1607
6060
6152
1608
6061
6153
1609
6062
6154
1610
6063
6155
1611
6064
6156
1612
6065
6157
1613
6066
6158
1614
6067
6159
1615
6068
6160
1616
6069
6161
1617
6070
6162
1618
6071
6163
1619
6072
6164
1620
6073
6165
1621
6074
6166
1622
6075
6167
1623
6076
6168
1624
6077
6169
1625
6078
6170
1626
6079
6171
1627
6080
6172
1628
6081
6173
1629
6082
6174
1630
6083
6175
1631
6084
6176
3752
6085
6177
1633
6086
6178
1634
6087
6179
1635
6088
6180
1636
6089
6181
1637
6090
6182
1638
6091
6183
1639
6092
6184
1640
6093
6185
1641
6094
6186
1642
6095
6187
1643
6096
6188
1644
6097
6189
1645
6098
6190
1646
6099
6191
1647
6100
6192
1648
6101
6193
1649
6102
6194
1650
6103
6195
1651
6104
6196
1652
6105
6197
1653
6106
6198
1654
6107
6199
1655
6108
6200
1656
6109
6201
1657
6110
6202
1658
6111
6203
1659
6112
6204
1660
6113
6205
1661
6114
6206
1662
6115
6207
1663
6116
6208
1664
6117
6209
1665
6118
6210
1666
6119
6211
1667
6120
6212
1668
6121
6213
1669
6122
6214
1670
6123
6215
1671
6124
6216
1672
6125
6217
1673
6126
6218
1674
6127
6219
1675
6128
6220
1676
6129
6221
1677
6130
6222
1678
6131
6223
1679
6132
6224
1680
6133
6225
1681
6134
6226
1682
6135
6227
1683
6136
6228
1684
6137
6229
1685
6138
6230
1686
6139
6231
1687
6140
6232
1688
6141
6233
1689
6142
6234
1690
6143
6235
1691
6144
6236
1692
6145
6237
1693
6146
6238
1694
6147
6239
1695
6148
6240
1696
6149
6241
1697
6150
6242
1698
6151
6243
1699
6152
6244
1700
6153
6245
1701
6154
6246
1702
6155
6247
1703
6156
6248
1704
6157
6249
1705
6158
6250
1706
6159
6251
1707
6160
6252
1708
6161
6253
1709
6162
6254
1710
6163
6255
1711
6164
6256
1712
6165
6257
1713
6166
6258
1714
6167
6259
1715
6168
6260
1716
6169
6261
1717
6170
6262
1718
6171
6263
1719
6172
6264
1720
6173
6265
1721
6174
6266
1722
6175
6267
1723
6176
6268
3792
6177
6269
1725
6178
6270
1726
6179
6271
1727
6180
6272
1728
6181
6273
1729
6182
6274
1730
6183
6275
1731
6184
6276
1732
6185
6277
1733
6186
6278
1734
6187
6279
1735
6188
6280
1736
6189
6281
1737
6190
6282
1738
6191
6283
1739
6192
6284
1740
6193
6285
1741
6194
6286
1742
6195
6287
1743
6196
6288
1744
6197
6289
1745
6198
6290
1746
6199
6291
1747
6200
6292
1748
6201
6293
1749
6202
6294
1750
6203
6295
1751
6204
6296
1752
6205
6297
1753
6206
6298
1754
6207
6299
1755
6208
6300
1756
6209
6301
1757
6210
6302
1758
6211
6303
1759
6212
6304
1760
6213
6305
1761
6214
6306
1762
6215
6307
1763
6216
6308
1764
6217
6309
1765
6218
6310
1766
6219
6311
1767
6220
6312
1768
6221
6313
1769
6222
6314
1770
6223
6315
1771
6224
6316
1772
6225
6317
1773
6226
6318
1774
6227
6319
1775
6228
6320
1776
6229
6321
1777
6230
6322
1778
6231
6323
1779
6232
6324
1780
6233
6325
1781
6234
6326
1782
6235
6327
1783
6236
6328
1784
6237
6329
1785
6238
6330
1786
6239
6331
1787
6240
6332
1788
6241
6333
1789
6242
6334
1790
6243
6335
1791
6244
6336
1792
6245
6337
1793
6246
6338
1794
6247
6339
1795
6248
6340
1796
6249
6341
1797
6250
6342
1798
6251
6343
1799
6252
6344
1800
6253
6345
1801
6254
6346
1802
6255
6347
1803
6256
6348
1804
6257
6349
1805
6258
6350
1806
6259
6351
1807
6260
6352
1808
6261
6353
1809
6262
6354
1810
6263
6355
1811
6264
6356
1812
6265
6357
1813
6266
6358
1814
6267
6359
1815
6268
6360
3832
6269
6361
1817
6270
6362
1818
6271
6363
1819
6272
6364
1820
6273
6365
1821
6274
6366
1822
6275
6367
1823
6276
6368
1824
6277
6369
1825
6278
6370
1826
6279
6371
1827
6280
6372
1828
6281
6373
1829
6282
6374
1830
6283
6375
1831
6284
6376
1832
6285
6377
1833
6286
6378
1834
6287
6379
1835
6288
6380
1836
6289
6381
1837
6290
6382
1838
6291
6383
1839
6292
6384
1840
6293
6385
1841
6294
6386
1842
6295
6387
1843
6296
6388
1844
6297
6389
1845
6298
6390
1846
6299
6391
1847
6300
6392
1848
6301
6393
1849
6302
6394
1850
6303
6395
1851
6304
6396
1852
6305
6397
1853
6306
6398
1854
6307
6399
1855
6308
6400
1856
6309
6401
1857
6310
6402
1858
6311
6403
1859
6312
6404
1860
6313
6405
1861
6314
6406
1862
6315
6407
1863
6316
6408
1864
6317
6409
1865
6318
6410
1866
6319
6411
1867
6320
6412
1868
6321
6413
1869
6322
6414
1870
6323
6415
1871
6324
6416
1872
6325
6417
1873
6326
6418
1874
6327
6419
1875
6328
6420
1876
6329
6421
1877
6330
6422
1878
6331
6423
1879
6332
6424
1880
6333
6425
1881
6334
6426
1882
6335
6427
1883
6336
6428
1884
6337
6429
1885
6338
6430
1886
6339
6431
1887
6340
6432
1888
6341
6433
1889
6342
6434
1890
6343
6435
1891
6344
6436
1892
6345
6437
1893
6346
6438
1894
6347
6439
1895
6348
6440
1896
6349
6441
1897
6350
6442
1898
6351
6443
1899
6352
6444
1900
6353
6445
1901
6354
6446
1902
6355
6447
1903
6356
6448
1904
6357
6449
1905
6358
6450
1906
6359
6451
1907
6360
6452
3872
6361
6453
1909
6362
6454
1910
6363
6455
1911
6364
6456
1912
6365
6457
1913
6366
6458
1914
6367
6459
1915
6368
6460
1916
6369
6461
1917
6370
6462
1918
6371
6463
1919
6372
6464
1920
6373
6465
1921
6374
6466
1922
6375
6467
1923
6376
6468
1924
6377
6469
1925
6378
6470
1926
6379
6471
1927
6380
6472
1928
6381
6473
1929
6382
6474
1930
6383
6475
1931
6384
6476
1932
6385
6477
1933
6386
6478
1934
6387
6479
1935
6388
6480
1936
6389
6481
1937
6390
6482
1938
6391
6483
1939
6392
6484
1940
6393
6485
1941
6394
6486
1942
6395
6487
1943
6396
6488
1944
6397
6489
1945
6398
6490
1946
6399
6491
1947
6400
6492
1948
6401
6493
1949
6402
6494
1950
6403
6495
1951
6404
6496
1952
6405
6497
1953
6406
6498
1954
6407
6499
1955
6408
6500
1956
6409
6501
1957
6410
6502
1958
6411
6503
1959
6412
6504
1960
6413
6505
1961
6414
6506
1962
6415
6507
1963
6416
6508
1964
6417
6509
1965
6418
6510
1966
6419
6511
1967
6420
6512
1968
6421
6513
1969
6422
6514
1970
6423
6515
1971
6424
6516
1972
6425
6517
1973
6426
6518
1974
6427
6519
1975
6428
6520
1976
6429
6521
1977
6430
6522
1978
6431
6523
1979
6432
6524
1980
6433
6525
1981
6434
6526
1982
6435
6527
1983
6436
6528
1984
6437
6529
1985
6438
6530
1986
6439
6531
1987
6440
6532
1988
6441
6533
1989
6442
6534
1990
6443
6535
1991
6444
6536
1992
6445
6537
1993
6446
6538
1994
6447
6539
1995
6448
6540
1996
6449
6541
1997
6450
6542
1998
6451
6543
1999
6452
6544
3912
6453
6545
2001
6454
6546
2002
6455
6547
2003
6456
6548
2004
6457
6549
2005
6458
6550
2006
6459
6551
2007
6460
6552
2008
6461
6553
2009
6462
6554
2010
6463
6555
2011
6464
6556
2012
6465
6557
2013
6466
6558
2014
6467
6559
2015
6468
6560
2016
6469
6561
2017
6470
6562
2018
6471
6563
2019
6472
6564
2020
6473
6565
2021
6474
6566
2022
6475
6567
2023
6476
6568
2024
6477
6569
2025
6478
6570
2026
6479
6571
2027
6480
6572
2028
6481
6573
2029
6482
6574
2030
6483
6575
2031
6484
6576
2032
6485
6577
2033
6486
6578
2034
6487
6579
2035
6488
6580
2036
6489
6581
2037
6490
6582
2038
6491
6583
2039
6492
6584
2040
6493
6585
2041
6494
6586
2042
6495
6587
2043
6496
6588
2044
6497
6589
2045
6498
6590
2046
6499
6591
2047
6500
6592
2048
6501
6593
2049
6502
6594
2050
6503
6595
2051
6504
6596
2052
6505
6597
2053
6506
6598
2054
6507
6599
2055
6508
6600
2056
6509
6601
2057
6510
6602
2058
6511
6603
2059
6512
6604
2060
6513
6605
2061
6514
6606
2062
6515
6607
2063
6516
6608
2064
6517
6609
2065
6518
6610
2066
6519
6611
2067
6520
6612
2068
6521
6613
2069
6522
6614
2070
6523
6615
2071
6524
6616
2072
6525
6617
2073
6526
6618
2074
6527
6619
2075
6528
6620
2076
6529
6621
2077
6530
6622
2078
6531
6623
2079
6532
6624
2080
6533
6625
2081
6534
6626
2082
6535
6627
2083
6536
6628
2084
6537
6629
2085
6538
6630
2086
6539
6631
2087
6540
6632
2088
6541
6633
2089
6542
6634
2090
6543
6635
2091
6544
6636
3952
6545
6637
2093
6546
6638
2094
6547
6639
2095
6548
6640
2096
6549
6641
2097
6550
6642
2098
6551
6643
2099
6552
6644
2100
6553
6645
2101
6554
6646
2102
6555
6647
2103
6556
6648
2104
6557
6649
2105
6558
6650
2106
6559
6651
2107
6560
6652
2108
6561
6653
2109
6562
6654
2110
6563
6655
2111
6564
6656
2112
6565
6657
2113
6566
6658
2114
6567
6659
2115
6568
6660
2116
6569
6661
2117
6570
6662
2118
6571
6663
2119
6572
6664
2120
6573
6665
2121
6574
6666
2122
6575
6667
2123
6576
6668
2124
6577
6669
2125
6578
6670
2126
6579
6671
2127
6580
6672
2128
6581
6673
2129
6582
6674
2130
6583
6675
2131
6584
6676
2132
6585
6677
2133
6586
6678
2134
6587
6679
2135
6588
6680
2136
6589
6681
2137
6590
6682
2138
6591
6683
2139
6592
6684
2140
6593
6685
2141
6594
6686
2142
6595
6687
2143
6596
6688
2144
6597
6689
2145
6598
6690
2146
6599
6691
2147
6600
6692
2148
6601
6693
2149
6602
6694
2150
6603
6695
2151
6604
6696
2152
6605
6697
2153
6606
6698
2154
6607
6699
2155
6608
6700
2156
6609
6701
2157
6610
6702
2158
6611
6703
2159
6612
6704
2160
6613
6705
2161
6614
6706
2162
6615
6707
2163
6616
6708
2164
6617
6709
2165
6618
6710
2166
6619
6711
2167
6620
6712
2168
6621
6713
2169
6622
6714
2170
6623
6715
2171
6624
6716
2172
6625
6717
2173
6626
6718
2174
6627
6719
2175
6628
6720
2176
6629
6721
2177
6630
6722
2178
6631
6723
2179
6632
6724
2180
6633
6725
2181
6634
6726
2182
6635
6727
2183
6636
6728
3992
6637
6729
2185
6638
6730
2186
6639
6731
2187
6640
6732
2188
6641
6733
2189
6642
6734
2190
6643
6735
2191
6644
6736
2192
6645
6737
2193
6646
6738
2194
6647
6739
2195
6648
6740
2196
6649
6741
2197
6650
6742
2198
6651
6743
2199
6652
6744
2200
6653
6745
2201
6654
6746
2202
6655
6747
2203
6656
6748
2204
6657
6749
2205
6658
6750
2206
6659
6751
2207
6660
6752
2208
6661
6753
2209
6662
6754
2210
6663
6755
2211
6664
6756
2212
6665
6757
2213
6666
6758
2214
6667
6759
2215
6668
6760
2216
6669
6761
2217
6670
6762
2218
6671
6763
2219
6672
6764
2220
6673
6765
2221
6674
6766
2222
6675
6767
2223
6676
6768
2224
6677
6769
2225
6678
6770
2226
6679
6771
2227
6680
6772
2228
6681
6773
2229
6682
6774
2230
6683
6775
2231
6684
6776
2232
6685
6777
2233
6686
6778
2234
6687
6779
2235
6688
6780
2236
6689
6781
2237
6690
6782
2238
6691
6783
2239
6692
6784
2240
6693
6785
2241
6694
6786
2242
6695
6787
2243
6696
6788
2244
6697
6789
2245
6698
6790
2246
6699
6791
2247
6700
6792
2248
6701
6793
2249
6702
6794
2250
6703
6795
2251
6704
6796
2252
6705
6797
2253
6706
6798
2254
6707
6799
2255
6708
6800
2256
6709
6801
2257
6710
6802
2258
6711
6803
2259
6712
6804
2260
6713
6805
2261
6714
6806
2262
6715
6807
2263
6716
6808
2264
6717
6809
2265
6718
6810
2266
6719
6811
2267
6720
6812
2268
6721
6813
2269
6722
6814
2270
6723
6815
2271
6724
6816
2272
6725
6817
2273
6726
6818
2274
6727
6819
2275
6728
6820
4032
6729
6821
2277
6730
6822
2278
6731
6823
2279
6732
6824
2280
6733
6825
2281
6734
6826
2282
6735
6827
2283
6736
6828
2284
6737
6829
2285
6738
6830
2286
6739
6831
2287
6740
6832
2288
6741
6833
2289
6742
6834
2290
6743
6835
2291
6744
6836
2292
6745
6837
2293
6746
6838
2294
6747
6839
2295
6748
6840
2296
6749
6841
2297
6750
6842
2298
6751
6843
2299
6752
6844
2300
6753
6845
2301
6754
6846
2302
6755
6847
2303
6756
6848
2304
6757
6849
2305
6758
6850
2306
6759
6851
2307
6760
6852
2308
6761
6853
2309
6762
6854
2310
6763
6855
2311
6764
6856
2312
6765
6857
2313
6766
6858
2314
6767
6859
2315
6768
6860
2316
6769
6861
2317
6770
6862
2318
6771
6863
2319
6772
6864
2320
6773
6865
2321
6774
6866
2322
6775
6867
2323
6776
6868
2324
6777
6869
2325
6778
6870
2326
6779
6871
2327
6780
6872
2328
6781
6873
2329
6782
6874
2330
6783
6875
2331
6784
6876
2332
6785
6877
2333
6786
6878
2334
6787
6879
2335
6788
6880
2336
6789
6881
2337
6790
6882
2338
6791
6883
2339
6792
6884
2340
6793
6885
2341
6794
6886
2342
6795
6887
2343
6796
6888
2344
6797
6889
2345
6798
6890
2346
6799
6891
2347
6800
6892
2348
6801
6893
2349
6802
6894
2350
6803
6895
2351
6804
6896
2352
6805
6897
2353
6806
6898
2354
6807
6899
2355
6808
6900
2356
6809
6901
2357
6810
6902
2358
6811
6903
2359
6812
6904
2360
6813
6905
2361
6814
6906
2362
6815
6907
2363
6816
6908
2364
6817
6909
2365
6818
6910
2366
6819
6911
2367
6820
6912
4072
6821
6913
2369
6822
6914
2370
6823
6915
2371
6824
6916
2372
6825
6917
2373
6826
6918
2374
6827
6919
2375
6828
6920
2376
6829
6921
2377
6830
6922
2378
6831
6923
2379
6832
6924
2380
6833
6925
2381
6834
6926
2382
6835
6927
2383
6836
6928
2384
6837
6929
2385
6838
6930
2386
6839
6931
2387
6840
6932
2388
6841
6933
2389
6842
6934
2390
6843
6935
2391
6844
6936
2392
6845
6937
2393
6846
6938
2394
6847
6939
2395
6848
6940
2396
6849
6941
2397
6850
6942
2398
6851
6943
2399
6852
6944
2400
6853
6945
2401
6854
6946
2402
6855
6947
2403
6856
6948
2404
6857
6949
2405
6858
6950
2406
6859
6951
2407
6860
6952
2408
6861
6953
2409
6862
6954
2410
6863
6955
2411
6864
6956
2412
6865
6957
2413
6866
6958
2414
6867
6959
2415
6868
6960
2416
6869
6961
2417
6870
6962
2418
6871
6963
2419
6872
6964
2420
6873
6965
2421
6874
6966
2422
6875
6967
2423
6876
6968
2424
6877
6969
2425
6878
6970
2426
6879
6971
2427
6880
6972
2428
6881
6973
2429
6882
6974
2430
6883
6975
2431
6884
6976
2432
6885
6977
2433
6886
6978
2434
6887
6979
2435
6888
6980
2436
6889
6981
2437
6890
6982
2438
6891
6983
2439
6892
6984
2440
6893
6985
2441
6894
6986
2442
6895
6987
2443
6896
6988
2444
6897
6989
2445
6898
6990
2446
6899
6991
2447
6900
6992
2448
6901
6993
2449
6902
6994
2450
6903
6995
2451
6904
6996
2452
6905
6997
2453
6906
6998
2454
6907
6999
2455
6908
7000
2456
6909
7001
2457
6910
7002
2458
6911
7003
2459
6912
7004
4112
6913
7005
2461
6914
7006
2462
6915
7007
2463
6916
7008
2464
6917
7009
2465
6918
7010
2466
6919
7011
2467
6920
7012
2468
6921
7013
2469
6922
7014
2470
6923
7015
2471
6924
7016
2472
6925
7017
2473
6926
7018
2474
6927
7019
2475
6928
7020
2476
6929
7021
2477
6930
7022
2478
6931
7023
2479
6932
7024
2480
6933
7025
2481
6934
7026
2482
6935
7027
2483
6936
7028
2484
6937
7029
2485
6938
7030
2486
6939
7031
2487
6940
7032
2488
6941
7033
2489
6942
7034
2490
6943
7035
2491
6944
7036
2492
6945
7037
2493
6946
7038
2494
6947
7039
2495
6948
7040
2496
6949
7041
2497
6950
7042
2498
6951
7043
2499
6952
7044
2500
6953
7045
2501
6954
7046
2502
6955
7047
2503
6956
7048
2504
6957
7049
2505
6958
7050
2506
6959
7051
2507
6960
7052
2508
6961
7053
2509
6962
7054
2510
6963
7055
2511
6964
7056
2512
6965
7057
2513
6966
7058
2514
6967
7059
2515
6968
7060
2516
6969
7061
2517
6970
7062
2518
6971
7063
2519
6972
7064
2520
6973
7065
2521
6974
7066
2522
6975
7067
2523
6976
7068
2524
6977
7069
2525
6978
7070
2526
6979
7071
2527
6980
7072
2528
6981
7073
2529
6982
7074
2530
6983
7075
2531
6984
7076
2532
6985
7077
2533
6986
7078
2534
6987
7079
2535
6988
7080
2536
6989
7081
2537
6990
7082
2538
6991
7083
2539
6992
7084
2540
6993
7085
2541
6994
7086
2542
6995
7087
2543
6996
7088
2544
6997
7089
2545
6998
7090
2546
6999
7091
2547
7000
7092
2548
7001
7093
2549
7002
7094
2550
7003
7095
2551
7004
7096
4152
7005
7097
2553
7006
7098
2554
7007
7099
2555
7008
7100
2556
7009
7101
2557
7010
7102
2558
7011
7103
2559
7012
7104
2560
7013
7105
2561
7014
7106
2562
7015
7107
2563
7016
7108
2564
7017
7109
2565
7018
7110
2566
7019
7111
2567
7020
7112
2568
7021
7113
2569
7022
7114
2570
7023
7115
2571
7024
7116
2572
7025
7117
2573
7026
7118
2574
7027
7119
2575
7028
7120
2576
7029
7121
2577
7030
7122
2578
7031
7123
2579
7032
7124
2580
7033
7125
2581
7034
7126
2582
7035
7127
2583
7036
7128
2584
7037
7129
2585
7038
7130
2586
7039
7131
2587
7040
7132
2588
7041
7133
2589
7042
7134
2590
7043
7135
2591
7044
7136
2592
7045
7137
2593
7046
7138
2594
7047
7139
2595
7048
7140
2596
7049
7141
2597
7050
7142
2598
7051
7143
2599
7052
7144
2600
7053
7145
2601
7054
7146
2602
7055
7147
2603
7056
7148
2604
7057
7149
2605
7058
7150
2606
7059
7151
2607
7060
7152
2608
7061
7153
2609
7062
7154
2610
7063
7155
2611
7064
7156
2612
7065
7157
2613
7066
7158
2614
7067
7159
2615
7068
7160
2616
7069
7161
2617
7070
7162
2618
7071
7163
2619
7072
7164
2620
7073
7165
2621
7074
7166
2622
7075
7167
2623
7076
7168
2624
7077
7169
2625
7078
7170
2626
7079
7171
2627
7080
7172
2628
7081
7173
2629
7082
7174
2630
7083
7175
2631
7084
7176
2632
7085
7177
2633
7086
7178
2634
7087
7179
2635
7088
7180
2636
7089
7181
2637
7090
7182
2638
7091
7183
2639
7092
7184
2640
7093
7185
2641
7094
7186
2642
7095
7187
2643
7096
7188
4192
7097
7189
2645
7098
7190
2646
7099
7191
2647
7100
7192
2648
7101
7193
2649
7102
7194
2650
7103
7195
2651
7104
7196
2652
7105
7197
2653
7106
7198
2654
7107
7199
2655
7108
7200
2656
7109
7201
2657
7110
7202
2658
7111
7203
2659
7112
7204
2660
7113
7205
2661
7114
7206
2662
7115
7207
2663
7116
7208
2664
7117
7209
2665
7118
7210
2666
7119
7211
2667
7120
7212
2668
7121
7213
2669
7122
7214
2670
7123
7215
2671
7124
7216
2672
7125
7217
2673
7126
7218
2674
7127
7219
2675
7128
7220
2676
7129
7221
2677
7130
7222
2678
7131
7223
2679
7132
7224
2680
7133
7225
2681
7134
7226
2682
7135
7227
2683
7136
7228
2684
7137
7229
2685
7138
7230
2686
7139
7231
2687
7140
7232
2688
7141
7233
2689
7142
7234
2690
7143
7235
2691
7144
7236
2692
7145
7237
2693
7146
7238
2694
7147
7239
2695
7148
7240
2696
7149
7241
2697
7150
7242
2698
7151
7243
2699
7152
7244
2700
7153
7245
2701
7154
7246
2702
7155
7247
2703
7156
7248
2704
7157
7249
2705
7158
7250
2706
7159
7251
2707
7160
7252
2708
7161
7253
2709
7162
7254
2710
7163
7255
2711
7164
7256
2712
7165
7257
2713
7166
7258
2714
7167
7259
2715
7168
7260
2716
7169
7261
2717
7170
7262
2718
7171
7263
2719
7172
7264
2720
7173
7265
2721
7174
7266
2722
7175
7267
2723
7176
7268
2724
7177
7269
2725
7178
7270
2726
7179
7271
2727
7180
7272
2728
7181
7273
2729
7182
7274
2730
7183
7275
2731
7184
7276
2732
7185
7277
2733
7186
7278
2734
7187
7279
2735
7188
7280
4232
7189
7281
2737
7190
7282
2738
7191
7283
2739
7192
7284
2740
7193
7285
2741
7194
7286
2742
7195
7287
2743
7196
7288
2744
7197
7289
2745
7198
7290
2746
7199
7291
2747
7200
7292
2748
7201
7293
2749
7202
7294
2750
7203
7295
2751
7204
7296
2752
7205
7297
2753
7206
7298
2754
7207
7299
2755
7208
7300
2756
7209
7301
2757
7210
7302
2758
7211
7303
2759
7212
7304
2760
7213
7305
2761
7214
7306
2762
7215
7307
2763
7216
7308
2764
7217
7309
2765
7218
7310
2766
7219
7311
2767
7220
7312
2768
7221
7313
2769
7222
7314
2770
7223
7315
2771
7224
7316
2772
7225
7317
2773
7226
7318
2774
7227
7319
2775
7228
7320
2776
7229
7321
2777
7230
7322
2778
7231
7323
2779
7232
7324
2780
7233
7325
2781
7234
7326
2782
7235
7327
2783
7236
7328
2784
7237
7329
2785
7238
7330
2786
7239
7331
2787
7240
7332
2788
7241
7333
2789
7242
7334
2790
7243
7335
2791
7244
7336
2792
7245
7337
2793
7246
7338
2794
7247
7339
2795
7248
7340
2796
7249
7341
2797
7250
7342
2798
7251
7343
2799
7252
7344
2800
7253
7345
2801
7254
7346
2802
7255
7347
2803
7256
7348
2804
7257
7349
2805
7258
7350
2806
7259
7351
2807
7260
7352
2808
7261
7353
2809
7262
7354
2810
7263
7355
2811
7264
7356
2812
7265
7357
2813
7266
7358
2814
7267
7359
2815
7268
7360
2816
7269
7361
2817
7270
7362
2818
7271
7363
2819
7272
7364
2820
7273
7365
2821
7274
7366
2822
7275
7367
2823
7276
7368
2824
7277
7369
2825
7278
7370
2826
7279
7371
2827
7280
7372
4272
7281
7373
2829
7282
7374
2830
7283
7375
2831
7284
7376
2832
7285
7377
2833
7286
7378
2834
7287
7379
2835
7288
7380
2836
7289
7381
2837
7290
7382
2838
7291
7383
2839
7292
7384
2840
7293
7385
2841
7294
7386
2842
7295
7387
2843
7296
7388
2844
7297
7389
2845
7298
7390
2846
7299
7391
2847
7300
7392
2848
7301
7393
2849
7302
7394
2850
7303
7395
2851
7304
7396
2852
7305
7397
2853
7306
7398
2854
7307
7399
2855
7308
7400
2856
7309
7401
2857
7310
7402
2858
7311
7403
2859
7312
7404
2860
7313
7405
2861
7314
7406
2862
7315
7407
2863
7316
7408
2864
7317
7409
2865
7318
7410
2866
7319
7411
2867
7320
7412
2868
7321
7413
2869
7322
7414
2870
7323
7415
2871
7324
7416
2872
7325
7417
2873
7326
7418
2874
7327
7419
2875
7328
7420
2876
7329
7421
2877
7330
7422
2878
7331
7423
2879
7332
7424
2880
7333
7425
2881
7334
7426
2882
7335
7427
2883
7336
7428
2884
7337
7429
2885
7338
7430
2886
7339
7431
2887
7340
7432
2888
7341
7433
2889
7342
7434
2890
7343
7435
2891
7344
7436
2892
7345
7437
2893
7346
7438
2894
7347
7439
2895
7348
7440
2896
7349
7441
2897
7350
7442
2898
7351
7443
2899
7352
7444
2900
7353
7445
2901
7354
7446
2902
7355
7447
2903
7356
7448
2904
7357
7449
2905
7358
7450
2906
7359
7451
2907
7360
7452
2908
7361
7453
2909
7362
7454
2910
7363
7455
2911
7364
7456
2912
7365
7457
2913
7366
7458
2914
7367
7459
2915
7368
7460
2916
7369
7461
2917
7370
7462
2918
7371
7463
2919
7372
7464
4312
7373
7465
2921
7374
7466
2922
7375
7467
2923
7376
7468
2924
7377
7469
2925
7378
7470
2926
7379
7471
2927
7380
7472
2928
7381
7473
2929
7382
7474
2930
7383
7475
2931
7384
7476
2932
7385
7477
2933
7386
7478
2934
7387
7479
2935
7388
7480
2936
7389
7481
2937
7390
7482
2938
7391
7483
2939
7392
7484
2940
7393
7485
2941
7394
7486
2942
7395
7487
2943
7396
7488
2944
7397
7489
2945
7398
7490
2946
7399
7491
2947
7400
7492
2948
7401
7493
2949
7402
7494
2950
7403
7495
2951
7404
7496
2952
7405
7497
2953
7406
7498
2954
7407
7499
2955
7408
7500
2956
7409
7501
2957
7410
7502
2958
7411
7503
2959
7412
7504
2960
7413
7505
2961
7414
7506
2962
7415
7507
2963
7416
7508
2964
7417
7509
2965
7418
7510
2966
7419
7511
2967
7420
7512
2968
7421
7513
2969
7422
7514
2970
7423
7515
2971
7424
7516
2972
7425
7517
2973
7426
7518
2974
7427
7519
2975
7428
7520
2976
7429
7521
2977
7430
7522
2978
7431
7523
2979
7432
7524
2980
7433
7525
2981
7434
7526
2982
7435
7527
2983
7436
7528
2984
7437
7529
2985
7438
7530
2986
7439
7531
2987
7440
7532
2988
7441
7533
2989
7442
7534
2990
7443
7535
2991
7444
7536
2992
7445
7537
2993
7446
7538
2994
7447
7539
2995
7448
7540
2996
7449
7541
2997
7450
7542
2998
7451
7543
2999
7452
7544
3000
7453
7545
3001
7454
7546
3002
7455
7547
3003
7456
7548
3004
7457
7549
3005
7458
7550
3006
7459
7551
3007
7460
7552
3008
7461
7553
3009
7462
7554
3010
7463
7555
3011
7464
7556
4352
7465
7557
3013
7466
7558
3014
7467
7559
3015
7468
7560
3016
7469
7561
3017
7470
7562
3018
7471
7563
3019
7472
7564
3020
7473
7565
3021
7474
7566
3022
7475
7567
3023
7476
7568
3024
7477
7569
3025
7478
7570
3026
7479
7571
3027
7480
7572
3028
7481
7573
3029
7482
7574
3030
7483
7575
3031
7484
7576
3032
7485
7577
3033
7486
7578
3034
7487
7579
3035
7488
7580
3036
7489
7581
3037
7490
7582
3038
7491
7583
3039
7492
7584
3040
7493
7585
3041
7494
7586
3042
7495
7587
3043
7496
7588
3044
7497
7589
3045
7498
7590
3046
7499
7591
3047
7500
7592
3048
7501
7593
3049
7502
7594
3050
7503
7595
3051
7504
7596
3052
7505
7597
3053
7506
7598
3054
7507
7599
3055
7508
7600
3056
7509
7601
3057
7510
7602
3058
7511
7603
3059
7512
7604
3060
7513
7605
3061
7514
7606
3062
7515
7607
3063
7516
7608
3064
7517
7609
3065
7518
7610
3066
7519
7611
3067
7520
7612
3068
7521
7613
3069
7522
7614
3070
7523
7615
3071
7524
7616
3072
7525
7617
3073
7526
7618
3074
7527
7619
3075
7528
7620
3076
7529
7621
3077
7530
7622
3078
7531
7623
3079
7532
7624
3080
7533
7625
3081
7534
7626
3082
7535
7627
3083
7536
7628
3084
7537
7629
3085
7538
7630
3086
7539
7631
3087
7540
7632
3088
7541
7633
3089
7542
7634
3090
7543
7635
3091
7544
7636
3092
7545
7637
3093
7546
7638
3094
7547
7639
3095
7548
7640
3096
7549
7641
3097
7550
7642
3098
7551
7643
3099
7552
7644
3100
7553
7645
3101
7554
7646
3102
7555
7647
3103
7556
7648
4392
7557
7649
3105
7558
7650
3106
7559
7651
3107
7560
7652
3108
7561
7653
3109
7562
7654
3110
7563
7655
3111
7564
7656
3112
7565
7657
3113
7566
7658
3114
7567
7659
3115
7568
7660
3116
7569
7661
3117
7570
7662
3118
7571
7663
3119
7572
7664
3120
7573
7665
3121
7574
7666
3122
7575
7667
3123
7576
7668
3124
7577
7669
3125
7578
7670
3126
7579
7671
3127
7580
7672
3128
7581
7673
3129
7582
7674
3130
7583
7675
3131
7584
7676
3132
7585
7677
3133
7586
7678
3134
7587
7679
3135
7588
7680
3136
7589
7681
3137
7590
7682
3138
7591
7683
3139
7592
7684
3140
7593
7685
3141
7594
7686
3142
7595
7687
3143
7596
7688
3144
7597
7689
3145
7598
7690
3146
7599
7691
3147
7600
7692
3148
7601
7693
3149
7602
7694
3150
7603
7695
3151
7604
7696
3152
7605
7697
3153
7606
7698
3154
7607
7699
3155
7608
7700
3156
7609
7701
3157
7610
7702
3158
7611
7703
3159
7612
7704
3160
7613
7705
3161
7614
7706
3162
7615
7707
3163
7616
7708
3164
7617
7709
3165
7618
7710
3166
7619
7711
3167
7620
7712
3168
7621
7713
3169
7622
7714
3170
7623
7715
3171
7624
7716
3172
7625
7717
3173
7626
7718
3174
7627
7719
3175
7628
7720
3176
7629
7721
3177
7630
7722
3178
7631
7723
3179
7632
7724
3180
7633
7725
3181
7634
7726
3182
7635
7727
3183
7636
7728
3184
7637
7729
3185
7638
7730
3186
7639
7731
3187
7640
7732
3188
7641
7733
3189
7642
7734
3190
7643
7735
3191
7644
7736
3192
7645
7737
3193
7646
7738
3194
7647
7739
3195
7648
7740
4432
7649
7741
3197
7650
7742
3198
7651
7743
3199
7652
7744
3200
7653
7745
3201
7654
7746
3202
7655
7747
3203
7656
7748
3204
7657
7749
3205
7658
7750
3206
7659
7751
3207
7660
7752
3208
7661
7753
3209
7662
7754
3210
7663
7755
3211
7664
7756
3212
7665
7757
3213
7666
7758
3214
7667
7759
3215
7668
7760
3216
7669
7761
3217
7670
7762
3218
7671
7763
3219
7672
7764
3220
7673
7765
3221
7674
7766
3222
7675
7767
3223
7676
7768
3224
7677
7769
3225
7678
7770
3226
7679
7771
3227
7680
7772
3228
7681
7773
3229
7682
7774
3230
7683
7775
3231
7684
7776
3232
7685
7777
3233
7686
7778
3234
7687
7779
3235
7688
7780
3236
7689
7781
3237
7690
7782
3238
7691
7783
3239
7692
7784
3240
7693
7785
3241
7694
7786
3242
7695
7787
3243
7696
7788
3244
7697
7789
3245
7698
7790
3246
7699
7791
3247
7700
7792
3248
7701
7793
3249
7702
7794
3250
7703
7795
3251
7704
7796
3252
7705
7797
3253
7706
7798
3254
7707
7799
3255
7708
7800
3256
7709
7801
3257
7710
7802
3258
7711
7803
3259
7712
7804
3260
7713
7805
3261
7714
7806
3262
7715
7807
3263
7716
7808
3264
7717
7809
3265
7718
7810
3266
7719
7811
3267
7720
7812
3268
7721
7813
3269
7722
7814
3270
7723
7815
3271
7724
7816
3272
7725
7817
3273
7726
7818
3274
7727
7819
3275
7728
7820
3276
7729
7821
3277
7730
7822
3278
7731
7823
3279
7732
7824
3280
7733
7825
3281
7734
7826
3282
7735
7827
3283
7736
7828
3284
7737
7829
3285
7738
7830
3286
7739
7831
3287
7740
7832
4472
7741
7833
3289
7742
7834
3290
7743
7835
3291
7744
7836
3292
7745
7837
3293
7746
7838
3294
7747
7839
3295
7748
7840
3296
7749
7841
3297
7750
7842
3298
7751
7843
3299
7752
7844
3300
7753
7845
3301
7754
7846
3302
7755
7847
3303
7756
7848
3304
7757
7849
3305
7758
7850
3306
7759
7851
3307
7760
7852
3308
7761
7853
3309
7762
7854
3310
7763
7855
3311
7764
7856
3312
7765
7857
3313
7766
7858
3314
7767
7859
3315
7768
7860
3316
7769
7861
3317
7770
7862
3318
7771
7863
3319
7772
7864
3320
7773
7865
3321
7774
7866
3322
7775
7867
3323
7776
7868
3324
7777
7869
3325
7778
7870
3326
7779
7871
3327
7780
7872
3328
7781
7873
3329
7782
7874
3330
7783
7875
3331
7784
7876
3332
7785
7877
3333
7786
7878
3334
7787
7879
3335
7788
7880
3336
7789
7881
3337
7790
7882
3338
7791
7883
3339
7792
7884
3340
7793
7885
3341
7794
7886
3342
7795
7887
3343
7796
7888
3344
7797
7889
3345
7798
7890
3346
7799
7891
3347
7800
7892
3348
7801
7893
3349
7802
7894
3350
7803
7895
3351
7804
7896
3352
7805
7897
3353
7806
7898
3354
7807
7899
3355
7808
7900
3356
7809
7901
3357
7810
7902
3358
7811
7903
3359
7812
7904
3360
7813
7905
3361
7814
7906
3362
7815
7907
3363
7816
7908
3364
7817
7909
3365
7818
7910
3366
7819
7911
3367
7820
7912
3368
7821
7913
3369
7822
7914
3370
7823
7915
3371
7824
7916
3372
7825
7917
3373
7826
7918
3374
7827
7919
3375
7828
7920
3376
7829
7921
3377
7830
7922
3378
7831
7923
3379
7832
7924
4512
7833
7925
3381
7834
7926
3382
7835
7927
3383
7836
7928
3384
7837
7929
3385
7838
7930
3386
7839
7931
3387
7840
7932
3388
7841
7933
3389
7842
7934
3390
7843
7935
3391
7844
7936
3392
7845
7937
3393
7846
7938
3394
7847
7939
3395
7848
7940
3396
7849
7941
3397
7850
7942
3398
7851
7943
3399
7852
7944
3400
7853
7945
3401
7854
7946
3402
7855
7947
3403
7856
7948
3404
7857
7949
3405
7858
7950
3406
7859
7951
3407
7860
7952
3408
7861
7953
3409
7862
7954
3410
7863
7955
3411
7864
7956
3412
7865
7957
3413
7866
7958
3414
7867
7959
3415
7868
7960
3416
7869
7961
3417
7870
7962
3418
7871
7963
3419
7872
7964
3420
7873
7965
3421
7874
7966
3422
7875
7967
3423
7876
7968
3424
7877
7969
3425
7878
7970
3426
7879
7971
3427
7880
7972
3428
7881
7973
3429
7882
7974
3430
7883
7975
3431
7884
7976
3432
7885
7977
3433
7886
7978
3434
7887
7979
3435
7888
7980
3436
7889
7981
3437
7890
7982
3438
7891
7983
3439
7892
7984
3440
7893
7985
3441
7894
7986
3442
7895
7987
3443
7896
7988
3444
7897
7989
3445
7898
7990
3446
7899
7991
3447
7900
7992
3448
7901
7993
3449
7902
7994
3450
7903
7995
3451
7904
7996
3452
7905
7997
3453
7906
7998
3454
7907
7999
3455
7908
8000
3456
7909
8001
3457
7910
8002
3458
7911
8003
3459
7912
8004
3460
7913
8005
3461
7914
8006
3462
7915
8007
3463
7916
8008
3464
7917
8009
3465
7918
8010
3466
7919
8011
3467
7920
8012
3468
7921
8013
3469
7922
8014
3470
7923
8015
3471
7924
8016
4552
7925
8017
3473
8018
3474
9164
3475
8019
3476
9165
3477
8020
3478
9166
3479
8021
3480
9167
3481
8022
3482
9168
3483
8023
3484
9169
3485
8024
3486
9170
3487
8025
3488
9171
3489
8026
3490
9172
3491
8027
3492
9173
3493
8028
3494
9174
3495
8029
3496
9175
3497
8030
3498
9176
3499
8031
3500
9177
3501
8032
3502
9178
3503
8033
3504
9179
3505
8034
3506
9180
3507
8035
3508
9181
3509
8036
3510
9182
3511
8037
9183
3513
8018
8038
3514
8039
9164
3515
8019
8040
3516
8041
9165
3517
8020
8042
3518
8043
9166
3519
8021
8044
3520
8045
9167
3521
8022
8046
3522
8047
9168
3523
8023
8048
3524
8049
9169
3525
8024
8050
3526
8051
9170
3527
8025
8052
3528
8053
9171
3529
8026
8054
3530
8055
9172
3531
8027
8056
3532
8057
9173
3533
8028
8058
3534
8059
9174
3535
8029
8060
3536
8061
9175
3537
8030
8062
3538
8063
9176
3539
8031
8064
3540
8065
9177
3541
8032
8066
3542
8067
9178
3543
8033
8068
3544
8069
9179
3545
8034
8070
3546
8071
9180
3547
8035
8072
3548
8073
9181
3549
8036
8074
3550
8075
9182
3551
8037
8076
8077
9183
3553
8038
8078
3554
8039
8079
3555
8040
8080
3556
8041
8081
3557
8042
8082
3558
8043
8083
3559
8044
8084
3560
8045
8085
3561
8046
8086
3562
8047
8087
3563
8048
8088
3564
8049
8089
3565
8050
8090
3566
8051
8091
3567
8052
8092
3568
8053
8093
3569
8054
8094
3570
8055
8095
3571
8056
8096
3572
8057
8097
3573
8058
8098
3574
8059
8099
3575
8060
8100
3576
8061
8101
3577
8062
8102
3578
8063
8103
3579
8064
8104
3580
8065
8105
3581
8066
8106
3582
8067
8107
3583
8068
8108
3584
8069
8109
3585
8070
8110
3586
8071
8111
3587
8072
8112
3588
8073
8113
3589
8074
8114
3590
8075
8115
3591
8076
8116
8077
8117
3593
8078
8118
3594
8079
8119
3595
8080
8120
3596
8081
8121
3597
8082
8122
3598
8083
8123
3599
8084
8124
3600
8085
8125
3601
8086
8126
3602
8087
8127
3603
8088
8128
3604
8089
8129
3605
8090
8130
3606
8091
8131
3607
8092
8132
3608
8093
8133
3609
8094
8134
3610
8095
8135
3611
8096
8136
3612
8097
8137
3613
8098
8138
3614
8099
8139
3615
8100
8140
3616
8101
8141
3617
8102
8142
3618
8103
8143
3619
8104
8144
3620
8105
8145
3621
8106
8146
3622
8107
8147
3623
8108
8148
3624
8109
8149
3625
8110
8150
3626
8111
8151
3627
8112
8152
3628
8113
8153
3629
8114
8154
3630
8115
8155
3631
8116
8156
8117
8157
3633
8118
8158
3634
8119
8159
3635
8120
8160
3636
8121
8161
3637
8122
8162
3638
8123
8163
3639
8124
8164
3640
8125
8165
3641
8126
8166
3642
8127
8167
3643
8128
8168
3644
8129
8169
3645
8130
8170
3646
8131
8171
3647
8132
8172
3648
8133
8173
3649
8134
8174
3650
8135
8175
3651
8136
8176
3652
8137
8177
3653
8138
8178
3654
8139
8179
3655
8140
8180
3656
8141
8181
3657
8142
8182
3658
8143
8183
3659
8144
8184
3660
8145
8185
3661
8146
8186
3662
8147
8187
3663
8148
8188
3664
8149
8189
3665
8150
8190
3666
8151
8191
3667
8152
8192
3668
8153
8193
3669
8154
8194
3670
8155
8195
3671
8156
8196
8157
8197
3673
8158
8198
3674
8159
8199
3675
8160
8200
3676
8161
8201
3677
8162
8202
3678
8163
8203
3679
8164
8204
3680
8165
8205
3681
8166
8206
3682
8167
8207
3683
8168
8208
3684
8169
8209
3685
8170
8210
3686
8171
8211
3687
8172
8212
3688
8173
8213
3689
8174
8214
3690
8175
8215
3691
8176
8216
3692
8177
8217
3693
8178
8218
3694
8179
8219
3695
8180
8220
3696
8181
8221
3697
8182
8222
3698
8183
8223
3699
8184
8224
3700
8185
8225
3701
8186
8226
3702
8187
8227
3703
8188
8228
3704
8189
8229
3705
8190
8230
3706
8191
8231
3707
8192
8232
3708
8193
8233
3709
8194
8234
3710
8195
8235
3711
8196
8236
8197
8237
3713
8198
8238
3714
8199
8239
3715
8200
8240
3716
8201
8241
3717
8202
8242
3718
8203
8243
3719
8204
8244
3720
8205
8245
3721
8206
8246
3722
8207
8247
3723
8208
8248
3724
8209
8249
3725
8210
8250
3726
8211
8251
3727
8212
8252
3728
8213
8253
3729
8214
8254
3730
8215
8255
3731
8216
8256
3732
8217
8257
3733
8218
8258
3734
8219
8259
3735
8220
8260
3736
8221
8261
3737
8222
8262
3738
8223
8263
3739
8224
8264
3740
8225
8265
3741
8226
8266
3742
8227
8267
3743
8228
8268
3744
8229
8269
3745
8230
8270
3746
8231
8271
3747
8232
8272
3748
8233
8273
3749
8234
8274
3750
8235
8275
3751
8236
8276
8237
8277
3753
8238
8278
3754
8239
8279
3755
8240
8280
3756
8241
8281
3757
8242
8282
3758
8243
8283
3759
8244
8284
3760
8245
8285
3761
8246
8286
3762
8247
8287
3763
8248
8288
3764
8249
8289
3765
8250
8290
3766
8251
8291
3767
8252
8292
3768
8253
8293
3769
8254
8294
3770
8255
8295
3771
8256
8296
3772
8257
8297
3773
8258
8298
3774
8259
8299
3775
8260
8300
3776
8261
8301
3777
8262
8302
3778
8263
8303
3779
8264
8304
3780
8265
8305
3781
8266
8306
3782
8267
8307
3783
8268
8308
3784
8269
8309
3785
8270
8310
3786
8271
8311
3787
8272
8312
3788
8273
8313
3789
8274
8314
3790
8275
8315
3791
8276
8316
8277
8317
3793
8278
8318
3794
8279
8319
3795
8280
8320
3796
8281
8321
3797
8282
8322
3798
8283
8323
3799
8284
8324
3800
8285
8325
3801
8286
8326
3802
8287
8327
3803
8288
8328
3804
8289
8329
3805
8290
8330
3806
8291
8331
3807
8292
8332
3808
8293
8333
3809
8294
8334
3810
8295
8335
3811
8296
8336
3812
8297
8337
3813
8298
8338
3814
8299
8339
3815
8300
8340
3816
8301
8341
3817
8302
8342
3818
8303
8343
3819
8304
8344
3820
8305
8345
3821
8306
8346
3822
8307
8347
3823
8308
8348
3824
8309
8349
3825
8310
8350
3826
8311
8351
3827
8312
8352
3828
8313
8353
3829
8314
8354
3830
8315
8355
3831
8316
8356
8317
8357
3833
8318
8358
3834
8319
8359
3835
8320
8360
3836
8321
8361
3837
8322
8362
3838
8323
8363
3839
8324
8364
3840
8325
8365
3841
8326
8366
3842
8327
8367
3843
8328
8368
3844
8329
8369
3845
8330
8370
3846
8331
8371
3847
8332
8372
3848
8333
8373
3849
8334
8374
3850
8335
8375
3851
8336
8376
3852
8337
8377
3853
8338
8378
3854
8339
8379
3855
8340
8380
3856
8341
8381
3857
8342
8382
3858
8343
8383
3859
8344
8384
3860
8345
8385
3861
8346
8386
3862
8347
8387
3863
8348
8388
3864
8349
8389
3865
8350
8390
3866
8351
8391
3867
8352
8392
3868
8353
8393
3869
8354
8394
3870
8355
8395
3871
8356
8396
8357
8397
3873
8358
8398
3874
8359
8399
3875
8360
8400
3876
8361
8401
3877
8362
8402
3878
8363
8403
3879
8364
8404
3880
8365
8405
3881
8366
8406
3882
8367
8407
3883
8368
8408
3884
8369
8409
3885
8370
8410
3886
8371
8411
3887
8372
8412
3888
8373
8413
3889
8374
8414
3890
8375
8415
3891
8376
8416
3892
8377
8417
3893
8378
8418
3894
8379
8419
3895
8380
8420
3896
8381
8421
3897
8382
8422
3898
8383
8423
3899
8384
8424
3900
8385
8425
3901
8386
8426
3902
8387
8427
3903
8388
8428
3904
8389
8429
3905
8390
8430
3906
8391
8431
3907
8392
8432
3908
8393
8433
3909
8394
8434
3910
8395
8435
3911
8396
8436
8397
8437
3913
8398
8438
3914
8399
8439
3915
8400
8440
3916
8401
8441
3917
8402
8442
3918
8403
8443
3919
8404
8444
3920
8405
8445
3921
8406
8446
3922
8407
8447
3923
8408
8448
3924
8409
8449
3925
8410
8450
3926
8411
8451
3927
8412
8452
3928
8413
8453
3929
8414
8454
3930
8415
8455
3931
8416
8456
3932
8417
8457
3933
8418
8458
3934
8419
8459
3935
8420
8460
3936
8421
8461
3937
8422
8462
3938
8423
8463
3939
8424
8464
3940
8425
8465
3941
8426
8466
3942
8427
8467
3943
8428
8468
3944
8429
8469
3945
8430
8470
3946
8431
8471
3947
8432
8472
3948
8433
8473
3949
8434
8474
3950
8435
8475
3951
8436
8476
8437
8477
3953
8438
8478
3954
8439
8479
3955
8440
8480
3956
8441
8481
3957
8442
8482
3958
8443
8483
3959
8444
8484
3960
8445
8485
3961
8446
8486
3962
8447
8487
3963
8448
8488
3964
8449
8489
3965
8450
8490
3966
8451
8491
3967
8452
8492
3968
8453
8493
3969
8454
8494
3970
8455
8495
3971
8456
8496
3972
8457
8497
3973
8458
8498
3974
8459
8499
3975
8460
8500
3976
8461
8501
3977
8462
8502
3978
8463
8503
3979
8464
8504
3980
8465
8505
3981
8466
8506
3982
8467
8507
3983
8468
8508
3984
8469
8509
3985
8470
8510
3986
8471
8511
3987
8472
8512
3988
8473
8513
3989
8474
8514
3990
8475
8515
3991
8476
8516
8477
8517
3993
8478
8518
3994
8479
8519
3995
8480
8520
3996
8481
8521
3997
8482
8522
3998
8483
8523
3999
8484
8524
4000
8485
8525
4001
8486
8526
4002
8487
8527
4003
8488
8528
4004
8489
8529
4005
8490
8530
4006
8491
8531
4007
8492
8532
4008
8493
8533
4009
8494
8534
4010
8495
8535
4011
8496
8536
4012
8497
8537
4013
8498
8538
4014
8499
8539
4015
8500
8540
4016
8501
8541
4017
8502
8542
4018
8503
8543
4019
8504
8544
4020
8505
8545
4021
8506
8546
4022
8507
8547
4023
8508
8548
4024
8509
8549
4025
8510
8550
4026
8511
8551
4027
8512
8552
4028
8513
8553
4029
8514
8554
4030
8515
8555
4031
8516
8556
8517
8557
4033
8518
8558
4034
8519
8559
4035
8520
8560
4036
8521
8561
4037
8522
8562
4038
8523
8563
4039
8524
8564
4040
8525
8565
4041
8526
8566
4042
8527
8567
4043
8528
8568
4044
8529
8569
4045
8530
8570
4046
8531
8571
4047
8532
8572
4048
8533
8573
4049
8534
8574
4050
8535
8575
4051
8536
8576
4052
8537
8577
4053
8538
8578
4054
8539
8579
4055
8540
8580
4056
8541
8581
4057
8542
8582
4058
8543
8583
4059
8544
8584
4060
8545
8585
4061
8546
8586
4062
8547
8587
4063
8548
8588
4064
8549
8589
4065
8550
8590
4066
8551
8591
4067
8552
8592
4068
8553
8593
4069
8554
8594
4070
8555
8595
4071
8556
8596
8557
8597
4073
8558
8598
4074
8559
8599
4075
8560
8600
4076
8561
8601
4077
8562
8602
4078
8563
8603
4079
8564
8604
4080
8565
8605
4081
8566
8606
4082
8567
8607
4083
8568
8608
4084
8569
8609
4085
8570
8610
4086
8571
8611
4087
8572
8612
4088
8573
8613
4089
8574
8614
4090
8575
8615
4091
8576
8616
4092
8577
8617
4093
8578
8618
4094
8579
8619
4095
8580
8620
4096
8581
8621
4097
8582
8622
4098
8583
8623
4099
8584
8624
4100
8585
8625
4101
8586
8626
4102
8587
8627
4103
8588
8628
4104
8589
8629
4105
8590
8630
4106
8591
8631
4107
8592
8632
4108
8593
8633
4109
8594
8634
4110
8595
8635
4111
8596
8636
8597
8637
4113
8598
8638
4114
8599
8639
4115
8600
8640
4116
8601
8641
4117
8602
8642
4118
8603
8643
4119
8604
8644
4120
8605
8645
4121
8606
8646
4122
8607
8647
4123
8608
8648
4124
8609
8649
4125
8610
8650
4126
8611
8651
4127
8612
8652
4128
8613
8653
4129
8614
8654
4130
8615
8655
4131
8616
8656
4132
8617
8657
4133
8618
8658
4134
8619
8659
4135
8620
8660
4136
8621
8661
4137
8622
8662
4138
8623
8663
4139
8624
8664
4140
8625
8665
4141
8626
8666
4142
8627
8667
4143
8628
8668
4144
8629
8669
4145
8630
8670
4146
8631
8671
4147
8632
8672
4148
8633
8673
4149
8634
8674
4150
8635
8675
4151
8636
8676
8637
8677
4153
8638
8678
4154
8639
8679
4155
8640
8680
4156
8641
8681
4157
8642
8682
4158
8643
8683
4159
8644
8684
4160
8645
8685
4161
8646
8686
4162
8647
8687
4163
8648
8688
4164
8649
8689
4165
8650
8690
4166
8651
8691
4167
8652
8692
4168
8653
8693
4169
8654
8694
4170
8655
8695
4171
8656
8696
4172
8657
8697
4173
8658
8698
4174
8659
8699
4175
8660
8700
4176
8661
8701
4177
8662
8702
4178
8663
8703
4179
8664
8704
4180
8665
8705
4181
8666
8706
4182
8667
8707
4183
8668
8708
4184
8669
8709
4185
8670
8710
4186
8671
8711
4187
8672
8712
4188
8673
8713
4189
8674
8714
4190
8675
8715
4191
8676
8716
8677
8717
4193
8678
8718
4194
8679
8719
4195
8680
8720
4196
8681
8721
4197
8682
8722
4198
8683
8723
4199
8684
8724
4200
8685
8725
4201
8686
8726
4202
8687
8727
4203
8688
8728
4204
8689
8729
4205
8690
8730
4206
8691
8731
4207
8692
8732
4208
8693
8733
4209
8694
8734
4210
8695
8735
4211
8696
8736
4212
8697
8737
4213
8698
8738
4214
8699
8739
4215
8700
8740
4216
8701
8741
4217
8702
8742
4218
8703
8743
4219
8704
8744
4220
8705
8745
4221
8706
8746
4222
8707
8747
4223
8708
8748
4224
8709
8749
4225
8710
8750
4226
8711
8751
4227
8712
8752
4228
8713
8753
4229
8714
8754
4230
8715
8755
4231
8716
8756
8717
8757
4233
8718
8758
4234
8719
8759
4235
8720
8760
4236
8721
8761
4237
8722
8762
4238
8723
8763
4239
8724
8764
4240
8725
8765
4241
8726
8766
4242
8727
8767
4243
8728
8768
4244
8729
8769
4245
8730
8770
4246
8731
8771
4247
8732
8772
4248
8733
8773
4249
8734
8774
4250
8735
8775
4251
8736
8776
4252
8737
8777
4253
8738
8778
4254
8739
8779
4255
8740
8780
4256
8741
8781
4257
8742
8782
4258
8743
8783
4259
8744
8784
4260
8745
8785
4261
8746
8786
4262
8747
8787
4263
8748
8788
4264
8749
8789
4265
8750
8790
4266
8751
8791
4267
8752
8792
4268
8753
8793
4269
8754
8794
4270
8755
8795
4271
8756
8796
8757
8797
4273
8758
8798
4274
8759
8799
4275
8760
8800
4276
8761
8801
4277
8762
8802
4278
8763
8803
4279
8764
8804
4280
8765
8805
4281
8766
8806
4282
8767
8807
4283
8768
8808
4284
8769
8809
4285
8770
8810
4286
8771
8811
4287
8772
8812
4288
8773
8813
4289
8774
8814
4290
8775
8815
4291
8776
8816
4292
8777
8817
4293
8778
8818
4294
8779
8819
4295
8780
8820
4296
8781
8821
4297
8782
8822
4298
8783
8823
4299
8784
8824
4300
8785
8825
4301
8786
8826
4302
8787
8827
4303
8788
8828
4304
8789
8829
4305
8790
8830
4306
8791
8831
4307
8792
8832
4308
8793
8833
4309
8794
8834
4310
8795
8835
4311
8796
8836
8797
8837
4313
8798
8838
4314
8799
8839
4315
8800
8840
4316
8801
8841
4317
8802
8842
4318
8803
8843
4319
8804
8844
4320
8805
8845
4321
8806
8846
4322
8807
8847
4323
8808
8848
4324
8809
8849
4325
8810
8850
4326
8811
8851
4327
8812
8852
4328
8813
8853
4329
8814
8854
4330
8815
8855
4331
8816
8856
4332
8817
8857
4333
8818
8858
4334
8819
8859
4335
8820
8860
4336
8821
8861
4337
8822
8862
4338
8823
8863
4339
8824
8864
4340
8825
8865
4341
8826
8866
4342
8827
8867
4343
8828
8868
4344
8829
8869
4345
8830
8870
4346
8831
8871
4347
8832
8872
4348
8833
8873
4349
8834
8874
4350
8835
8875
4351
8836
8876
8837
8877
4353
8838
8878
4354
8839
8879
4355
8840
8880
4356
8841
8881
4357
8842
8882
4358
8843
8883
4359
8844
8884
4360
8845
8885
4361
8846
8886
4362
8847
8887
4363
8848
8888
4364
8849
8889
4365
8850
8890
4366
8851
8891
4367
8852
8892
4368
8853
8893
4369
8854
8894
4370
8855
8895
4371
8856
8896
4372
8857
8897
4373
8858
8898
4374
8859
8899
4375
8860
8900
4376
8861
8901
4377
8862
8902
4378
8863
8903
4379
8864
8904
4380
8865
8905
4381
8866
8906
4382
8867
8907
4383
8868
8908
4384
8869
8909
4385
8870
8910
4386
8871
8911
4387
8872
8912
4388
8873
8913
4389
8874
8914
4390
8875
8915
4391
8876
8916
8877
8917
4393
8878
8918
4394
8879
8919
4395
8880
8920
4396
8881
8921
4397
8882
8922
4398
8883
8923
4399
8884
8924
4400
8885
8925
4401
8886
8926
4402
8887
8927
4403
8888
8928
4404
8889
8929
4405
8890
8930
4406
8891
8931
4407
8892
8932
4408
8893
8933
4409
8894
8934
4410
8895
8935
4411
8896
8936
4412
8897
8937
4413
8898
8938
4414
8899
8939
4415
8900
8940
4416
8901
8941
4417
8902
8942
4418
8903
8943
4419
8904
8944
4420
8905
8945
4421
8906
8946
4422
8907
8947
4423
8908
8948
4424
8909
8949
4425
8910
8950
4426
8911
8951
4427
8912
8952
4428
8913
8953
4429
8914
8954
4430
8915
8955
4431
8916
8956
8917
8957
4433
8918
8958
4434
8919
8959
4435
8920
8960
4436
8921
8961
4437
8922
8962
4438
8923
8963
4439
8924
8964
4440
8925
8965
4441
8926
8966
4442
8927
8967
4443
8928
8968
4444
8929
8969
4445
8930
8970
4446
8931
8971
4447
8932
8972
4448
8933
8973
4449
8934
8974
4450
8935
8975
4451
8936
8976
4452
8937
8977
4453
8938
8978
4454
8939
8979
4455
8940
8980
4456
8941
8981
4457
8942
8982
4458
8943
8983
4459
8944
8984
4460
8945
8985
4461
8946
8986
4462
8947
8987
4463
8948
8988
4464
8949
8989
4465
8950
8990
4466
8951
8991
4467
8952
8992
4468
8953
8993
4469
8954
8994
4470
8955
8995
4471
8956
8996
8957
8997
4473
8958
8998
4474
8959
8999
4475
8960
9000
4476
8961
9001
4477
8962
9002
4478
8963
9003
4479
8964
9004
4480
8965
9005
4481
8966
9006
4482
8967
9007
4483
8968
9008
4484
8969
9009
4485
8970
9010
4486
8971
9011
4487
8972
9012
4488
8973
9013
4489
8974
9014
4490
8975
9015
4491
8976
9016
4492
8977
9017
4493
8978
9018
4494
8979
9019
4495
8980
9020
4496
8981
9021
4497
8982
9022
4498
8983
9023
4499
8984
9024
4500
8985
9025
4501
8986
9026
4502
8987
9027
4503
8988
9028
4504
8989
9029
4505
8990
9030
4506
8991
9031
4507
8992
9032
4508
8993
9033
4509
8994
9034
4510
8995
9035
4511
8996
9036
8997
9037
4513
8998
9038
4514
8999
9039
4515
9000
9040
4516
9001
9041
4517
9002
9042
4518
9003
9043
4519
9004
9044
4520
9005
9045
4521
9006
9046
4522
9007
9047
4523
9008
9048
4524
9009
9049
4525
9010
9050
4526
9011
9051
4527
9012
9052
4528
9013
9053
4529
9014
9054
4530
9015
9055
4531
9016
9056
4532
9017
9057
4533
9018
9058
4534
9019
9059
4535
9020
9060
4536
9021
9061
4537
9022
9062
4538
9023
9063
4539
9024
9064
4540
9025
9065
4541
9026
9066
4542
9027
9067
4543
9028
9068
4544
9029
9069
4545
9030
9070
4546
9031
9071
4547
9032
9072
4548
9033
9073
4549
9034
9074
4550
9035
9075
4551
9036
9076
9037
9077
4553
9038
9078
4554
9039
9079
4555
9040
9080
4556
9041
9081
4557
9042
9082
4558
9043
9083
4559
9044
9084
4560
9045
9085
4561
9046
9086
4562
9047
9087
4563
9048
9088
4564
9049
9089
4565
9050
9090
4566
9051
9091
4567
9052
9092
4568
9053
9093
4569
9054
9094
4570
9055
9095
4571
9056
9096
4572
9057
9097
4573
9058
9098
4574
9059
9099
4575
9060
9100
4576
9061
9101
4577
9062
9102
4578
9063
9103
4579
9064
9104
4580
9065
9105
4581
9066
9106
4582
9067
9107
4583
9068
9108
4584
9069
9109
4585
9070
9110
4586
9071
9111
4587
9072
9112
4588
9073
9113
4589
9074
9114
4590
9075
9115
4591
9076
9116
9077
9117
4593
4594
4595
4596
4597
4598
4599
4600
4601
4602
4603
4604
4605
4606
4607
4608
4609
4610
4611
4612
4613
4614
4615
4616
4617
4618
4619
4620
4621
4622
4623
5488
4625
4626
4627
4628
4629
4630
4631
4632
4633
4634
4635
4636
4637
4638
4639
4640
4641
4642
4643
4644
4645
4646
4647
4648
4649
4650
4651
4652
4653
4654
4655
5534
4657
4658
4659
4660
4661
4662
4663
4664
4665
4666
4667
4668
4669
4670
4671
4672
4673
4674
4675
4676
4677
4678
4679
4680
4681
4682
4683
4684
4685
4686
4687
5626
4689
4690
4691
4692
4693
4694
4695
4696
4697
4698
4699
4700
4701
4702
4703
4704
4705
4706
4707
4708
4709
4710
4711
4712
4713
4714
4715
4716
4717
4718
4719
5718
4721
4722
4723
4724
4725
4726
4727
4728
4729
4730
4731
4732
4733
4734
4735
4736
4737
4738
4739
4740
4741
4742
4743
4744
4745
4746
4747
4748
4749
4750
4751
5810
4753
4754
4755
4756
4757
4758
4759
4760
4761
4762
4763
4764
4765
4766
4767
4768
4769
4770
4771
4772
4773
4774
4775
4776
4777
4778
4779
4780
4781
4782
4783
5902
4785
4786
4787
4788
4789
4790
4791
4792
4793
4794
4795
4796
4797
4798
4799
4800
4801
4802
4803
4804
4805
4806
4807
4808
4809
4810
4811
4812
4813
4814
4815
5994
4817
4818
4819
4820
4821
4822
4823
4824
4825
4826
4827
4828
4829
4830
4831
4832
4833
4834
4835
4836
4837
4838
4839
4840
4841
4842
4843
4844
4845
4846
4847
6086
4849
4850
4851
4852
4853
4854
4855
4856
4857
4858
4859
4860
4861
4862
4863
4864
4865
4866
4867
4868
4869
4870
4871
4872
4873
4874
4875
4876
4877
4878
4879
6178
4881
4882
4883
4884
4885
4886
4887
4888
4889
4890
4891
4892
4893
4894
4895
4896
4897
4898
4899
4900
4901
4902
4903
4904
4905
4906
4907
4908
4909
4910
4911
6270
4913
4914
4915
4916
4917
4918
4919
4920
4921
4922
4923
4924
4925
4926
4927
4928
4929
4930
4931
4932
4933
4934
4935
4936
4937
4938
4939
4940
4941
4942
4943
6362
4945
4946
4947
4948
4949
4950
4951
4952
4953
4954
4955
4956
4957
4958
4959
4960
4961
4962
4963
4964
4965
4966
4967
4968
4969
4970
4971
4972
4973
4974
4975
6454
4977
4978
4979
4980
4981
4982
4983
4984
4985
4986
4987
4988
4989
4990
4991
4992
4993
4994
4995
4996
4997
4998
4999
5000
5001
5002
5003
5004
5005
5006
5007
6546
5009
5010
5011
5012
5013
5014
5015
5016
5017
5018
5019
5020
5021
5022
5023
5024
5025
5026
5027
5028
5029
5030
5031
5032
5033
5034
5035
5036
5037
5038
5039
6638
5041
5042
5043
5044
5045
5046
5047
5048
5049
5050
5051
5052
5053
5054
5055
5056
5057
5058
5059
5060
5061
5062
5063
5064
5065
5066
5067
5068
5069
5070
5071
6730
5073
5074
5075
5076
5077
5078
5079
5080
5081
5082
5083
5084
5085
5086
5087
5088
5089
5090
5091
5092
5093
5094
5095
5096
5097
5098
5099
5100
5101
5102
5103
6822
5105
5106
5107
5108
5109
5110
5111
5112
5113
5114
5115
5116
5117
5118
5119
5120
5121
5122
5123
5124
5125
5126
5127
5128
5129
5130
5131
5132
5133
5134
5135
6914
5137
5138
5139
5140
5141
5142
5143
5144
5145
5146
5147
5148
5149
5150
5151
5152
5153
5154
5155
5156
5157
5158
5159
5160
5161
5162
5163
5164
5165
5166
5167
7006
5169
5170
5171
5172
5173
5174
5175
5176
5177
5178
5179
5180
5181
5182
5183
5184
5185
5186
5187
5188
5189
5190
5191
5192
5193
5194
5195
5196
5197
5198
5199
7098
5201
5202
5203
5204
5205
5206
5207
5208
5209
5210
5211
5212
5213
5214
5215
5216
5217
5218
5219
5220
5221
5222
5223
5224
5225
5226
5227
5228
5229
5230
5231
7190
5233
5234
5235
5236
5237
5238
5239
5240
5241
5242
5243
5244
5245
5246
5247
5248
5249
5250
5251
5252
5253
5254
5255
5256
5257
5258
5259
5260
5261
5262
5263
7282
5265
5266
5267
5268
5269
5270
5271
5272
5273
5274
5275
5276
5277
5278
5279
5280
5281
5282
5283
5284
5285
5286
5287
5288
5289
5290
5291
5292
5293
5294
5295
7374
5297
5298
5299
5300
5301
5302
5303
5304
5305
5306
5307
5308
5309
5310
5311
5312
5313
5314
5315
5316
5317
5318
5319
5320
5321
5322
5323
5324
5325
5326
5327
7466
5329
5330
5331
5332
5333
5334
5335
5336
5337
5338
5339
5340
5341
5342
5343
5344
5345
5346
5347
5348
5349
5350
5351
5352
5353
5354
5355
5356
5357
5358
5359
7558
5361
5362
5363
5364
5365
5366
5367
5368
5369
5370
5371
5372
5373
5374
5375
5376
5377
5378
5379
5380
5381
5382
5383
5384
5385
5386
5387
5388
5389
5390
5391
7650
5393
5394
5395
5396
5397
5398
5399
5400
5401
5402
5403
5404
5405
5406
5407
5408
5409
5410
5411
5412
5413
5414
5415
5416
5417
5418
5419
5420
5421
5422
5423
7742
5425
5426
5427
5428
5429
5430
5431
5432
5433
5434
5435
5436
5437
5438
5439
5440
5441
5442
5443
5444
5445
5446
5447
5448
5449
5450
5451
5452
5453
5454
5455
7834
5457
5458
5459
5460
5461
5462
5463
5464
5465
5466
5467
5468
5469
5470
5471
5472
5473
5474
5475
5476
5477
5478
5479
5480
5481
5482
5483
5484
5485
5486
5487
7926
9118
9118
9119
9119
9120
9120
9121
9121
9122
9122
9123
9123
9124
9124
9125
9125
9126
9126
9127
9127
9128
9128
9129
9129
9130
9130
9131
9131
9132
9132
9133
9133
9134
9134
9135
9135
9136
9136
9137
9137
9138
9138
9139
9139
9140
9140
9141
9141
9142
9142
9143
9143
9144
9144
9145
9145
9146
9146
9147
9147
9148
9148
9149
9149
9150
9150
9151
9151
9152
9152
9153
9153
9154
9154
9155
9155
9156
9156
9157
9157
9158
9158
9159
9159
9160
9160
9161
9161
9162
9162
9163
5535
5536
5537
5538
5539
5540
5541
5542
5543
5544
5545
5546
5547
5548
5549
5550
5551
5552
5553
5554
5555
5556
5557
5558
5559
5560
5561
5562
5563
5564
5565
5566
5567
5568
5569
5570
5571
5572
5573
5574
5575
5576
5577
5578
5579
5580
5581
5582
5583
5584
5585
5586
5587
5588
5589
5590
5591
5592
5593
5594
5595
5596
5597
5598
5599
5600
5601
5602
5603
5604
5605
5606
5607
5608
5609
5610
5611
5612
5613
5614
5615
5616
5617
5618
5619
5620
5621
5622
5623
5624
5625
8038
5627
5628
5629
5630
5631
5632
5633
5634
5635
5636
5637
5638
5639
5640
5641
5642
5643
5644
5645
5646
5647
5648
5649
5650
5651
5652
5653
5654
5655
5656
5657
5658
5659
5660
5661
5662
5663
5664
5665
5666
5667
5668
5669
5670
5671
5672
5673
5674
5675
5676
5677
5678
5679
5680
5681
5682
5683
5684
5685
5686
5687
5688
5689
5690
5691
5692
5693
5694
5695
5696
5697
5698
5699
5700
5701
5702
5703
5704
5705
5706
5707
5708
5709
5710
5711
5712
5713
5714
5715
5716
5717
8078
5719
5720
5721
5722
5723
5724
5725
5726
5727
5728
5729
5730
5731
5732
5733
5734
5735
5736
5737
5738
5739
5740
5741
5742
5743
5744
5745
5746
5747
5748
5749
5750
5751
5752
5753
5754
5755
5756
5757
5758
5759
5760
5761
5762
5763
5764
5765
5766
5767
5768
5769
5770
5771
5772
5773
5774
5775
5776
5777
5778
5779
5780
5781
5782
5783
5784
5785
5786
5787
5788
5789
5790
5791
5792
5793
5794
5795
5796
5797
5798
5799
5800
5801
5802
5803
5804
5805
5806
5807
5808
5809
8118
5811
5812
5813
5814
5815
5816
5817
5818
5819
5820
5821
5822
5823
5824
5825
5826
5827
5828
5829
5830
5831
5832
5833
5834
5835
5836
5837
5838
5839
5840
5841
5842
5843
5844
5845
5846
5847
5848
5849
5850
5851
5852
5853
5854
5855
5856
5857
5858
5859
5860
5861
5862
5863
5864
5865
5866
5867
5868
5869
5870
5871
5872
5873
5874
5875
5876
5877
5878
5879
5880
5881
5882
5883
5884
5885
5886
5887
5888
5889
5890
5891
5892
5893
5894
5895
5896
5897
5898
5899
5900
5901
8158
5903
5904
5905
5906
5907
5908
5909
5910
5911
5912
5913
5914
5915
5916
5917
5918
5919
5920
5921
5922
5923
5924
5925
5926
5927
5928
5929
5930
5931
5932
5933
5934
5935
5936
5937
5938
5939
5940
5941
5942
5943
5944
5945
5946
5947
5948
5949
5950
5951
5952
5953
5954
5955
5956
5957
5958
5959
5960
5961
5962
5963
5964
5965
5966
5967
5968
5969
5970
5971
5972
5973
5974
5975
5976
5977
5978
5979
5980
5981
5982
5983
5984
5985
5986
5987
5988
5989
5990
5991
5992
5993
8198
5995
5996
5997
5998
5999
6000
6001
6002
6003
6004
6005
6006
6007
6008
6009
6010
6011
6012
6013
6014
6015
6016
6017
6018
6019
6020
6021
6022
6023
6024
6025
6026
6027
6028
6029
6030
6031
6032
6033
6034
6035
6036
6037
6038
6039
6040
6041
6042
6043
6044
6045
6046
6047
6048
6049
6050
6051
6052
6053
6054
6055
6056
6057
6058
6059
6060
6061
6062
6063
6064
6065
6066
6067
6068
6069
6070
6071
6072
6073
6074
6075
6076
6077
6078
6079
6080
6081
6082
6083
6084
6085
8238
6087
6088
6089
6090
6091
6092
6093
6094
6095
6096
6097
6098
6099
6100
6101
6102
6103
6104
6105
6106
6107
6108
6109
6110
6111
6112
6113
6114
6115
6116
6117
6118
6119
6120
6121
6122
6123
6124
6125
6126
6127
6128
6129
6130
6131
6132
6133
6134
6135
6136
6137
6138
6139
6140
6141
6142
6143
6144
6145
6146
6147
6148
6149
6150
6151
6152
6153
6154
6155
6156
6157
6158
6159
6160
6161
6162
6163
6164
6165
6166
6167
6168
6169
6170
6171
6172
6173
6174
6175
6176
6177
8278
6179
6180
6181
6182
6183
6184
6185
6186
6187
6188
6189
6190
6191
6192
6193
6194
6195
6196
6197
6198
6199
6200
6201
6202
6203
6204
6205
6206
6207
6208
6209
6210
6211
6212
6213
6214
6215
6216
6217
6218
6219
6220
6221
6222
6223
6224
6225
6226
6227
6228
6229
6230
6231
6232
6233
6234
6235
6236
6237
6238
6239
6240
6241
6242
6243
6244
6245
6246
6247
6248
6249
6250
6251
6252
6253
6254
6255
6256
6257
6258
6259
6260
6261
6262
6263
6264
6265
6266
6267
6268
6269
8318
6271
6272
6273
6274
6275
6276
6277
6278
6279
6280
6281
6282
6283
6284
6285
6286
6287
6288
6289
6290
6291
6292
6293
6294
6295
6296
6297
6298
6299
6300
6301
6302
6303
6304
6305
6306
6307
6308
6309
6310
6311
6312
6313
6314
6315
6316
6317
6318
6319
6320
6321
6322
6323
6324
6325
6326
6327
6328
6329
6330
6331
6332
6333
6334
6335
6336
6337
6338
6339
6340
6341
6342
6343
6344
6345
6346
6347
6348
6349
6350
6351
6352
6353
6354
6355
6356
6357
6358
6359
6360
6361
8358
6363
6364
6365
6366
6367
6368
6369
6370
6371
6372
6373
6374
6375
6376
6377
6378
6379
6380
6381
6382
6383
6384
6385
6386
6387
6388
6389
6390
6391
6392
6393
6394
6395
6396
6397
6398
6399
6400
6401
6402
6403
6404
6405
6406
6407
6408
6409
6410
6411
6412
6413
6414
6415
6416
6417
6418
6419
6420
6421
6422
6423
6424
6425
6426
6427
6428
6429
6430
6431
6432
6433
6434
6435
6436
6437
6438
6439
6440
6441
6442
6443
6444
6445
6446
6447
6448
6449
6450
6451
6452
6453
8398
6455
6456
6457
6458
6459
6460
6461
6462
6463
6464
6465
6466
6467
6468
6469
6470
6471
6472
6473
6474
6475
6476
6477
6478
6479
6480
6481
6482
6483
6484
6485
6486
6487
6488
6489
6490
6491
6492
6493
6494
6495
6496
6497
6498
6499
6500
6501
6502
6503
6504
6505
6506
6507
6508
6509
6510
6511
6512
6513
6514
6515
6516
6517
6518
6519
6520
6521
6522
6523
6524
6525
6526
6527
6528
6529
6530
6531
6532
6533
6534
6535
6536
6537
6538
6539
6540
6541
6542
6543
6544
6545
8438
6547
6548
6549
6550
6551
6552
6553
6554
6555
6556
6557
6558
6559
6560
6561
6562
6563
6564
6565
6566
6567
6568
6569
6570
6571
6572
6573
6574
6575
6576
6577
6578
6579
6580
6581
6582
6583
6584
6585
6586
6587
6588
6589
6590
6591
6592
6593
6594
6595
6596
6597
6598
6599
6600
6601
6602
6603
6604
6605
6606
6607
6608
6609
6610
6611
6612
6613
6614
6615
6616
6617
6618
6619
6620
6621
6622
6623
6624
6625
6626
6627
6628
6629
6630
6631
6632
6633
6634
6635
6636
6637
8478
6639
6640
6641
6642
6643
6644
6645
6646
6647
6648
6649
6650
6651
6652
6653
6654
6655
6656
6657
6658
6659
6660
6661
6662
6663
6664
6665
6666
6667
6668
6669
6670
6671
6672
6673
6674
6675
6676
6677
6678
6679
6680
6681
6682
6683
6684
6685
6686
6687
6688
6689
6690
6691
6692
6693
6694
6695
6696
6697
6698
6699
6700
6701
6702
6703
6704
6705
6706
6707
6708
6709
6710
6711
6712
6713
6714
6715
6716
6717
6718
6719
6720
6721
6722
6723
6724
6725
6726
6727
6728
6729
8518
6731
6732
6733
6734
6735
6736
6737
6738
6739
6740
6741
6742
6743
6744
6745
6746
6747
6748
6749
6750
6751
6752
6753
6754
6755
6756
6757
6758
6759
6760
6761
6762
6763
6764
6765
6766
6767
6768
6769
6770
6771
6772
6773
6774
6775
6776
6777
6778
6779
6780
6781
6782
6783
6784
6785
6786
6787
6788
6789
6790
6791
6792
6793
6794
6795
6796
6797
6798
6799
6800
6801
6802
6803
6804
6805
6806
6807
6808
6809
6810
6811
6812
6813
6814
6815
6816
6817
6818
6819
6820
6821
8558
6823
6824
6825
6826
6827
6828
6829
6830
6831
6832
6833
6834
6835
6836
6837
6838
6839
6840
6841
6842
6843
6844
6845
6846
6847
6848
6849
6850
6851
6852
6853
6854
6855
6856
6857
6858
6859
6860
6861
6862
6863
6864
6865
6866
6867
6868
6869
6870
6871
6872
6873
6874
6875
6876
6877
6878
6879
6880
6881
6882
6883
6884
6885
6886
6887
6888
6889
6890
6891
6892
6893
6894
6895
6896
6897
6898
6899
6900
6901
6902
6903
6904
6905
6906
6907
6908
6909
6910
6911
6912
6913
8598
6915
6916
6917
6918
6919
6920
6921
6922
6923
6924
6925
6926
6927
6928
6929
6930
6931
6932
6933
6934
6935
6936
6937
6938
6939
6940
6941
6942
6943
6944
6945
6946
6947
6948
6949
6950
6951
6952
6953
6954
6955
6956
6957
6958
6959
6960
6961
6962
6963
6964
6965
6966
6967
6968
6969
6970
6971
6972
6973
6974
6975
6976
6977
6978
6979
6980
6981
6982
6983
6984
6985
6986
6987
6988
6989
6990
6991
6992
6993
6994
6995
6996
6997
6998
6999
7000
7001
7002
7003
7004
7005
8638
7007
7008
7009
7010
7011
7012
7013
7014
7015
7016
7017
7018
7019
7020
7021
7022
7023
7024
7025
7026
7027
7028
7029
7030
7031
7032
7033
7034
7035
7036
7037
7038
7039
7040
7041
7042
7043
7044
7045
7046
7047
7048
7049
7050
7051
7052
7053
7054
7055
7056
7057
7058
7059
7060
7061
7062
7063
7064
7065
7066
7067
7068
7069
7070
7071
7072
7073
7074
7075
7076
7077
7078
7079
7080
7081
7082
7083
7084
7085
7086
7087
7088
7089
7090
7091
7092
7093
7094
7095
7096
7097
8678
7099
7100
7101
7102
7103
7104
7105
7106
7107
7108
7109
7110
7111
7112
7113
7114
7115
7116
7117
7118
7119
7120
7121
7122
7123
7124
7125
7126
7127
7128
7129
7130
7131
7132
7133
7134
7135
7136
7137
7138
7139
7140
7141
7142
7143
7144
7145
7146
7147
7148
7149
7150
7151
7152
7153
7154
7155
7156
7157
7158
7159
7160
7161
7162
7163
7164
7165
7166
7167
7168
7169
7170
7171
7172
7173
7174
7175
7176
7177
7178
7179
7180
7181
7182
7183
7184
7185
7186
7187
7188
7189
8718
7191
7192
7193
7194
7195
7196
7197
7198
7199
7200
7201
7202
7203
7204
7205
7206
7207
7208
7209
7210
7211
7212
7213
7214
7215
7216
7217
7218
7219
7220
7221
7222
7223
7224
7225
7226
7227
7228
7229
7230
7231
7232
7233
7234
7235
7236
7237
7238
7239
7240
7241
7242
7243
7244
7245
7246
7247
7248
7249
7250
7251
7252
7253
7254
7255
7256
7257
7258
7259
7260
7261
7262
7263
7264
7265
7266
7267
7268
7269
7270
7271
7272
7273
7274
7275
7276
7277
7278
7279
7280
7281
8758
7283
7284
7285
7286
7287
7288
7289
7290
7291
7292
7293
7294
7295
7296
7297
7298
7299
7300
7301
7302
7303
7304
7305
7306
7307
7308
7309
7310
7311
7312
7313
7314
7315
7316
7317
7318
7319
7320
7321
7322
7323
7324
7325
7326
7327
7328
7329
7330
7331
7332
7333
7334
7335
7336
7337
7338
7339
7340
7341
7342
7343
7344
7345
7346
7347
7348
7349
7350
7351
7352
7353
7354
7355
7356
7357
7358
7359
7360
7361
7362
7363
7364
7365
7366
7367
7368
7369
7370
7371
7372
7373
8798
7375
7376
7377
7378
7379
7380
7381
7382
7383
7384
7385
7386
7387
7388
7389
7390
7391
7392
7393
7394
7395
7396
7397
7398
7399
7400
7401
7402
7403
7404
7405
7406
7407
7408
7409
7410
7411
7412
7413
7414
7415
7416
7417
7418
7419
7420
7421
7422
7423
7424
7425
7426
7427
7428
7429
7430
7431
7432
7433
7434
7435
7436
7437
7438
7439
7440
7441
7442
7443
7444
7445
7446
7447
7448
7449
7450
7451
7452
7453
7454
7455
7456
7457
7458
7459
7460
7461
7462
7463
7464
7465
8838
7467
7468
7469
7470
7471
7472
7473
7474
7475
7476
7477
7478
7479
7480
7481
7482
7483
7484
7485
7486
7487
7488
7489
7490
7491
7492
7493
7494
7495
7496
7497
7498
7499
7500
7501
7502
7503
7504
7505
7506
7507
7508
7509
7510
7511
7512
7513
7514
7515
7516
7517
7518
7519
7520
7521
7522
7523
7524
7525
7526
7527
7528
7529
7530
7531
7532
7533
7534
7535
7536
7537
7538
7539
7540
7541
7542
7543
7544
7545
7546
7547
7548
7549
7550
7551
7552
7553
7554
7555
7556
7557
8878
7559
7560
7561
7562
7563
7564
7565
7566
7567
7568
7569
7570
7571
7572
7573
7574
7575
7576
7577
7578
7579
7580
7581
7582
7583
7584
7585
7586
7587
7588
7589
7590
7591
7592
7593
7594
7595
7596
7597
7598
7599
7600
7601
7602
7603
7604
7605
7606
7607
7608
7609
7610
7611
7612
7613
7614
7615
7616
7617
7618
7619
7620
7621
7622
7623
7624
7625
7626
7627
7628
7629
7630
7631
7632
7633
7634
7635
7636
7637
7638
7639
7640
7641
7642
7643
7644
7645
7646
7647
7648
7649
8918
7651
7652
7653
7654
7655
7656
7657
7658
7659
7660
7661
7662
7663
7664
7665
7666
7667
7668
7669
7670
7671
7672
7673
7674
7675
7676
7677
7678
7679
7680
7681
7682
7683
7684
7685
7686
7687
7688
7689
7690
7691
7692
7693
7694
7695
7696
7697
7698
7699
7700
7701
7702
7703
7704
7705
7706
7707
7708
7709
7710
7711
7712
7713
7714
7715
7716
7717
7718
7719
7720
7721
7722
7723
7724
7725
7726
7727
7728
7729
7730
7731
7732
7733
7734
7735
7736
7737
7738
7739
7740
7741
8958
7743
7744
7745
7746
7747
7748
7749
7750
7751
7752
7753
7754
7755
7756
7757
7758
7759
7760
7761
7762
7763
7764
7765
7766
7767
7768
7769
7770
7771
7772
7773
7774
7775
7776
7777
7778
7779
7780
7781
7782
7783
7784
7785
7786
7787
7788
7789
7790
7791
7792
7793
7794
7795
7796
7797
7798
7799
7800
7801
7802
7803
7804
7805
7806
7807
7808
7809
7810
7811
7812
7813
7814
7815
7816
7817
7818
7819
7820
7821
7822
7823
7824
7825
7826
7827
7828
7829
7830
7831
7832
7833
8998
7835
7836
7837
7838
7839
7840
7841
7842
7843
7844
7845
7846
7847
7848
7849
7850
7851
7852
7853
7854
7855
7856
7857
7858
7859
7860
7861
7862
7863
7864
7865
7866
7867
7868
7869
7870
7871
7872
7873
7874
7875
7876
7877
7878
7879
7880
7881
7882
7883
7884
7885
7886
7887
7888
7889
7890
7891
7892
7893
7894
7895
7896
7897
7898
7899
7900
7901
7902
7903
7904
7905
7906
7907
7908
7909
7910
7911
7912
7913
7914
7915
7916
7917
7918
7919
7920
7921
7922
7923
7924
7925
9038
7927
7928
7929
7930
7931
7932
7933
7934
7935
7936
7937
7938
7939
7940
7941
7942
7943
7944
7945
7946
7947
7948
7949
7950
7951
7952
7953
7954
7955
7956
7957
7958
7959
7960
7961
7962
7963
7964
7965
7966
7967
7968
7969
7970
7971
7972
7973
7974
7975
7976
7977
7978
7979
7980
7981
7982
7983
7984
7985
7986
7987
7988
7989
7990
7991
7992
7993
7994
7995
7996
7997
7998
7999
8000
8001
8002
8003
8004
8005
8006
8007
8008
8009
8010
8011
8012
8013
8014
8015
8016
8017
9078
9163
9164
9164
9165
9165
9166
9166
9167
9167
9168
9168
9169
9169
9170
9170
9171
9171
9172
9172
9173
9173
9174
9174
9175
9175
9176
9176
9177
9177
9178
9178
9179
9179
9180
9180
9181
9181
9182
9182
9183
8039
8040
8041
8042
8043
8044
8045
8046
8047
8048
8049
8050
8051
8052
8053
8054
8055
8056
8057
8058
8059
8060
8061
8062
8063
8064
8065
8066
8067
8068
8069
8070
8071
8072
8073
8074
8075
8076
8077
8079
8080
8081
8082
8083
8084
8085
8086
8087
8088
8089
8090
8091
8092
8093
8094
8095
8096
8097
8098
8099
8100
8101
8102
8103
8104
8105
8106
8107
8108
8109
8110
8111
8112
8113
8114
8115
8116
8117
8119
8120
8121
8122
8123
8124
8125
8126
8127
8128
8129
8130
8131
8132
8133
8134
8135
8136
8137
8138
8139
8140
8141
8142
8143
8144
8145
8146
8147
8148
8149
8150
8151
8152
8153
8154
8155
8156
8157
8159
8160
8161
8162
8163
8164
8165
8166
8167
8168
8169
8170
8171
8172
8173
8174
8175
8176
8177
8178
8179
8180
8181
8182
8183
8184
8185
8186
8187
8188
8189
8190
8191
8192
8193
8194
8195
8196
8197
8199
8200
8201
8202
8203
8204
8205
8206
8207
8208
8209
8210
8211
8212
8213
8214
8215
8216
8217
8218
8219
8220
8221
8222
8223
8224
8225
8226
8227
8228
8229
8230
8231
8232
8233
8234
8235
8236
8237
8239
8240
8241
8242
8243
8244
8245
8246
8247
8248
8249
8250
8251
8252
8253
8254
8255
8256
8257
8258
8259
8260
8261
8262
8263
8264
8265
8266
8267
8268
8269
8270
8271
8272
8273
8274
8275
8276
8277
8279
8280
8281
8282
8283
8284
8285
8286
8287
8288
8289
8290
8291
8292
8293
8294
8295
8296
8297
8298
8299
8300
8301
8302
8303
8304
8305
8306
8307
8308
8309
8310
8311
8312
8313
8314
8315
8316
8317
8319
8320
8321
8322
8323
8324
8325
8326
8327
8328
8329
8330
8331
8332
8333
8334
8335
8336
8337
8338
8339
8340
8341
8342
8343
8344
8345
8346
8347
8348
8349
8350
8351
8352
8353
8354
8355
8356
8357
8359
8360
8361
8362
8363
8364
8365
8366
8367
8368
8369
8370
8371
8372
8373
8374
8375
8376
8377
8378
8379
8380
8381
8382
8383
8384
8385
8386
8387
8388
8389
8390
8391
8392
8393
8394
8395
8396
8397
8399
8400
8401
8402
8403
8404
8405
8406
8407
8408
8409
8410
8411
8412
8413
8414
8415
8416
8417
8418
8419
8420
8421
8422
8423
8424
8425
8426
8427
8428
8429
8430
8431
8432
8433
8434
8435
8436
8437
8439
8440
8441
8442
8443
8444
8445
8446
8447
8448
8449
8450
8451
8452
8453
8454
8455
8456
8457
8458
8459
8460
8461
8462
8463
8464
8465
8466
8467
8468
8469
8470
8471
8472
8473
8474
8475
8476
8477
8479
8480
8481
8482
8483
8484
8485
8486
8487
8488
8489
8490
8491
8492
8493
8494
8495
8496
8497
8498
8499
8500
8501
8502
8503
8504
8505
8506
8507
8508
8509
8510
8511
8512
8513
8514
8515
8516
8517
8519
8520
8521
8522
8523
8524
8525
8526
8527
8528
8529
8530
8531
8532
8533
8534
8535
8536
8537
8538
8539
8540
8541
8542
8543
8544
8545
8546
8547
8548
8549
8550
8551
8552
8553
8554
8555
8556
8557
8559
8560
8561
8562
8563
8564
8565
8566
8567
8568
8569
8570
8571
8572
8573
8574
8575
8576
8577
8578
8579
8580
8581
8582
8583
8584
8585
8586
8587
8588
8589
8590
8591
8592
8593
8594
8595
8596
8597
8599
8600
8601
8602
8603
8604
8605
8606
8607
8608
8609
8610
8611
8612
8613
8614
8615
8616
8617
8618
8619
8620
8621
8622
8623
8624
8625
8626
8627
8628
8629
8630
8631
8632
8633
8634
8635
8636
8637
8639
8640
8641
8642
8643
8644
8645
8646
8647
8648
8649
8650
8651
8652
8653
8654
8655
8656
8657
8658
8659
8660
8661
8662
8663
8664
8665
8666
8667
8668
8669
8670
8671
8672
8673
8674
8675
8676
8677
8679
8680
8681
8682
8683
8684
8685
8686
8687
8688
8689
8690
8691
8692
8693
8694
8695
8696
8697
8698
8699
8700
8701
8702
8703
8704
8705
8706
8707
8708
8709
8710
8711
8712
8713
8714
8715
8716
8717
8719
8720
8721
8722
8723
8724
8725
8726
8727
8728
8729
8730
8731
8732
8733
8734
8735
8736
8737
8738
8739
8740
8741
8742
8743
8744
8745
8746
8747
8748
8749
8750
8751
8752
8753
8754
8755
8756
8757
8759
8760
8761
8762
8763
8764
8765
8766
8767
8768
8769
8770
8771
8772
8773
8774
8775
8776
8777
8778
8779
8780
8781
8782
8783
8784
8785
8786
8787
8788
8789
8790
8791
8792
8793
8794
8795
8796
8797
8799
8800
8801
8802
8803
8804
8805
8806
8807
8808
8809
8810
8811
8812
8813
8814
8815
8816
8817
8818
8819
8820
8821
8822
8823
8824
8825
8826
8827
8828
8829
8830
8831
8832
8833
8834
8835
8836
8837
8839
8840
8841
8842
8843
8844
8845
8846
8847
8848
8849
8850
8851
8852
8853
8854
8855
8856
8857
8858
8859
8860
8861
8862
8863
8864
8865
8866
8867
8868
8869
8870
8871
8872
8873
8874
8875
8876
8877
8879
8880
8881
8882
8883
8884
8885
8886
8887
8888
8889
8890
8891
8892
8893
8894
8895
8896
8897
8898
8899
8900
8901
8902
8903
8904
8905
8906
8907
8908
8909
8910
8911
8912
8913
8914
8915
8916
8917
8919
8920
8921
8922
8923
8924
8925
8926
8927
8928
8929
8930
8931
8932
8933
8934
8935
8936
8937
8938
8939
8940
8941
8942
8943
8944
8945
8946
8947
8948
8949
8950
8951
8952
8953
8954
8955
8956
8957
8959
8960
8961
8962
8963
8964
8965
8966
8967
8968
8969
8970
8971
8972
8973
8974
8975
8976
8977
8978
8979
8980
8981
8982
8983
8984
8985
8986
8987
8988
8989
8990
8991
8992
8993
8994
8995
8996
8997
8999
9000
9001
9002
9003
9004
9005
9006
9007
9008
9009
9010
9011
9012
9013
9014
9015
9016
9017
9018
9019
9020
9021
9022
9023
9024
9025
9026
9027
9028
9029
9030
9031
9032
9033
9034
9035
9036
9037
9039
9040
9041
9042
9043
9044
9045
9046
9047
9048
9049
9050
9051
9052
9053
9054
9055
9056
9057
9058
9059
9060
9061
9062
9063
9064
9065
9066
9067
9068
9069
9070
9071
9072
9073
9074
9075
9076
9077
9079
9080
9081
9082
9083
9084
9085
9086
9087
9088
9089
9090
9091
9092
9093
9094
9095
9096
9097
9098
9099
9100
9101
9102
9103
9104
9105
9106
9107
9108
9109
9110
9111
9112
9113
9114
9115
9116
9117
)


// ************************************************************************* //
