#                 x                   p                 rho                 U_x                 U_y                 U_z
              1e-06       4479014.25565       4.33506770438       198.284362072   -1.4476009774e-06    1.4771984731e-14
  0.000822278557114       4479016.94325       4.33505230052       198.280903138  -1.44760097743e-06   1.47717578779e-14
   0.00164355711423       4479021.92205       4.33503331692       198.275315293  -1.42125871629e-06   1.47713915917e-14
   0.00246483567134       4479029.39043       4.33501044602       198.267415422  -1.42125871635e-06   1.47708734813e-14
   0.00328611422846       4479038.37149       4.33498947463       198.259095641  -1.32831328073e-06   1.47702755697e-14
   0.00410739278557       4479047.00757       4.33496824138       198.251123022  -1.17475749451e-06   1.47696475868e-14
   0.00492867134269       4479055.10909        4.3349465501       198.243624527  -1.17475749458e-06   1.47691558004e-14
    0.0057499498998       4479062.74465       4.33492442369       198.236256763  -9.72414902845e-07   1.47685143909e-14
   0.00657122845691       4479070.43828        4.3349023312       198.228710864   -7.2528899898e-07    1.4767806828e-14
   0.00739250701403       4479078.29124       4.33488034543       198.220868408  -7.25288999048e-07   1.47672924831e-14
   0.00821378557114       4479086.64273       4.33485875433       198.212411516   -4.3336714879e-07    1.4766521158e-14
   0.00903506412826       4479095.69498       4.33483664111       198.204607029  -1.01344246607e-07   1.47657883521e-14
   0.00985634268537       4479105.92522       4.33481341946       198.198206549  -1.01344246663e-07   1.47653685787e-14
    0.0106776212425        4479110.0188        4.3347887858       198.199209005  -1.81875091524e-06   1.47721798323e-14
    0.0114988997996       4479112.80751       4.33476385163        198.20178321  -1.81875091522e-06   1.47723486608e-14
    0.0123201783567       4479112.44508       4.33473545489       198.207664525  -4.08384595843e-06   1.47867900535e-14
    0.0131414569138        4479107.0878       4.33470156882       198.218788447  -4.08384595833e-06   1.47875196123e-14
    0.0139627354709       4479101.73052       4.33466768276        198.22991237  -4.08384595824e-06   1.47882491712e-14
    0.0147840140281       4479090.83325         4.334630001       198.245983632  -6.60207741602e-06   1.48035555095e-14
    0.0156052925852       4479079.63414       4.33459211419       198.262323678  -6.60207741588e-06    1.4804627166e-14
    0.0164265711423        4479066.8112       4.33455282377       198.279886474  -8.72776236684e-06   1.48204038098e-14
    0.0172478496994       4479052.43026       4.33451218233       198.298623011  -8.72776236668e-06   1.48216326395e-14
    0.0180691282565       4479037.98109        4.3344714604       198.317473553  -1.05730215771e-05   1.48377767858e-14
    0.0188904068136       4479022.64474       4.33442972147       198.337807143  -1.05730215769e-05   1.48391103576e-14
    0.0197116853707        4479007.3084       4.33438798254       198.358140733  -1.05730215767e-05   1.48404439294e-14
    0.0205329639279       4478990.81947        4.3343453956       198.380174333  -1.24471933287e-05   1.48570878658e-14
     0.021354242485       4478973.66223       4.33430231403       198.403193351  -1.24471933285e-05   1.48585975605e-14
    0.0221755210421       4478955.94953       4.33425880471       198.426927911  -1.45918637552e-05   1.48756587238e-14
    0.0229967995992       4478935.93955       4.33421353556       198.453621468   -1.4591863755e-05    1.4877409412e-14
    0.0238180781563       4478915.92957        4.3341682664       198.480315025  -1.45918637547e-05   1.48791601001e-14
    0.0246393567134       4478893.23961       4.33412080717       198.510369445  -1.71423553711e-05   1.48970642436e-14
    0.0254606352705       4478869.68638       4.33407263997       198.541506465  -1.71423553708e-05   1.48991063548e-14
    0.0262819138277       4478844.79899       4.33402342822        198.57432216  -2.01913417323e-05   1.49175365032e-14
    0.0271031923848       4478817.05002       4.33397198227       198.610738414   -2.0191341732e-05   1.49199248512e-14
    0.0279244709419       4478789.30105       4.33392053632       198.647154669  -2.01913417317e-05   1.49223131992e-14
     0.028745749499        4478757.1486       4.33386560385       198.689124708   -2.3839440914e-05    1.4941595459e-14
    0.0295670280561       4478724.39335       4.33381019182       198.731854999  -2.38394409136e-05   1.49443979111e-14
    0.0303883066132       4478688.98671       4.33375270063       198.777921166  -2.82032184416e-05   1.49641058742e-14
    0.0312095851703       4478650.22211       4.33369258083       198.828212166  -2.82032184411e-05   1.49674041928e-14
    0.0320308637275       4478611.43714       4.33363244697       198.878528679  -3.34055915418e-05   1.04037759011e-14
    0.0328521422846       4478565.47789       4.33356662847       198.937828729  -3.34055915412e-05   1.04076650753e-14
    0.0336734208417       4478519.51864       4.33350080996       198.997128778  -3.34055915407e-05   1.04115542495e-14
    0.0344946993988       4478468.72912       4.33343119083       199.062442582  -3.95667067055e-05   1.03918268312e-14
    0.0353159779559       4478414.21241       4.33335864273       199.132396771  -3.95667067049e-05   1.03964147536e-14
     0.036137256513       4478358.42269       4.33328508742       199.203926088  -4.68041980609e-05   1.03776411941e-14
    0.0369585350701       4478293.80842       4.33320453301       199.286374064  -4.68041980602e-05   1.03830485174e-14
    0.0377798136273       4478229.19416       4.33312397859       199.368822041  -4.68041980595e-05   1.03884558408e-14
    0.0386010921844       4478156.45404       4.33303701073       199.461258297  -5.52309887389e-05   1.54764208422e-14
    0.0394223707415       4478080.02366       4.33294713344       199.558230593  -5.52309887381e-05   1.54827807382e-14
    0.0402436492986       4478000.17481       4.33285454433       199.659375997  -6.49559841352e-05   1.55412591557e-14
    0.0410649278557       4477910.03285         4.332753781       199.773086652  -6.49559841342e-05   1.55487168315e-14
    0.0418862064128       4477819.89089       4.33265301766       199.886797307  -6.49559841332e-05   1.55561745072e-14
    0.0427074849699       4477716.95234       4.33254212773       200.016015347  -7.60777885541e-05   1.54875010124e-14
    0.0435287635271       4477611.03028       4.33242887958       200.148848854   -7.6077788553e-05    1.5496212854e-14
    0.0443500420842       4477498.39787       4.33231029875       200.289751468  -8.86852437699e-05   1.54553172575e-14
    0.0451713206413       4477374.46402       4.33218273061       200.444243784  -8.86852437686e-05    1.5465449585e-14
    0.0459925991984       4477250.53017       4.33205516246       200.598736099  -8.86852437672e-05   1.54755819125e-14
    0.0468138777555       4477107.54453       4.33191248176        200.77594005  -0.000102850075461   2.11274913864e-14
    0.0476351563126       4476963.21641       4.33176873863         200.9547443  -0.000102850075459   2.11392182041e-14
    0.0484564348697       4476807.53835       4.33161651985       201.146968243  -0.000118630807857   2.13009490491e-14
    0.0492777134269       4476640.31779       4.33145567819       201.352839417  -0.000118630807855   2.13144510421e-14
     0.050098991984        4476471.6315       4.33129359078       201.560427885  -0.000136050034554   2.14264822956e-14
    0.0509202705411       4476278.88161        4.3311110542       201.796208065  -0.000136050034552   2.14419458609e-14
    0.0517415490982       4476086.13172       4.33092851763       202.031988245   -0.00013605003455   2.14574094262e-14
    0.0525628276553        4475875.8803       4.33073233207       202.288065101  -0.000155145875954     2.157065702e-14
    0.0533841062124       4475654.85814       4.33052774832       202.556632726  -0.000155145875951    2.1588270939e-14
    0.0542053847695       4475428.22079       4.33031845729       202.831641087  -0.000175915102752    1.5652895791e-14
    0.0550266633267       4475176.11615       4.33008780492       203.135860096   -0.00017591510275   1.56728478943e-14
    0.0558479418838       4474924.01152       4.32985715255       203.440079104  -0.000175915102747   1.56927999975e-14
    0.0566692204409       4474646.72329       4.32960777564        203.77286081  -0.000198338265113   1.56297025183e-14
     0.057490498998       4474360.69112       4.32935190297       204.115559545   -0.00019833826511   1.56521783017e-14
    0.0583117775551       4474063.46872       4.32908666071       204.470805527  -0.000222390356378   1.56654481828e-14
    0.0591330561122       4473740.61384       4.32879993566       204.854791819  -0.000222390356375    1.5690631797e-14
    0.0599543346693       4473417.75895       4.32851321062       205.238778111  -0.000222390356371   1.57158154112e-14
    0.0607756132265       4473060.45633       4.32819967643       205.660878287  -0.000248027156911   1.57426881704e-14
    0.0615968917836       4472697.80115       4.32788198559       206.088900431  -0.000248027156907   1.57707598614e-14
    0.0624181703407       4472316.87363       4.32754966429       206.536872555  -0.000275217306574   1.58002461698e-14
    0.0632394488978        4471911.4396       4.32719770113       207.011600747   -0.00027521730657   1.58313810616e-14
    0.0640607274549       4471506.00557       4.32684573797       207.486328939  -0.000275217306566   1.58625159533e-14
     0.064882006012       4471055.25802       4.32645767951       208.009808482  -0.000303897689953   2.29527381313e-14
    0.0657032845691       4470603.99505       4.32606921918       208.533842268  -0.000303897689948   2.29871067142e-14
    0.0665245631263       4470125.81124       4.32565919041        209.08640012  -0.000334017287063   2.32490656228e-14
    0.0673458416834       4469625.63452        4.3252315254       209.662260175  -0.000334017287058   2.32868332145e-14
    0.0681671202405       4469119.62554       4.32479920148       210.244199381  -0.000365541605007   2.34171644213e-14
    0.0689883987976       4468567.37112       4.32433001591       210.874338546  -0.000365541605001   2.34584918904e-14
    0.0698096773547        4468015.1167       4.32386083035       211.504477711  -0.000365541604996   2.34998193596e-14
    0.0706309559118       4467425.59969       4.32336178185       212.172793224  -0.000398413266319    3.1458169661e-14
    0.0714522344689       4466818.02765       4.32284825015        212.85960605  -0.000398413266313   3.15032140535e-14
    0.0722735130261       4466196.65305       4.32232369441       213.560304141  -0.000432623650333   2.37828885084e-14
    0.0730947915832       4465530.40389       4.32176333711       214.306143873  -0.000432623650327   2.38318041611e-14
    0.0739160701403       4464864.15474       4.32120297981       215.051983604   -0.00043262365032   2.38807198137e-14
    0.0747373486974       4464148.36802       4.32060291422       215.846718009  -0.000468127766679   2.41752138574e-14
    0.0755586272545       4463419.95205       4.31999271336         216.6539173  -0.000468127766672   2.42281537565e-14
    0.0763799058116        4462667.9347       4.31936365345       217.483948801  -0.000504941450113   2.44433808022e-14
    0.0772011843687       4461873.67879       4.31870086905       218.354840922  -0.000504941450105   2.45004979745e-14
    0.0780224629259       4461079.42288       4.31803808464       219.225733043  -0.000504941450098   2.45576151468e-14
     0.078843741483       4460221.02822       4.31732387924       220.157398839  -0.000543040770213   2.47671045488e-14
    0.0796650200401       4459357.06275       4.31660519694       221.094342677  -0.000543040770205   2.48285537011e-14
    0.0804862985972       4458457.52835       4.31585807662       222.064265484  -0.000582474177949   2.50573962045e-14
    0.0813075771543       4457519.72275       4.31508037854       223.069671506  -0.000582474177941   2.51233354267e-14
    0.0821288557114       4456578.52729         4.314299972       224.078151785  -0.000623240698769   2.53863121071e-14
    0.0829501342685       4455562.47217       4.31345951882       225.154509399   -0.00062324069876   2.54569046659e-14
    0.0837714128257       4454546.41706       4.31261906565       226.230867013   -0.00062324069875   2.55274972248e-14
    0.0845926913828        4453480.1456       4.31173843891       227.351716947  -0.000665423135485   1.67679962864e-14
    0.0854139699399        4452381.0797        4.3108315934       228.501622018  -0.000665423135475    1.6843412431e-14
     0.086235248497       4451267.33235        4.3099129816       229.664232417   -0.00070904379652   1.68561153965e-14
    0.0870565270541       4450080.11964       4.30893542861       230.890415957   -0.00070904379651   1.69365342393e-14
    0.0878778056112       4448892.90692       4.30795787562       232.116599498  -0.000709043796499   1.70169530821e-14
    0.0886990841683       4447637.43466       4.30692567795       233.400435687  -0.000754220555898   1.72247271151e-14
    0.0895203627255       4446356.48108       4.30587309607       234.705792523  -0.000754220555887   1.73103385124e-14
    0.0903416412826       4445046.59976       4.30479731354       236.034988875   -0.00080099856209   2.72854522337e-14
    0.0911629198397       4443665.82376       4.30366463451       237.422607451  -0.000800998562078     2.737645874e-14
    0.0919841983968       4442285.04776       4.30253195548       238.810226027  -0.000800998562066   2.74674652463e-14
    0.0928054769539        4440813.6076       4.30132664306       240.270703788  -0.000849531190965   2.77058034474e-14
     0.093626755511       4439326.34425       4.30010866722        241.74389624  -0.000849531190952   2.78024222882e-14
    0.0944480340681       4437792.08893       4.29885298108       243.253907312  -0.000899886125358   3.83444681089e-14
    0.0952693126253       4436191.05095       4.29754367584       244.816241163  -0.000899886125345   3.84469332588e-14
    0.0960905911824       4434590.01298        4.2962343706       246.378575015  -0.000899886125331   3.85493984088e-14
    0.0969118697395       4432870.26676       4.29482988926       248.031548611  -0.000952253087588   3.93641137595e-14
    0.0977331482966        4431147.4321       4.29342294334       249.686879326  -0.000952253087574   3.94726780781e-14
    0.0985544268537       4429354.55834       4.29195975777       251.394322287   -0.00100672259886   4.02801984448e-14
    0.0993757054108       4427501.11744       4.29044791682       253.146828163   -0.00100672259885   4.03951359643e-14
     0.100196983968       4425633.94071       4.28892504275       254.909290587   -0.00106352234968   3.04234446528e-14
     0.101018262525       4423640.16226       4.28730059655       256.763509328   -0.00106352234967    3.0545052977e-14
     0.101839541082       4421646.38382       4.28567615035        258.61772807   -0.00106352234965   3.06666613012e-14
     0.102660819639       4419552.98003       4.28397165185       260.542283164    -0.0011227670366   3.08479225199e-14
     0.103482098196       4417408.13874       4.28222580364       262.503151938   -0.00112276703658   3.09765254512e-14
     0.104303376754       4415227.26827       4.28045100606       264.488793126   -0.00118472534504   3.13316786556e-14
     0.105124655311       4412919.48122       4.27857428531       266.561691631   -0.00118472534503   3.14676290199e-14
     0.105945933868       4410611.69417       4.27669756457       268.634590136   -0.00118472534501   3.16035793841e-14
     0.106767212425       4408166.07888       4.27471000593       270.799773952   -0.00124953921831   3.19756295464e-14
     0.107588490982       4405682.20533       4.27269166548       272.990572667   -0.00124953921829   3.21193123571e-14
     0.108409769539       4403132.66885       4.27062051934       275.224180137   -0.00131752339928   4.41097578089e-14
     0.109231048096       4400458.10635       4.26844886373       277.539293472   -0.00131752339926   4.42615937529e-14
     0.110052326653       4397783.54385       4.26627720811       279.854406808   -0.00131752339924   4.44134296969e-14
      0.11087360521       4394921.54326       4.26395468276       282.288505107   -0.00138885235962   4.48890235689e-14
     0.111694883768       4392040.08733       4.26161648395          284.734952    -0.0013888523596   4.50494729809e-14
     0.112516162325       4389053.44492       4.25919360634       287.246405979   -0.00146389441218   4.57830731298e-14
     0.113337440882       4385947.02958        4.2566743341       289.831877939   -0.00146389441215    4.5952640455e-14
     0.114158719439       4382833.45818       4.25414930839       292.421657378   -0.00154286451493   4.67168229774e-14
     0.114979997996       4379481.95792       4.25143255087       295.154597176   -0.00154286451491    4.6896061932e-14
     0.115801276553       4376130.45765       4.24871579335       297.887536974   -0.00154286451488   4.70753008867e-14
      0.11662255511       4372620.85143       4.24587160467       300.713089828   -0.00162619511987   4.79653607284e-14
     0.117443833667         4369001.744       4.24293918123        303.60278127   -0.00162619511984   4.81548801879e-14
     0.118265112224       4365338.00329       4.23997076484       306.517927968    -0.0017141529765   4.92039546328e-14
     0.119086390782       4361426.08786       4.23680213089       309.574600858   -0.00171415297647   4.94044255154e-14
     0.119907669339       4357514.17244       4.23363349694       312.631273747   -0.00171415297645    4.9604896398e-14
     0.120728947896       4353372.95141       4.23027980297         315.8152484   -0.00180724896385   5.08243605583e-14
     0.121550226453       4349139.90087       4.22685201667       319.050199959   -0.00180724896382   5.10365237886e-14
      0.12237150501       4344809.54232       4.22334564217       322.337747047   -0.00190581708967   6.53818691546e-14
     0.123192783567       4340223.49825       4.21963272168       325.763485195   -0.00190581708964   6.56065450604e-14
     0.124014062124       4335637.45418       4.21591980119       329.189223343   -0.00190581708961   6.58312209662e-14
     0.124835340681        4330725.7154       4.21194364443       332.786333089   -0.00201046557028    7.5701116858e-14
     0.125656619238       4325750.68006       4.20791634533       336.416744387   -0.00201046557025   7.59392161848e-14
     0.126477897796       4320604.23131       4.20375039267       340.134971269   -0.00212161640003   7.73491431585e-14
     0.127299176353       4315199.47851       4.19937546784       343.985521127       -0.0021216164   7.76016802001e-14
      0.12812045491       4309794.72572         4.195000543       347.836070984   -0.00212161639996   7.78542172416e-14
     0.128941733467       4303932.75114        4.1902554662       351.914669649   -0.00224000004173   7.95930239214e-14
     0.129763012024       4298051.97998       4.18549518632       356.002640025    -0.0022400000417   7.98611321093e-14
     0.130584290581       4291895.12497       4.18051119578       360.224699448   -0.00236615350567   8.21691202801e-14
     0.131405569138       4285485.58946       4.17532243161       364.569474958   -0.00236615350563   8.24540709479e-14
     0.132226847695       4279026.71444       4.17009363567       368.937588811   -0.00250096056849   8.50481405219e-14
     0.133048126253       4272028.01507       4.16442701392       373.561000252   -0.00250096056845   8.53513654352e-14
      0.13386940481       4265029.31569       4.15876039217       378.184411692   -0.00250096056841   8.56545903486e-14
     0.134690683367       4257605.62992       4.15274870919       383.003584556   -0.00264510526749   8.09652159324e-14
     0.135511961924       4249948.40631       4.14654738662        387.93032567   -0.00264510526745   8.12883346222e-14
     0.136333240481       4242138.30692       4.14022178244       392.925661695   -0.00279965779749   8.35758149799e-14
     0.137154519038       4233742.46825       4.13342006294        398.18379391   -0.00279965779745   8.39206678458e-14
     0.137975797595       4225346.62957       4.12661834344       403.441926125    -0.0027996577974   8.42655207116e-14
     0.138797076152       4216311.75874       4.11929653656        408.97939688   -0.00296547700662   8.66641176134e-14
     0.139618354709       4207084.48845       4.11181812302       414.600964283   -0.00296547700658   8.70328062561e-14
     0.140439633267       4197546.94883       4.10408682506       420.354689078   -0.00314383580165   9.72937916561e-14
     0.141260911824       4187380.05684         4.095842616       426.376464917    -0.0031438358016    9.7688727837e-14
     0.142082190381       4177213.16485       4.08759840695       432.398240756   -0.00314383580155   9.80836640179e-14
     0.142903468938       4166095.35695       4.07857804496       438.814757267   -0.00333575519114   1.01102962881e-13
     0.143724747495       4154862.20333         4.069463519       445.279148712   -0.00333575519108   1.01526927861e-13
     0.144546026052       4143077.96498       4.05989839128       451.966520103   -0.00354264220436   9.67442111278e-14
     0.145367304609       4130629.45854       4.04979014551       458.922651386    -0.0035426422043   9.72004267021e-14
     0.146188583166       4118160.00702       4.03966475737       465.887051453   -0.00376550131587   1.00369976233e-13
     0.147009861723       4104319.90301       4.02841651522       473.392035361    -0.0037655013158   1.00862188125e-13
     0.147831140281         4090479.799       4.01716827307       480.897019269   -0.00376550131574   1.01354400018e-13
     0.148652418838       4075716.50982        4.0051620286       488.756884856   -0.00400549102553    1.1305693049e-13
     0.149473697395       4060275.50069       3.99259934869       496.877256152   -0.00400549102546   1.13589502362e-13
     0.150294975952       4044578.67227       3.97982609691       505.093443708   -0.00426284602347    1.1730098108e-13
     0.151116254509       4027287.64439       3.96574049172       513.906655405   -0.00426284602339    1.1787899266e-13
     0.151937533066       4009996.61652       3.95165488653       522.719867101   -0.00426284602332   1.18457004241e-13
     0.152758811623       3991203.14106       3.93632848812       532.080778093   -0.00453706796437   1.13726872655e-13
      0.15358009018       3971765.43146       3.92047006591       541.676517733   -0.00453706796429   1.14356206073e-13
     0.154401368737        3951674.3605       3.90406999674       551.503728092   -0.00482509449686   1.18436991652e-13
     0.155222647295       3929738.21942       3.88614025809       561.984542342   -0.00482509449677   1.19124372395e-13
     0.156043925852       3907802.07835       3.86821051944       572.465356592   -0.00482509449668   1.19811753139e-13
     0.156865204409        3883469.7609         3.848284309       583.768870979   -0.00512039454353   1.24269634895e-13
     0.157686482966       3858622.54584       3.82792909836       595.249144018   -0.00512039454343   1.25022564814e-13
     0.158507761523       3832473.23022       3.80648211231       607.160889546    -0.0054093713361    1.3736744512e-13
      0.15932904008       3804241.68442       3.78328916176       619.762545451     -0.005409371336   1.38193920564e-13
     0.160150318637       3776010.13861       3.76009621121       632.364201357   -0.00540937133589   1.39020396007e-13
     0.160971597194       3744083.03362       3.73377799147       646.139334974   -0.00566815018916   1.53553751847e-13
     0.161792875752       3711946.49033       3.70728264691       659.980932265   -0.00566815018904   1.54461548437e-13
     0.162614154309       3677559.28784       3.67886530785       674.507558917   -0.00585641332473    1.6131756464e-13
     0.163435432866       3640992.29736       3.64858641757        689.69757507    -0.0058564133246   1.62313796836e-13
     0.164256711423       3604080.63169       3.61800208925       704.971372367   -0.00591322396977   1.68716237753e-13
      0.16507798998       3562562.87164       3.58333361429        721.35959675   -0.00591322396963    1.6979105404e-13
     0.165899268537        3521045.1116       3.54866513933       737.747821132   -0.00591322396948   1.70865870328e-13
     0.166720547094       3476954.81825       3.51276104418       757.009010317   -0.00574670546516    1.7729410466e-13
     0.167541825651       3431364.65522       3.47614145985       777.955817409   -0.00574670546498    1.7866789409e-13
     0.168363104208        3382657.5718       3.43624926901       798.715838517   -0.00532016669572   1.85012603235e-13
     0.169184382766       3320814.24922        3.3825359411       818.627807496   -0.00532016669555   1.86318523148e-13
     0.170005661323       3258970.92664        3.3288226132       838.539776475   -0.00532016669537   1.87624443062e-13
      0.17082693988       3144913.35189       3.22672668198       869.156715577   -0.00510219564019    1.9191964945e-13
     0.171648218437       3034073.03456       3.13053204148       906.087948721   -0.00423828436581   1.95668251663e-13
     0.172469496994       2938024.56677       3.04689294565       938.100857146    -0.0036731618215   1.98270742341e-13
     0.173290775551       2853454.36057          2.97316695       966.645897554   -0.00303914652383   2.00540123439e-13
     0.174112054108       2775868.45874       2.90535010773       992.999826886   -0.00165110307454   2.02750464541e-13
     0.174933332665       2702731.71069       2.84112965799       1017.76702091  -0.000953585373917    2.0446760261e-13
     0.175754611222        2633528.4466       2.78005636839       1041.04806688  -0.000297494391309   2.06001356231e-13
      0.17657588978       2568989.50582       2.72279859677       1062.60526635   0.000759232084394   2.07245965155e-13
     0.177397168337       2510680.60393       2.67078381994       1081.97115847    0.00110660654438   2.08373751673e-13
     0.178218446894       2458010.40124       2.62363380167       1099.47307884     0.0013138832919   2.09361180728e-13
     0.179039725451       2410503.57525       2.58103525331       1115.40861477     0.0013841829349   2.10242106237e-13
     0.179861004008       2366940.69451       2.54204031699       1130.43602864    0.00120647265074   2.10931327858e-13
     0.180682282565       2323750.72435        2.5035931048        1146.0154494    0.00103804321162   2.11832151124e-13
     0.181503561122       2276289.67484       2.46173602128       1164.19590805   0.000882455736191   2.12920930847e-13
     0.182324839679       2215015.56901       2.40724644752       1187.34276833   0.000821860969455   2.14251948694e-13
     0.183146118236       2136264.47152        2.3383713004       1220.47671296    0.00207438346352   2.14737634498e-13
     0.183967396794       2084337.58274       2.29259303758       1242.31374564    0.00207438346371   2.16169809079e-13
     0.184788675351       2032410.69397       2.24681477475       1264.15077833     0.0020743834639    2.1760198366e-13
     0.185609953908       1982620.09422        2.2018779342       1283.76857559    0.00422121516919   2.15324416642e-13
     0.186431232465       1934723.73109        2.1576840087       1301.41777417    0.00422121516934   2.16481933505e-13
     0.187252511022       1886827.36796        2.1134900832       1319.06697274    0.00422121516949   2.17639450368e-13
     0.188073789579       1837451.09678       2.06743329817       1337.47018919    0.00697876127831   2.14648999193e-13
     0.188895068136       1787618.70313       2.02080240922       1356.10506258    0.00697876127847   2.15871161214e-13
     0.189716346693       1737781.23006       1.97416496239       1374.74187872    0.00998016069793   2.12347560539e-13
     0.190537625251       1686340.67926       1.92512012495       1394.04054589    0.00998016069809   2.13613257256e-13
     0.191358903808       1634900.12846       1.87607528751       1413.33921307    0.00998016069826   2.14878953974e-13
     0.192180182365       1583650.53159       1.82698669503       1432.61659107     0.0129068605972   2.14934358959e-13
     0.193001460922       1533016.91455       1.77776714864       1451.82364972     0.0129068605974   2.16194047561e-13
     0.193822739479       1482383.29751       1.72854760225       1471.03070836     0.0129068605976   2.17453736163e-13
     0.194644018036       1433281.97502       1.68039532044       1489.83150289     0.0153284821285   2.12555807317e-13
     0.195465296593       1385869.33695       1.63342043649       1508.18434353     0.0153284821287   2.13759472313e-13
      0.19628657515       1338456.69888       1.58644555254       1526.53718416     0.0153284821289   2.14963137309e-13
     0.197107853707       1294628.39377       1.54247161303       1543.82348169     0.0168776838229   2.07838685433e-13
     0.197929132265       1252242.19213       1.49970553311       1560.68052653     0.0168776838231   2.08944249155e-13
     0.198750410822       1209855.99048       1.45693945318       1577.53757136     0.0168776838232   2.10049812877e-13
     0.199571689379       1173232.75248       1.41939565653       1592.53175678      0.017329059984   2.08794271555e-13
     0.200392967936       1136910.90577       1.38212523452       1607.42839753     0.0173290599842   2.09771262822e-13
     0.201214246493       1101783.07471       1.34599279466       1621.91047973     0.0166521092492    2.0413267569e-13
      0.20203552505       1071830.82789       1.31479406897       1634.59503676     0.0166521092493   2.04964588176e-13
     0.202856803607       1041878.58107       1.28359534328       1647.27959379     0.0166521092494   2.05796500662e-13
     0.203678082164       1014497.63371       1.25494141912       1659.01813602     0.0150273384599   2.00525822238e-13
     0.204499360721       990601.316497       1.22973654978       1669.47444982       0.01502733846   2.01211596127e-13
     0.205320639279       966704.999281       1.20453168044       1679.93076362     0.0150273384601   2.01897370017e-13
     0.206141917836       946296.011494       1.18288069377       1689.05151617     0.0128262135771   1.95255447261e-13
     0.206963196393       927669.754162       1.16304660519       1697.48946218     0.0128262135771   1.95808847165e-13
      0.20778447495        909043.49683       1.14321251662       1705.92740819     0.0128262135772   1.96362247069e-13
     0.208605753507       894188.818016       1.12731677075       1712.90853421      0.010534556803   1.93652353551e-13
     0.209427032064       879758.528931       1.11186425767       1719.72575738      0.010534556803   1.94099458883e-13
     0.210248310621       865732.235839       1.09684239087       1726.39305687    0.00863280972026   1.92133104848e-13
     0.211069589178       854271.810925       1.08455592963       1732.10855752    0.00863280972031   1.92507954072e-13
     0.211890867735        842811.38601       1.07226946838       1737.82405818    0.00863280972036   1.92882803296e-13
     0.212712146293       832007.467801        1.0606940712       1743.32542178     0.0073902235281   1.89390218504e-13
      0.21353342485       822305.977083       1.05031275888        1748.4674295    0.00739022352815   1.89727455384e-13
     0.214354703407       812604.486366       1.03993144655       1753.60943723    0.00739022352819   1.90064692263e-13
     0.215175981964       803371.175426       1.03006077107       1758.66407091    0.00688360936088   1.87180784553e-13
     0.215997260521       794436.425777       1.02051572538       1763.66320522    0.00688360936093   1.87508651127e-13
     0.216818539078       785501.676128        1.0109706797       1768.66233954    0.00688360936097   1.87836517701e-13
     0.217639817635       776644.204744       1.00149710093       1773.77922799    0.00701406527747   1.86215246634e-13
     0.218461096192       767800.312989      0.992035998165        1778.9175491    0.00701406527751   1.86552241728e-13
     0.219282374749       758934.803754      0.982547853271       1784.07875106    0.00758205721081   1.84907436575e-13
     0.220103653307       749832.153778      0.972763081813       1789.48987283    0.00758205721085   1.85262323211e-13
     0.220924931864       740729.503803      0.962978310354       1794.90099459     0.0075820572109   1.85617209846e-13
     0.221746210421       731515.434941      0.953050806954       1800.40629263    0.00837242736197   1.84670202872e-13
     0.222567488978       722065.832258      0.942821526463       1806.11066003    0.00837242736202   1.85044321925e-13
     0.223388767535       712616.229575      0.932592245972       1811.81502743    0.00837242736207   1.85418440978e-13
     0.224210046092       703014.306416      0.922149754066       1817.65473277    0.00921032414442   1.84218955547e-13
     0.225031324649       693291.955486      0.911538630565        1823.6014807    0.00921032414447   1.84608971047e-13
     0.225852603206       683569.604556      0.900927507063       1829.54822864    0.00921032414452   1.84998986548e-13
     0.226673881764       673757.224887      0.890146321184        1835.6243663    0.00997852485814   1.83522157792e-13
     0.227495160321       663921.812978      0.879321512254       1841.73375533    0.00997852485819   1.83922840055e-13
     0.228316438878       654087.762183      0.868495274058       1847.84587861     0.0106202792239   1.82477414335e-13
     0.229137717435       644296.817471      0.857628726012       1854.03843217      0.010620279224   1.82883550917e-13
     0.229958995992        634505.87276      0.846762177967       1860.23098574      0.010620279224   1.83289687498e-13
     0.230780274549       624763.251833      0.835924818527       1866.42516017       0.01113014099   1.81898789783e-13
     0.231601553106       615152.021138      0.825167002241       1872.62355628       0.01113014099   1.82305309547e-13
     0.232422831663       605540.790442      0.814409185955        1878.8219524     0.0111301409901    1.8271182931e-13
      0.23324411022       596083.483032      0.803780142575       1884.98866784     0.0115022431896   1.81362712761e-13
     0.234065388778       586776.294212      0.793276732148       1891.12444081     0.0115022431897   1.81765125406e-13
     0.234886667335       577469.105391      0.782773321722       1897.26021379     0.0115022431897   1.82167538052e-13
     0.235707945892       568449.669993      0.772534822788       1903.31169914     0.0117472953059   1.80853043609e-13
     0.236529224449       559529.542804      0.762387767096        1909.3340767      0.011747295306   1.81248019254e-13
     0.237350503006       550609.415615      0.752240711404       1915.35645426      0.011747295306   1.81642994898e-13
     0.238171781563       542117.121766      0.742507037525        1921.2325665     0.0118843573411   1.78572386054e-13
      0.23899306012       533633.312583       0.73278157076       1927.10576772     0.0118843573411   1.78957578018e-13
     0.239814338677       525249.633137        0.7231558428         1932.941269      0.011933481771   1.77782055538e-13
     0.240635617234       517225.862493      0.713888649792       1938.64122314      0.011933481771   1.78155885149e-13
     0.241456895792       509202.091849      0.704621456784       1944.34117727     0.0119334817711    1.7852971476e-13
     0.242278174349       501390.220259      0.695570059714       1949.95530951     0.0119119992114   1.77394893561e-13
     0.243099452906       493832.423266      0.686777420836       1955.46652261     0.0119119992115   1.77756344653e-13
     0.243920731463       486274.626273      0.677984781959       1960.97773571     0.0119119992115   1.78117795745e-13
      0.24474201002       479035.204232      0.669522114464        1966.3518653     0.0118333931765   1.75673028895e-13
     0.245563288577       471937.601267      0.661206438034       1971.66492224     0.0118333931766    1.7602148398e-13
     0.246384567134       464839.998302      0.652890761605       1976.97797918     0.0118333931766   1.76369939066e-13
     0.247205845691       458157.647532      0.645011936911        1982.1022348       0.01170783846   1.75118793685e-13
     0.248027124248       451507.077835      0.637166550151        1987.2120343       0.01170783846   1.75453918198e-13
     0.248848402806       444927.764479      0.629397123618        1992.2877866     0.0115429972841   1.75847114321e-13
     0.249669681363       438706.492246      0.622009393694        1997.1924297     0.0115429972842    1.7616878372e-13
      0.25049095992       432485.220013       0.61462166377        2002.0970728     0.0115429972842   1.76490453119e-13
     0.251312238477       426428.680853       0.60741168104       2006.91928247     0.0113452998399   1.74095972592e-13
     0.252133517034       420616.115379      0.600464952721       2011.61939399     0.0113452998399   1.74404227855e-13
     0.252954795591       414803.549905      0.593518224401       2016.31950551       0.01134529984   1.74712483117e-13
     0.253776074148       409238.318244      0.586841363972        2020.8904486     0.0111205599433   1.73906419087e-13
     0.254597352705       403812.130788      0.580316219786       2025.38876986     0.0111205599434   1.74201440002e-13
     0.255418631263       398385.943331        0.5737910756       2029.88709112     0.0111205599434   1.74496460918e-13
      0.25623990982       393278.170536      0.567616988185       2034.21249881     0.0108745032764    1.7232731455e-13
     0.257061188377       388214.969143      0.561492043647       2038.51369779     0.0108745032764   1.72609407265e-13
     0.257882466934        383190.49609      0.555410206677       2042.79310917     0.0106131498321   1.71992760465e-13
     0.258703745491       378466.173128      0.549662476341       2046.90363406     0.0106131498321   1.72262347883e-13
     0.259525024048       373741.850165      0.543914746005       2051.01415894     0.0106131498322   1.72531935301e-13
     0.260346302605       369128.015544      0.538291110669       2055.06060037     0.0103427342783   1.70800012064e-13
     0.261167581162       364718.153189      0.532896571034       2058.98873023     0.0103427342783   1.71057637165e-13
     0.261988859719       360308.290835      0.527502031399       2062.91686009     0.0103427342784   1.71315262265e-13
     0.262810138277       356068.798603      0.522300339159       2066.74347397     0.0100703109258   1.70662016282e-13
     0.263631416834       351948.467222      0.517233531026       2070.49908111     0.0100703109259   1.70908326536e-13
     0.264452695391       347828.135841      0.512166722893       2074.25468825     0.0100703109259   1.71154636791e-13
     0.265273973948       343926.546805      0.507349224665       2077.87688634     0.0098048339838   1.70568049843e-13
     0.266095252505       340071.194803      0.502584425895       2081.47088296    0.00980483398383   1.70803760925e-13
     0.266916531062       336230.938497      0.497836940162       2085.05551825    0.00955178224925   1.70235953989e-13
     0.267737809619       332616.796379       0.49334879572       2088.49991556    0.00955178224928    1.7046185365e-13
     0.268559088176       329002.654262      0.488860651277       2091.94431287    0.00955178224931    1.7068775331e-13
     0.269380366733        325453.77354      0.484447734723       2095.34776718    0.00931498765892   1.69064754439e-13
     0.270201645291       322057.417812      0.480210637711       2098.65553003    0.00931498765895   1.69281692974e-13
     0.271022923848       318661.062084      0.475973540699       2101.96329289    0.00931498765898   1.69498631509e-13
     0.271844202405       315369.567955      0.471857792651       2105.20492053      0.009098431404   1.69103353547e-13
     0.272665480962       312168.582632      0.467846784987       2108.38946489    0.00909843140402   1.69312210839e-13
     0.273486759519       308967.597309      0.463835777323       2111.57400926    0.00909843140405    1.6952106813e-13
     0.274308038076       305901.362942      0.459981134978       2114.67375476    0.00890572717503   1.69922191684e-13
     0.275129316633       302874.517951      0.456172200277       2117.74871292    0.00890572717506     1.701238618e-13
      0.27595059519       299849.350736      0.452365214748       2120.82262572    0.00873985863588   1.69659996139e-13
     0.276771873747       296976.695369      0.448735424387       2123.80157576    0.00873985863591   1.69855369594e-13
     0.277593152305       294104.040002      0.445105634026       2126.78052579    0.00873985863593   1.70050743049e-13
     0.278414430862       291265.038249      0.441514930739       2129.73894895     0.0086030271945   1.69643323241e-13
     0.279235709419       288528.107684      0.438042777538       2132.63511839    0.00860302719453   1.69833267558e-13
     0.280056987976       285791.177119      0.434570624338       2135.53128782    0.00860302719455   1.70023211874e-13
     0.280878266533       283111.897346      0.431165288275       2138.39346504    0.00849618343799    1.6963264954e-13
      0.28169954509       280493.827382      0.427830894044       2141.21955433    0.00849618343802   1.69817997673e-13
     0.282520823647       277875.757419      0.424496499813       2144.04564362    0.00849618343804   1.70003345806e-13
     0.283342102204       275332.462421       0.42124838506       2146.82971998     0.0084198735771   1.68861234646e-13
     0.284163380762       272817.944249      0.418033474008       2149.59762989    0.00841987357712   1.69042767103e-13
     0.284984659319       270303.426076      0.414818562955       2152.36553979    0.00841987357715   1.69224299561e-13
     0.285805937876        267875.30522      0.411702640722       2155.08790485    0.00837364485911   1.69550384601e-13
     0.286627216433       265450.861913      0.408590931702       2157.80833289    0.00837364485913   1.69728802976e-13
      0.28744849499        263041.84552      0.405496739825       2160.52126131    0.00835539876179   1.70043979493e-13
     0.288269773547       260696.014087      0.402474291485        2163.2034809    0.00835539876182    1.7021989198e-13
     0.289091052104       258350.182654      0.399451843144       2165.88570049    0.00835539876184   1.70395804466e-13
     0.289912330661        256034.28336      0.396463010246       2168.55473673    0.00836225899592   1.69986248364e-13
     0.290733609218       253757.530037      0.393518139684        2171.2065348    0.00836225899594   1.70160165665e-13
     0.291554887776       251480.776715      0.390573269122       2173.85833287    0.00836225899596   1.70334082966e-13
     0.292376166333       249245.163842      0.387674047808       2176.49393464    0.00839072362845   1.69931470327e-13
      0.29319744489       247029.779885      0.384797271735       2179.12157446    0.00839072362847   1.70103803217e-13
     0.294018723447       244814.395927      0.381920495663       2181.74921428     0.0083907236285   1.70276136108e-13
     0.294840002004       242649.263151      0.379098823829       2184.35925264    0.00843686969637   1.69187390245e-13
     0.295661280561       240489.256208      0.376282772627       2186.96749664     0.0084368696964   1.69358451067e-13
     0.296482559118       238336.606313      0.373474707604       2189.57341949    0.00849658372292   1.68994881661e-13
     0.297303837675       236227.512827      0.370713921653       2192.16560457    0.00849658372295   1.69164889264e-13
     0.298125116232        234118.41934      0.367953135703       2194.75778965    0.00849658372297   1.69334896867e-13
      0.29894639479       232027.565729      0.365212011337       2197.34462929    0.00856583546345   1.69593093251e-13
     0.299767673347       229966.275358      0.362502754474       2199.92280582    0.00856583546347   1.69762182107e-13
     0.300588951904       227904.984988      0.359793497612       2202.50098234     0.0085658354635   1.69931270964e-13
     0.301410230461       225872.018177      0.357114674847       2205.07104344    0.00864080655086   1.69031635101e-13
     0.302231509018       223856.512326      0.354454613974       2207.63610139    0.00864080655088    1.6919986358e-13
     0.303052787575       221841.006476      0.351794553101       2210.20115934     0.0086408065509   1.69368092059e-13
     0.303874066132       219863.775882      0.349175689018       2212.75490803    0.00871814660773   1.68957605897e-13
     0.304695344689       217893.000362      0.346563772941       2215.30674908    0.00871814660775    1.6912496755e-13
     0.305516623246       215926.337936      0.343956305334       2217.85726921    0.00879508926851   1.68787814126e-13
     0.306337901804       213999.904169      0.341392346773       2220.39486227    0.00879508926853    1.6895424133e-13
     0.307159180361       212073.470402      0.338828388211       2222.93245533    0.00879508926855   1.69120668533e-13
     0.307980458918        210161.77656      0.336280590285       2225.46506719    0.00886970815512   1.68804861506e-13
     0.308801737475       208280.033729      0.333765631845       2227.98755757    0.00886970815514   1.68970298205e-13
     0.309623016032       206398.290898      0.331250673406       2230.51004795    0.00886970815516   1.69135734905e-13
     0.310444294589       204541.473089      0.328763171432       2233.02377492    0.00894289190382   1.68430834429e-13
     0.311265573146       202703.695694      0.326296643059       2235.53080641    0.00894289190384   1.68595257261e-13
     0.312086851703       200865.918298      0.323830114686       2238.03783789    0.00894289190387   1.68759680094e-13
     0.312908130261       199063.121276      0.321402206755       2240.53105244    0.00900972089954   1.68390402979e-13
     0.313729408818       197268.854102      0.318983716831        2243.0208966    0.00900972089956   1.68553698587e-13
     0.314550687375       195476.422027      0.316567285813        2245.5099254    0.00906766789247   1.67685521095e-13
     0.315371965932        193726.87392      0.314198974264       2247.97987898    0.00906766789249   1.67847512185e-13
     0.316193244489       191977.325812      0.311830662716       2250.44983257    0.00906766789251   1.68009503276e-13
     0.317014523046       190240.430037      0.309476736922       2252.91357627    0.00911550841427   1.67912667596e-13
     0.317835801603       188536.375906      0.307160153398       2255.36119799    0.00911550841429   1.68073194059e-13
      0.31865708016       186832.321776      0.304843569874       2257.80881971    0.00911550841431   1.68233720521e-13
     0.319478358717       185152.009004      0.302554315586       2260.24372665    0.00915254574987   1.67519203139e-13
     0.320299637275       183494.038168          0.30029078       2262.66666667    0.00915254574989   1.67678110861e-13
     0.321120915832       181836.067331      0.298027244415       2265.08960669    0.00915254574991   1.67837018582e-13
     0.321942194389       180213.094885      0.295804471059       2267.49228326    0.00917840478075   1.67633412913e-13
     0.322763472946       178601.648581      0.293595122482       2269.88828535    0.00917840478077    1.6779055392e-13
     0.323584751503       176990.202277      0.291385773905       2272.28428744    0.00917840478079   1.67947694926e-13
      0.32440603006        175425.05744      0.289230959726       2274.65154621    0.00919300125587   1.68288614638e-13
     0.325227308617       173860.411947       0.28707673386       2277.01849421    0.00919300125589   1.68443850142e-13
     0.326048587174       172306.382602      0.284935144221       2279.37842803     0.0091965076705   1.68173726109e-13
     0.326869865731       170788.627442      0.282836732408       2281.71439199    0.00919650767052   1.68326929534e-13
     0.327691144289       169270.872282      0.280738320595       2284.05035594    0.00919650767054   1.68480132959e-13
     0.328512422846       167774.799728      0.278665976284       2286.37116795    0.00918932631207   1.67749186164e-13
     0.329333701403       166303.826992      0.276623808086       2288.67443857    0.00918932631209   1.67900245408e-13
      0.33015497996       164832.854256      0.274581639887       2290.97770919    0.00918932631211   1.68051304651e-13
     0.330976258517       163394.439892      0.272578980632       2293.25704914    0.00917203617683   1.67903868374e-13
     0.331797537074       161969.942539      0.270593209759       2295.52615907    0.00917203617685     1.680526872e-13
     0.332618815631       160545.445186      0.268607438885         2297.795269    0.00917203617687   1.68201506026e-13
     0.333440094188       159164.058093      0.266674442169       2300.03120942    0.00914535754056   1.67972400888e-13
     0.334261372745       157785.538906      0.264744956382       2302.26494261    0.00914535754058   1.68118899542e-13
     0.335082651303       156414.934339      0.262825238716       2304.49232749    0.00911009639841    1.6828346951e-13
      0.33590392986       155081.719798      0.260951668602       2306.68971871    0.00911009639842   1.68427584688e-13
     0.336725208417       153748.505257      0.259078098489       2308.88710993    0.00911009639844   1.68571699866e-13
     0.337546486974        152433.60413       0.25722730551       2311.06923869    0.00906712110407    1.6835019167e-13
     0.338367765531        151144.86432      0.255409050665       2313.22956326    0.00906712110409   1.68491875844e-13
     0.339189044088       149856.124509      0.253590795819       2315.38988783    0.00906712110411   1.68633560018e-13
     0.340010322645       148595.617059      0.251807908431       2317.52583954    0.00901729562726   1.69037930196e-13
     0.340831601202        147350.38903      0.250044162295       2319.64859988    0.00901729562728   1.69177150732e-13
      0.34165287976          146105.161       0.24828041616       2321.77136021     0.0090172956273   1.69316371268e-13
     0.342474158317       144897.527831      0.246564087907       2323.86058754    0.00896147663374   1.68835950257e-13
     0.343295436874       143694.735885      0.244853865909       2325.94549621    0.00896147663376   1.68972688304e-13
     0.344116715431       142497.019865      0.243150087098        2328.0257387     0.0089004961381   1.68507497535e-13
     0.344937993988       141335.499014      0.241492254449        2330.0727046    0.00890049613812   1.68641747118e-13
     0.345759272545       140173.978163      0.239834421801       2332.11967051    0.00890049613813   1.68775996702e-13
     0.346580551102       139026.870601      0.238194996223       2334.15300547    0.00883519203164   1.68299951152e-13
     0.347401829659        137905.37966      0.236588285536       2336.16211316    0.00883519203166   1.68431717817e-13
     0.348223108216       136783.888718      0.234981574849       2338.17122085    0.00883519203168   1.68563484482e-13
     0.349044386774       135685.530837      0.233404576803       2340.15786768    0.00876636514081    1.6839353551e-13
     0.349865665331       134602.779972      0.231847625027       2342.12936044    0.00876636514082   1.68522835212e-13
     0.350686943888       133520.029107       0.23029067325        2344.1008532    0.00876636514084   1.68652134914e-13
     0.351508222445       132468.483907      0.228774019503       2346.04128247    0.00869476597107   1.68508116405e-13
     0.352329501002       131423.140564      0.227265374687       2347.97553773    0.00869476597108   1.68634973898e-13
     0.353150779559       130380.367861      0.225760066639       2349.90717479    0.00862109508678   1.68500885459e-13
     0.353972058116       129371.088535       0.22429823595       2351.80469514    0.00862109508679   1.68625333704e-13
     0.354793336673        128361.80921      0.222836405261       2353.70221548    0.00862109508681    1.6874978195e-13
      0.35561461523       127363.228708      0.221388529219       2355.58859359    0.00854599189305   1.68618831132e-13
     0.356435893788       126388.646001       0.21997195394       2357.44997834    0.00854599189307   1.68740909437e-13
     0.357257172345       125414.063294      0.218555378662       2359.31136309    0.00854599189308   1.68862987741e-13
     0.358078450902       124457.672425       0.21716264426       2361.15341823    0.00847008073153   1.69013034456e-13
     0.358899729459       123516.443281      0.215789779932       2362.97936302    0.00847008073155   1.69132788443e-13
     0.359721008016       122575.214137      0.214416915604       2364.80530781    0.00847008073156   1.69252542429e-13
     0.360542286573       121659.019166      0.213076997757       2366.60411256    0.00839387820717   1.68844278533e-13
      0.36136356513       120749.782625      0.211746237619       2368.39537318    0.00839387820718    1.6896175777e-13
     0.362184843687       119841.146677      0.210416271265       2370.18597127    0.00831802209507   1.68838511419e-13
     0.363006122244       118962.603446      0.209126084126       2371.94336748    0.00831802209509    1.6895376967e-13
     0.363827400802       118084.060216      0.207835896987       2373.70076369     0.0083180220951    1.6906902792e-13
     0.364648679359       117213.056093      0.206555712047       2375.44968365    0.00824283582173   1.69167978643e-13
     0.365469957916       116363.888573      0.205304497799        2377.1740514    0.00824283582175   1.69281070733e-13
     0.366291236473       115514.721053      0.204053283551       2378.89841915    0.00824283582176   1.69394162822e-13
      0.36711251503       114679.457249      0.202820589639        2380.6068811    0.00816928279081   1.69277091401e-13
     0.367933793587       113858.451444      0.201606888253       2382.29903182    0.00816928279082   1.69388070546e-13
     0.368755072144       113037.445638      0.200393186867       2383.99118253    0.00816928279083   1.69499049692e-13
     0.369576350701        112236.14962      0.199205818305       2385.66025568    0.00809733025159   1.69650415788e-13
     0.370397629259       111442.114375      0.198028150258       2387.32082684     0.0080973302516     1.697593238e-13
     0.371218907816        110648.07913      0.196850482211         2388.981398    0.00809733025162   1.69868231811e-13
     0.372040186373       109879.215213      0.195706768473       2390.61311954    0.00802943186362   1.69725806029e-13
      0.37286146493       109111.187475      0.194564182975       2392.24388361    0.00802943186364   1.69832759153e-13
     0.373682743487       108348.049876      0.193428134018       2393.86878354    0.00796582303876   1.69463509266e-13
     0.374504022044         107603.8802      0.192317436641       2395.47092891    0.00796582303877   1.69568585441e-13
     0.375325300601       106859.710525      0.191206739265       2397.07307427    0.00796582303879   1.69673661617e-13
     0.376146579158       106125.944888      0.190110151153       2398.66305985    0.00790454362163   1.69597032265e-13
     0.376967857715       105405.316881      0.189031381186       2400.23769576    0.00790454362165   1.69700304241e-13
     0.377789136273       104684.688875      0.187952611219       2401.81233166    0.00790454362166   1.69803576218e-13
      0.37861041483        103978.74288      0.186893478736       2403.36841523    0.00784473703307   1.69451978817e-13
     0.379431693387       103279.732586      0.185843621289        2404.9157292    0.00784473703309   1.69553458893e-13
     0.380252971944       102580.722292      0.184793763843       2406.46304316     0.0078447370331   1.69654938968e-13
     0.381074250501       101902.005385      0.183771864139       2407.98685022    0.00778609019965   1.69580015769e-13
     0.381895529058       101225.149199      0.182752529611       2409.50850739    0.00778609019966   1.69679813153e-13
     0.382716807615       100551.216546      0.181737069069        2411.0261803    0.00772856211763   1.69603903874e-13
     0.383538086172       99893.4127458      0.180742964875       2412.52181669    0.00772856211764   1.69701994693e-13
     0.384359364729       99235.6089452      0.179748860681       2414.01745309    0.00772856211766   1.69800085513e-13
     0.385180643287       98586.1275542      0.178766504996       2415.50399353    0.00767227218556   1.69721970007e-13
     0.386001921844       97949.6639528      0.177802534162       2416.97633336    0.00767227218558   1.69818532928e-13
     0.386823200401       97313.2003513      0.176838563329       2418.44867318    0.00767227218559    1.6991509585e-13
     0.387644478958       96686.6458681      0.175887211445       2419.90528318      0.007617376376   1.69618395451e-13
     0.388465757515       96065.9621709       0.17494332649       2421.35254135    0.00761737637601   1.69713313401e-13
     0.389287036072       95445.2784738      0.173999441534       2422.79979953    0.00761737637602    1.6980823135e-13
     0.390108314629       94843.4063583      0.173083233446       2424.22957512    0.00756410140705   1.69754837882e-13
     0.390929593186       94244.5003294      0.172171396117       2425.65661801    0.00756410140706   1.69848430018e-13
     0.391750871743       93646.7289194      0.171260802503       2427.08112304      0.007512574342   1.69789265196e-13
     0.392572150301       93058.8035062      0.170360842159       2428.48304989    0.00751257434201   1.69881210106e-13
     0.393393428858       92470.8780931      0.169460881814       2429.88497674    0.00751257434202   1.69973155015e-13
     0.394214707415       91891.2960844      0.168573975953       2431.28155932     0.0074630434058   1.69675801257e-13
     0.395035985972       91328.0992091      0.167712736694       2432.66775125    0.00746304340582   1.69766714197e-13
     0.395857264529       90764.9023339      0.166851497435       2434.05394317    0.00746304340583   1.69857627137e-13
     0.396678543086       90203.4143115      0.165988713286       2435.42449723    0.00741548413173   1.69840201959e-13
     0.397499821643       89643.1127131      0.165124650065       2436.78348095    0.00741548413174   1.69929330458e-13
       0.3983211002       89082.8111146      0.164260586843       2438.14246467    0.00741548413175   1.70018458957e-13
     0.399142378758       88549.0245725      0.163441198592       2439.49491608     0.0073702149022   1.69973808719e-13
     0.399963657315       88021.4230875      0.162632249034       2440.84590625    0.00737021490221   1.70062412963e-13
     0.400784935872       87493.2955711      0.161821916194       2442.19542956    0.00732692224437   1.70013664944e-13
     0.401606214429       86953.3589929      0.160981785422       2443.51595554    0.00732692224438   1.70100271204e-13
     0.402427492986       86413.4224147      0.160141654649       2444.83648152    0.00732692224439   1.70186877465e-13
     0.403248771543        85887.318593      0.159327225686        2446.1662687    0.00728617845249   1.70133006546e-13
       0.4040700501       85396.0405001      0.158577540609       2447.51938679     0.0072861784525   1.70221750349e-13
     0.404891328657       84904.7624073      0.157827855532       2448.87250489    0.00728617845251   1.70310494153e-13
     0.405712607214       84382.2252086      0.157006690641       2450.13442778    0.00724712892369    1.7025174753e-13
     0.406533885772        83830.920078      0.156119848813       2451.31307728     0.0072471289237   1.70329048868e-13
     0.407355164329       83279.6149474      0.155233006984       2452.49172677    0.00724712892371   1.70406350206e-13
     0.408176442886       82870.4074028      0.154544912069       2453.12207267    0.00721097414662   1.70309135811e-13
     0.408997721443       82506.2732707      0.153920050584       2453.58006098    0.00721097414662   1.70339172822e-13
           0.409819       82142.1391386      0.153295189099       2454.03804928    0.00721097414662   1.70369209834e-13