#                 y                   p                 rho                 U_x                 U_y                 U_z
              1e-06       88248.9458331      0.162981100259       2440.26330555     0.0073702149022   1.70024226272e-13
   0.00015550209205       88242.7066707      0.162969489301       2440.26096536       1.14608383287   1.71201100197e-12
    0.0003100041841       88236.4675084      0.162957878343       2440.25862517       2.28479745085   3.25399777766e-12
  0.000464506276151        88230.228346      0.162946267385       2440.25628498       3.42351106882   4.79598455336e-12
  0.000619008368201       88223.9891837      0.162934656426       2440.25394478       4.56222468679   6.33797132905e-12
  0.000773510460251       88217.7500214      0.162923045468       2440.25160459       5.70093830476   7.87995810475e-12
  0.000928012552301        88211.510859       0.16291143451        2440.2492644       6.83965192273   9.42194488045e-12
   0.00108251464435       88205.2716967      0.162899823552       2440.24692421        7.9783655407   1.09639316561e-11
    0.0012370167364       88199.0325343      0.162888212594       2440.24458401       9.11707915867   1.25059184318e-11
   0.00139151882845        88192.793372      0.162876601636       2440.24224382       10.2557927766   1.40479052075e-11
    0.0015460209205       88186.5542097      0.162864990677       2440.23990363       11.3945063946   1.55898919832e-11
   0.00170052301255       88180.3150473      0.162853379719       2440.23756344       12.5332200126   1.71318787589e-11
    0.0018550251046        88174.075885      0.162841768761       2440.23522324       13.6719336306   1.86738655346e-11
   0.00200952719665       88167.8367226      0.162830157803       2440.23288305       14.8106472485   2.02158523103e-11
    0.0021640292887       88161.5975603      0.162818546845       2440.23054286       15.9493608665    2.1757839086e-11
   0.00231853138075       88162.7928409      0.162820815065        2440.2214097       17.0701521145  -0.000222546933154
    0.0024730334728       88175.2839839       0.16284417243       2440.20196679       18.1631675098  -0.000806760088801
   0.00262753556485        88187.775127      0.162867529795       2440.18252387        19.256182905   -0.00139097324445
    0.0027820376569         88200.26627      0.162890887159       2440.16308096       20.3491983003   -0.00197216359882
   0.00293653974895       88212.7574131      0.162914244524       2440.14363805       21.4422136956   -0.00255001246942
     0.003091041841       88225.2485561      0.162937601889       2440.12419513       22.5352290908   -0.00312786134002
   0.00324554393305       88237.7396992      0.162960959254       2440.10475222       23.6282444861   -0.00370571021062
    0.0034000460251       88248.3344765      0.162980784045       2440.08545118       24.6831121848   -0.00419588325997
   0.00355454811715       88240.2215364      0.162965759872       2440.06754974       25.3616514629   -0.00382113112818
   0.00370905020921       88232.1085963      0.162950735698        2440.0496483       26.0401907411   -0.00344637899639
   0.00386355230126       88223.9956562      0.162935711525       2440.03174687       26.7187300192    -0.0030716268646
   0.00401805439331       88215.8827161      0.162920687351       2440.01384543       27.3972692973   -0.00269687473281
   0.00417255648536        88207.769776      0.162905663178       2439.99594399       28.0758085755   -0.00232212260102
   0.00432705857741       88199.6568359      0.162890639004       2439.97804255       28.7543478536   -0.00194737046924
   0.00448156066946       88191.5438959       0.16287561483       2439.96014111       29.4328871318   -0.00157124064579
   0.00463606276151       88183.4309558      0.162860590657       2439.94223968       30.1114264099   -0.00119236108639
   0.00479056485356       88175.3180157      0.162845566483       2439.92433824       30.7899656881     -0.000813481527
   0.00494506694561       88167.2050756       0.16283054231        2439.9064368       31.4685049662  -0.000434601967606
   0.00509956903766       88159.0921355      0.162815518136       2439.88853536       32.1470442443  -5.57224082129e-05
   0.00525407112971       88170.1601692      0.162835147971       2439.84656623       33.4260423709  -0.000651724121757
   0.00540857322176       88185.1945554      0.162861945904       2439.79963332       34.8292486818   -0.00145777234614
   0.00556307531381       88200.2289416      0.162888743836       2439.75270042       36.2324549927   -0.00226382057051
   0.00571757740586       88215.2633278      0.162915541768       2439.70576751       37.6356613036   -0.00306824500804
   0.00587207949791        88230.297714        0.1629423397       2439.65883461       39.0388676146   -0.00386551232666
   0.00602658158996       88245.3321002      0.162969137633        2439.6119017       40.4420739255   -0.00466277964529
   0.00618108368201       88260.3664864      0.162995935565        2439.5649688       41.8452802364   -0.00546004696391
   0.00633558577406       88275.4008726      0.163022733497       2439.51803589       43.2484865473   -0.00625731428253
   0.00649008786611       88290.4352588      0.163049531429       2439.47110299       44.6516928583   -0.00705458160115
   0.00664458995816       88291.1897803      0.163049876786       2439.42394502       45.9243394056    -0.0067579874803
   0.00679909205021       88286.3801528      0.163039914897       2439.37669936       47.1461133424   -0.00603517026121
   0.00695359414226       88281.5705253      0.163029953008       2439.32945369       48.3678872792   -0.00531235304212
   0.00710809623431       88276.7608977      0.163019991119       2439.28220803        49.589661216   -0.00458953582303
   0.00726259832636       88271.9512702       0.16301002923       2439.23496236       50.8114351528   -0.00386671860394
   0.00741710041841       88267.1416426      0.163000067341        2439.1877167       52.0332090895   -0.00314390138485
   0.00757160251046       88262.3320151      0.162990105451       2439.14047103       53.2549830263   -0.00241558028239
   0.00772610460251       88257.5223875      0.162980143562       2439.09322537       54.4767569631   -0.00168480213256
   0.00788060669456         88252.71276      0.162970181673       2439.04597971       55.6985308999   -0.00095402398273
   0.00803510878661       88247.9031324      0.162960219784       2438.99873404       56.9203048367  -0.000223245832901
   0.00818961087866       88251.6450525      0.162967967093       2438.97099234       57.8254317807  -0.000750519370534
   0.00834411297071       88259.5391997      0.162984318406       2438.95277748       58.5762258132   -0.00189942592382
   0.00849861506276        88267.433347      0.163000669719       2438.93456261       59.3270198458   -0.00304833247711
   0.00865311715481       88275.3274942      0.163017021033       2438.91634775       60.0778138784   -0.00419578859743
   0.00880761924686       88283.2216414      0.163033372346       2438.89813288        60.828607911   -0.00533217922437
   0.00896212133891       88291.1157886      0.163049723659       2438.87991801       61.5794019436   -0.00646856985132
   0.00911662343096       88299.0099358      0.163066074973       2438.86170315       62.3301959762   -0.00760496047826
   0.00927112552301       88306.9040831      0.163082426286       2438.84348828       63.0809900088    -0.0087413511052
   0.00942562761506       88314.7982303      0.163098777599       2438.82527341       63.8317840414   -0.00987774173214
   0.00958012970711       88306.9360205      0.163085717182       2438.80235076        64.549470551   -0.00926692569169
   0.00973463179916       88294.6470978      0.163064393605       2438.77810546       65.2578555767   -0.00816523587734
   0.00988913389121        88282.358175      0.163043070028       2438.75386016       65.9662406023   -0.00706354606299
    0.0100436359833       88270.0692523      0.163021746451       2438.72961486        66.674625628   -0.00596185624864
    0.0101981380753       88257.7803296      0.163000422873       2438.70536957       67.3830106536   -0.00486016643428
    0.0103526401674       88245.4914068      0.162979099296       2438.68112427       68.0913956793   -0.00375511060642
    0.0105071422594       88233.2024841      0.162957775719       2438.65687897       68.7997807049    -0.0026412870519
    0.0106616443515       88220.9135614      0.162936452142       2438.63263367       69.5081657306   -0.00152746349738
    0.0108161464435       88208.6246386      0.162915128565       2438.60838837       70.2165507563   -0.00041363994286
    0.0109706485356       88215.6759365       0.16292742888         2438.549692       71.3881310917  -0.000911308197196
    0.0111251506276       88235.1450947      0.162961321919        2438.4688979       72.8573102658   -0.00245518835551
    0.0112796527197        88254.614253      0.162995214958        2438.3881038       74.3264894399   -0.00399906851383
    0.0114341548117       88274.0834112      0.163029107997       2438.30730971        75.795668614   -0.00553899661607
    0.0115886569038       88293.5525695      0.163063001036       2438.22651561       77.2648477881   -0.00706605809551
    0.0117431589958       88313.0217277      0.163096894076       2438.14572151       78.7340269622   -0.00859311957495
    0.0118976610879        88332.490886      0.163130787115       2438.06492741       80.2032061363    -0.0101201810544
    0.0120521631799       88351.9600442      0.163164680154       2437.98413331       81.6723853104    -0.0116472425338
     0.012206665272       88367.5469658      0.163191366885       2437.90251629       83.1339164919    -0.0126419469908
     0.012361167364       88364.7517148      0.163183932156       2437.81700276       84.5592348579    -0.0111159708538
    0.0125156694561       88361.9564639      0.163176497427       2437.73148923       85.9845532239   -0.00958999471674
    0.0126701715481       88359.1612129      0.163169062698        2437.6459757       87.4098715899   -0.00806401857972
    0.0128246736402        88356.365962      0.163161627969       2437.56046217       88.8351899559   -0.00653804244269
    0.0129791757322        88353.570711       0.16315419324       2437.47494864       90.2605083219   -0.00501021488115
    0.0131336778243       88350.7754601      0.163146758511       2437.38943511       91.6858266878   -0.00346743201895
    0.0132881799163       88347.9802091      0.163139323782       2437.30392158       93.1111450538   -0.00192464915674
    0.0134426820084       88345.1849582      0.163131889053       2437.21840805       94.5364634198  -0.000381866294535
    0.0135971841004       88349.1263932      0.163140301943       2437.18454243       95.3560582163   -0.00135244527327
    0.0137516861925       88355.4955524      0.163154436143       2437.16942513       95.9561132528   -0.00323916930245
    0.0139061882845       88361.8647117      0.163168570343       2437.15430783       96.5561682893   -0.00512589333163
    0.0140606903766       88368.2338709      0.163182704542       2437.13919052       97.1562233258   -0.00700104019687
    0.0142151924686       88374.6030301      0.163196838742       2437.12407322       97.7562783623   -0.00886721068411
    0.0143696945607       88380.9721894      0.163210972942       2437.10895592       98.3563333988    -0.0107333811714
    0.0145241966527       88387.3413486      0.163225107141       2437.09383861       98.9563884353    -0.0125995516586
    0.0146786987448       88393.7105078      0.163239241341       2437.07872131       99.5564434718    -0.0144657221459
    0.0148332008368       88381.1370392      0.163218074901       2437.05665391       100.163963742      -0.01329473441
    0.0149877029289       88364.0312214      0.163188462178       2437.03292358       100.773270198    -0.0113970543822
    0.0151422050209       88346.9254035      0.163158849454       2437.00919325       101.382576654   -0.00949937435432
     0.015296707113       88329.8195857       0.16312923673       2436.98546293       101.991883109   -0.00760169432645
     0.015451209205       88312.7137678      0.163099624006        2436.9617326       102.601189565   -0.00570130633889
    0.0156057112971         88295.60795      0.163070011283       2436.93800227       103.210496021   -0.00378272573078
    0.0157602133891       88278.5021321      0.163040398559       2436.91427194       103.819802477   -0.00186414512267
    0.0159147154812       88261.9481215      0.163011730485       2436.88931916       104.443057201   9.05470236155e-06
    0.0160692175732       88283.9273191      0.163049160858       2436.77967858       106.050958822   -0.00231239649277
    0.0162237196653       88306.0007938      0.163086753262       2436.66983238       107.661294544   -0.00463589502758
    0.0163782217573       88328.0742685      0.163124345666       2436.55998619       109.271630265   -0.00695829649551
    0.0165327238494       88350.1477432       0.16316193807       2436.45013999       110.881965987    -0.0092564833664
    0.0166872259414       88372.2212178      0.163199530474        2436.3402938       112.492301708    -0.0115546702373
    0.0168417280335       88394.2946925      0.163237122878       2436.23044761        114.10263743    -0.0138528571082
    0.0169962301255       88416.3681672      0.163274715282       2436.12060141       115.712973152    -0.0161510439791
    0.0171507322176       88423.3165687       0.16328417406       2436.00552398       117.332286393     -0.015693216769
    0.0173052343096       88419.8053457      0.163274177251       2435.88682894       118.957807968    -0.0133294898656
    0.0174597364017       88416.2941226      0.163264180443       2435.76813389       120.583329543    -0.0109657629623
    0.0176142384937       88412.7828996      0.163254183634       2435.64943885       122.208851117   -0.00860203605889
    0.0177687405858       88409.2716766      0.163244186825        2435.5307438       123.834372692   -0.00623147645924
    0.0179232426778       88405.7604536      0.163234190016       2435.41204876       125.459894266   -0.00384171605016
    0.0180777447699       88402.2492306      0.163224193207       2435.29335371       127.085415841   -0.00145195564109
    0.0182322468619       88402.4599047      0.163222941983       2435.21504691       128.262849506  -0.000968344246416
     0.018386748954       88408.8028001      0.163236122256        2435.2036485       128.698712779    -0.0036462283426
     0.018541251046       88415.1456955      0.163249302529        2435.1922501       129.134576052   -0.00632411243879
    0.0186957531381        88421.488591      0.163262482803       2435.18085169       129.570439325   -0.00898436216391
    0.0188502552301       88427.8314864      0.163275663076       2435.16945328       130.006302599    -0.0116330740006
    0.0190047573222       88434.1743818      0.163288843349       2435.15805487       130.442165872    -0.0142817858372
    0.0191592594142       88440.5172773      0.163302023622       2435.14665646       130.878029145    -0.0169304976739
    0.0193137615063       88434.6016064      0.163292376776       2435.13038866       131.330095804     -0.017172703637
    0.0194682635983       88413.4635843      0.163254383839       2435.10807418       131.802283384    -0.0144265766485
    0.0196227656904       88392.3255622      0.163216390902        2435.0857597       132.274470964    -0.0116804496599
    0.0197772677824       88371.1875401      0.163178397965       2435.06344522       132.746658544   -0.00893432267139
    0.0199317698745        88350.049518      0.163140405028       2435.04113074       133.218846124   -0.00617503376524
    0.0200862719665       88328.9114959      0.163102412091       2435.01881626       133.691033704   -0.00339866161066
    0.0202407740586       88307.7734738      0.163064419155       2434.99650178       134.163221284  -0.000622289456092
    0.0203952761506       88319.5962055      0.163083251635        2434.8856311       135.629545754   -0.00232768011619
    0.0205497782427       88341.7433691      0.163119886362       2434.74703143        137.40747424   -0.00544283117978
    0.0207042803347       88363.8905327      0.163156521089       2434.60843176       139.185402726     -0.008552032344
    0.0208587824268       88386.0376962      0.163193155816       2434.46983208       140.963331213    -0.0116332476613
    0.0210132845188       88408.1848598      0.163229790543       2434.33123241       142.741259699    -0.0147144629785
    0.0211677866109       88430.3320234       0.16326642527       2434.19263274       144.519188186    -0.0177956782958
    0.0213222887029       88443.7212179      0.163286735013       2434.05006082       146.315409009    -0.0190118295232
     0.021476790795       88436.3095709      0.163268271676       2433.89805454       148.155075522    -0.0157983118557
     0.021631292887       88428.8979238      0.163249808339       2433.74604825       149.994742036    -0.0125847941882
    0.0217857949791       88421.4862767      0.163231345002       2433.59404197       151.834408549   -0.00937127652066
    0.0219402970711       88414.0746297      0.163212881665       2433.44203568       153.674075062    -0.0061373388143
    0.0220947991632       88406.6629826      0.163194418328        2433.2900294       155.513741576   -0.00288842825502
    0.0222493012552       88400.6918325      0.163178946225       2433.15166168       157.198645014  -0.000298094464151
    0.0224038033473       88407.9670909      0.163191040739       2433.13993121       157.449575933   -0.00383332942833
    0.0225583054393       88415.2423493      0.163203135254       2433.12820073       157.700506853   -0.00736856439252
    0.0227128075314       88422.5176077      0.163215229768       2433.11647026       157.951437772    -0.0108773333243
    0.0228673096234       88429.7928661      0.163227324282       2433.10473978       158.202368691    -0.0143740562439
    0.0230218117155       88437.0681245      0.163239418797       2433.09300931       158.453299611    -0.0178707791634
    0.0231763138075       88442.0398387      0.163247220668       2433.08032153       158.708160845    -0.0208535135761
    0.0233308158996       88417.2250199      0.163199515488       2433.05525505       159.013843962    -0.0171899959654
    0.0234853179916       88392.4102011      0.163151810308       2433.03018858        159.31952708    -0.0135264783547
    0.0236398200837       88367.5953822      0.163104105128        2433.0051221       159.625210197   -0.00986296074397
    0.0237943221757       88342.7805634      0.163056399948       2432.98005562       159.930893314   -0.00617438803561
    0.0239488242678       88317.9657446      0.163008694767       2432.95498915       160.236576432   -0.00247052134463
    0.0241033263598       88308.2645175      0.162988005823       2432.87926372       161.075007597   -0.00122721420111
    0.0242578284519       88330.5942824      0.163024581563       2432.69619152       163.042985942   -0.00520871792389
    0.0244123305439       88352.9240473      0.163061157303       2432.51311933       165.010964286   -0.00918695629304
     0.024566832636       88375.2538122      0.163097733043       2432.33004714       166.978942631    -0.0131250864209
     0.024721334728       88397.5835771      0.163134308783       2432.14697495       168.946920975    -0.0170632165488
    0.0248758368201       88419.9133419      0.163170884523       2431.96390275        170.91489932    -0.0210013466767
    0.0250303389121       88418.0389749      0.163162285943       2431.76739209       172.958484522    -0.0192239748465
    0.0251848410042       88406.1555723       0.16313500661       2431.56532427       175.033335118    -0.0150830949064
    0.0253393430962       88394.2721698      0.163107727278       2431.36325645       177.108185715    -0.0109422149662
    0.0254938451883       88382.3887672      0.163080447946       2431.16118863       179.183036311   -0.00677832573509
    0.0256483472803       88370.5053646      0.163053168614       2430.95912081       181.257886907   -0.00259183916362
    0.0258028493724       88365.6858499      0.163040350852       2430.81825217        182.57842241   -0.00157975979587
    0.0259573514644       88372.9173183      0.163052214357       2430.78197607       182.610472746   -0.00599390291004
    0.0261118535565       88380.1487868      0.163064077862       2430.74569997       182.642523082    -0.0103946444076
    0.0262663556485       88387.3802552      0.163075941367       2430.70942387       182.674573418    -0.0147607008519
    0.0264208577406       88394.6117236      0.163087804872       2430.67314778       182.706623754    -0.0191267572962
    0.0265753598326       88396.5217681       0.16308974918       2430.63444016       182.748521841      -0.02221216706
    0.0267298619247       88366.4792569      0.163032133541       2430.58113244        182.84955087    -0.0176079181091
    0.0268843640167       88336.4367457      0.162974517903       2430.52782473         182.9505799    -0.0130036691581
    0.0270388661088       88306.3942345      0.162916902265       2430.47451702       183.051608929   -0.00839084691602
    0.0271933682008       88276.3517234      0.162859286626       2430.42120931       183.152637958   -0.00373588790159
    0.0273478702929       88256.2084232      0.162819805908       2430.33045447       183.641173944  -0.000867668317962
    0.0275023723849         88279.18223      0.162859323998       2430.07663511       185.818174413   -0.00579644794021
     0.027656874477       88302.1560369      0.162898842089       2429.82281575       187.995174881    -0.0107123093517
     0.027811376569       88325.1298438      0.162938360179        2429.5689964        190.17217535    -0.0155873959712
    0.0279658786611       88348.1036506      0.162977878269       2429.31517704       192.349175818    -0.0204624825907
    0.0281203807531       88358.3371545      0.162993630568       2429.05293305       194.575506966    -0.0221138069805
    0.0282748828452       88341.6783148      0.162959217825       2428.77290628       196.905965745    -0.0169603856579
    0.0284293849372        88325.019475      0.162924805081        2428.4928795       199.236424524    -0.0118069643353
    0.0285838870293       88308.3606352      0.162890392338       2428.21285273       201.566883304   -0.00662175897099
    0.0287383891213       88291.7017954      0.162855979595       2427.93282595       203.897342083   -0.00141157913577
    0.0288928912134       88292.8790661      0.162854803968       2427.80229137       204.398553258   -0.00386325286027
    0.0290473933054       88301.0211767      0.162866609751       2427.73019912       204.184970058   -0.00931074107585
    0.0292018953975       88309.1632872      0.162878415535       2427.65810687       203.971386858    -0.0147043486735
    0.0293563974895       88317.3053978      0.162890221318       2427.58601462       203.757803658    -0.0200924931929
    0.0295108995816       88317.1905091      0.162886620843       2427.50973053       203.559600272    -0.0233589005019
    0.0296654016736       88282.1536107      0.162817861403       2427.41571753       203.426444009    -0.0176516692591
    0.0298199037657       88247.1167124      0.162749101963       2427.32170453       203.293287745    -0.0119444380162
    0.0299744058577        88212.079814      0.162680342523       2427.22769152       203.160131482   -0.00619783237654
    0.0301289079498       88177.0429156      0.162611583083       2427.13367852       203.026975218  -0.000427743094956
    0.0302834100418       88196.1963199      0.162643220163        2426.8334126       205.216919076   -0.00545338091519
    0.0304379121339        88220.281662       0.16268399589       2426.51439047       207.618325371    -0.0114482893321
    0.0305924142259       88244.3670041      0.162724771618       2426.19536834       210.019731666    -0.0173928713489
     0.030746916318       88268.4523462      0.162765547346       2425.87634622       212.421137961    -0.0233374533656
      0.03090141841       88260.3635354      0.162746248812       2425.53297942       214.965618162    -0.0206635387571
    0.0310559205021       88238.7105792      0.162701623862       2425.17934927       217.570416199    -0.0143561938607
    0.0312104225941        88217.057623      0.162656998911       2424.82571913       220.175214236   -0.00802655412741
    0.0313649246862       88195.4046667       0.16261237396       2424.47208898       222.780012273   -0.00164974168846
    0.0315194267782        88196.321894       0.16260518472        2424.2870431       223.116179212   -0.00478269675313
    0.0316739288703       88205.4742693        0.1626116568       2424.16354504        222.62441987    -0.0113758713009
    0.0318284309623       88214.6266446      0.162618128879       2424.04004699       222.132660529    -0.0179089473377
    0.0319829330544         88223.77902      0.162624600958       2423.91654894       221.640901187    -0.0244420233746
    0.0321374351464       88192.4462562      0.162555272871        2423.7698475        221.22206587     -0.020021424974
    0.0322919372385       88151.7948671      0.162468497557       2423.61780524       220.820015766    -0.0130795757697
    0.0324464393305        88111.143478      0.162381722244       2423.46576299       220.417965662   -0.00609189010877
    0.0326009414226       88078.7870008      0.162311392176       2423.27061572       220.393364572  -0.000840975502274
    0.0327554435146       88105.0504854       0.16235729171       2422.77094007       223.035957597   -0.00808963142413
    0.0329099456067         88131.31397      0.162403191243       2422.27126442       225.678550621    -0.0152857422171
    0.0330644476987       88157.5774546      0.162449090777       2421.77158877       228.321143645     -0.022455432932
    0.0332189497908       88158.7983938      0.162448447918        2421.2482342       231.085737514    -0.0225583726483
    0.0333734518828       88132.6235375      0.162396889074        2420.6989756       233.983796657    -0.0149304981972
    0.0335279539749       88106.4486812       0.16234533023         2420.149717         236.8818558   -0.00726724477445
    0.0336824560669       88082.0944004      0.162300677137       2419.56238723       239.588077116  -0.000341528306273
     0.033836958159       88092.2023562      0.162386651182       2418.25415574       238.663220678   -0.00832125898925
     0.033991460251       88102.3103119      0.162472625227       2416.94592425       237.738364239    -0.0162407056693
    0.0341459623431       88112.4182677      0.162558599272       2415.63769276       236.813507801    -0.0241335069831
    0.0343004644351       88085.5453375      0.162579738889       2414.26636186       235.945709607    -0.0212952827722
    0.0344549665272       88039.4836344      0.162567236988       2412.86228972       235.107517997    -0.0128889060254
    0.0346094686192       87993.4219312      0.162554735087       2411.45821758       234.269326387   -0.00441331162494
    0.0347639707113       87982.9804704      0.162876396362       2406.55956872       234.852429706    -0.0041051225621
    0.0349184728033       88012.1020161      0.163569089386       2397.77925082       237.014039797    -0.0128769007015
    0.0350729748954       88041.2235618       0.16426178241       2388.99893292       239.175649887    -0.0215731952693
    0.0352274769874       88052.2390078      0.164936245529       2380.05419163       241.419203993    -0.0245374801601
    0.0353819790795       88024.6059483      0.165571795872       2370.75847925       243.837672289    -0.0152664624525
    0.0355364811715       87996.9728888      0.166207346215       2361.46276686       246.256140584   -0.00593994935828
    0.0356909832636       87982.0915581      0.168024621525       2334.72670072       245.199900001   -0.00340082419114
    0.0358454853556       87989.8935169       0.17194322783       2276.96265706       237.961810266    -0.0130034050599
    0.0359999874477       87997.6954756      0.175861834136       2219.19861341       230.723720531    -0.0225206835605
    0.0361544895397       87981.7789242      0.179833015687       2160.00999792        223.36639577    -0.0236628312988
    0.0363089916318       87933.8691978      0.183875114383       2098.89982092       215.848238519    -0.0135080205658
    0.0364634937238       87885.9594714      0.187917213079       2037.78964392       208.330081268   -0.00326644355181
    0.0366179958159       87883.9702783      0.200297027148       1827.65172021       186.447106012   -0.00316067877605
    0.0367724979079       87904.0085074      0.216673139536       1546.04719144        157.67558055   -0.00784875634784
           0.036927       87924.0467365      0.233049251924       1264.44266267       128.904055089    -0.0125154715758