                                                                               
                             
                                                                   
                                                            
                                          
                             
                                                                               
FoamFile
{
    format      ascii;
    class       labelList;
    note        "nPoints: 14190 nCells: 6888 nFaces: 27758 nInternalFaces: 13570";
    location    "constant/graphite/polyMesh";
    object      neighbour;
}
                                                                               


13570
(
1
32
2
33
3
34
4
35
5
36
6
37
7
38
8
39
9
40
10
41
11
42
12
43
13
44
14
45
15
46
16
47
17
48
18
49
19
50
20
51
21
52
22
53
23
54
24
55
25
56
26
57
27
58
28
59
29
60
30
61
31
62
63
1344
33
64
34
65
35
66
36
67
37
68
38
69
39
70
40
71
41
72
42
73
43
74
44
75
45
76
46
77
47
78
48
79
49
80
50
81
51
82
52
83
53
84
54
85
55
86
56
87
57
88
58
89
59
90
60
91
61
92
62
93
63
94
95
1436
65
96
66
97
67
98
68
99
69
100
70
101
71
102
72
103
73
104
74
105
75
106
76
107
77
108
78
109
79
110
80
111
81
112
82
113
83
114
84
115
85
116
86
117
87
118
88
119
89
120
90
121
91
122
92
123
93
124
94
125
95
126
127
1528
97
128
98
129
99
130
100
131
101
132
102
133
103
134
104
135
105
136
106
137
107
138
108
139
109
140
110
141
111
142
112
143
113
144
114
145
115
146
116
147
117
148
118
149
119
150
120
151
121
152
122
153
123
154
124
155
125
156
126
157
127
158
159
1620
129
160
130
161
131
162
132
163
133
164
134
165
135
166
136
167
137
168
138
169
139
170
140
171
141
172
142
173
143
174
144
175
145
176
146
177
147
178
148
179
149
180
150
181
151
182
152
183
153
184
154
185
155
186
156
187
157
188
158
189
159
190
191
1712
161
192
162
193
163
194
164
195
165
196
166
197
167
198
168
199
169
200
170
201
171
202
172
203
173
204
174
205
175
206
176
207
177
208
178
209
179
210
180
211
181
212
182
213
183
214
184
215
185
216
186
217
187
218
188
219
189
220
190
221
191
222
223
1804
193
224
194
225
195
226
196
227
197
228
198
229
199
230
200
231
201
232
202
233
203
234
204
235
205
236
206
237
207
238
208
239
209
240
210
241
211
242
212
243
213
244
214
245
215
246
216
247
217
248
218
249
219
250
220
251
221
252
222
253
223
254
255
1896
225
256
226
257
227
258
228
259
229
260
230
261
231
262
232
263
233
264
234
265
235
266
236
267
237
268
238
269
239
270
240
271
241
272
242
273
243
274
244
275
245
276
246
277
247
278
248
279
249
280
250
281
251
282
252
283
253
284
254
285
255
286
287
1988
257
288
258
289
259
290
260
291
261
292
262
293
263
294
264
295
265
296
266
297
267
298
268
299
269
300
270
301
271
302
272
303
273
304
274
305
275
306
276
307
277
308
278
309
279
310
280
311
281
312
282
313
283
314
284
315
285
316
286
317
287
318
319
2080
289
320
290
321
291
322
292
323
293
324
294
325
295
326
296
327
297
328
298
329
299
330
300
331
301
332
302
333
303
334
304
335
305
336
306
337
307
338
308
339
309
340
310
341
311
342
312
343
313
344
314
345
315
346
316
347
317
348
318
349
319
350
351
2172
321
352
322
353
323
354
324
355
325
356
326
357
327
358
328
359
329
360
330
361
331
362
332
363
333
364
334
365
335
366
336
367
337
368
338
369
339
370
340
371
341
372
342
373
343
374
344
375
345
376
346
377
347
378
348
379
349
380
350
381
351
382
383
2264
353
384
354
385
355
386
356
387
357
388
358
389
359
390
360
391
361
392
362
393
363
394
364
395
365
396
366
397
367
398
368
399
369
400
370
401
371
402
372
403
373
404
374
405
375
406
376
407
377
408
378
409
379
410
380
411
381
412
382
413
383
414
415
2356
385
416
386
417
387
418
388
419
389
420
390
421
391
422
392
423
393
424
394
425
395
426
396
427
397
428
398
429
399
430
400
431
401
432
402
433
403
434
404
435
405
436
406
437
407
438
408
439
409
440
410
441
411
442
412
443
413
444
414
445
415
446
447
2448
417
448
418
449
419
450
420
451
421
452
422
453
423
454
424
455
425
456
426
457
427
458
428
459
429
460
430
461
431
462
432
463
433
464
434
465
435
466
436
467
437
468
438
469
439
470
440
471
441
472
442
473
443
474
444
475
445
476
446
477
447
478
479
2540
449
480
450
481
451
482
452
483
453
484
454
485
455
486
456
487
457
488
458
489
459
490
460
491
461
492
462
493
463
494
464
495
465
496
466
497
467
498
468
499
469
500
470
501
471
502
472
503
473
504
474
505
475
506
476
507
477
508
478
509
479
510
511
2632
481
512
482
513
483
514
484
515
485
516
486
517
487
518
488
519
489
520
490
521
491
522
492
523
493
524
494
525
495
526
496
527
497
528
498
529
499
530
500
531
501
532
502
533
503
534
504
535
505
536
506
537
507
538
508
539
509
540
510
541
511
542
543
2724
513
544
514
545
515
546
516
547
517
548
518
549
519
550
520
551
521
552
522
553
523
554
524
555
525
556
526
557
527
558
528
559
529
560
530
561
531
562
532
563
533
564
534
565
535
566
536
567
537
568
538
569
539
570
540
571
541
572
542
573
543
574
575
2816
545
576
546
577
547
578
548
579
549
580
550
581
551
582
552
583
553
584
554
585
555
586
556
587
557
588
558
589
559
590
560
591
561
592
562
593
563
594
564
595
565
596
566
597
567
598
568
599
569
600
570
601
571
602
572
603
573
604
574
605
575
606
607
2908
577
608
578
609
579
610
580
611
581
612
582
613
583
614
584
615
585
616
586
617
587
618
588
619
589
620
590
621
591
622
592
623
593
624
594
625
595
626
596
627
597
628
598
629
599
630
600
631
601
632
602
633
603
634
604
635
605
636
606
637
607
638
639
3000
609
640
610
641
611
642
612
643
613
644
614
645
615
646
616
647
617
648
618
649
619
650
620
651
621
652
622
653
623
654
624
655
625
656
626
657
627
658
628
659
629
660
630
661
631
662
632
663
633
664
634
665
635
666
636
667
637
668
638
669
639
670
671
3092
641
672
642
673
643
674
644
675
645
676
646
677
647
678
648
679
649
680
650
681
651
682
652
683
653
684
654
685
655
686
656
687
657
688
658
689
659
690
660
691
661
692
662
693
663
694
664
695
665
696
666
697
667
698
668
699
669
700
670
701
671
702
703
3184
673
704
674
705
675
706
676
707
677
708
678
709
679
710
680
711
681
712
682
713
683
714
684
715
685
716
686
717
687
718
688
719
689
720
690
721
691
722
692
723
693
724
694
725
695
726
696
727
697
728
698
729
699
730
700
731
701
732
702
733
703
734
735
3276
705
736
706
737
707
738
708
739
709
740
710
741
711
742
712
743
713
744
714
745
715
746
716
747
717
748
718
749
719
750
720
751
721
752
722
753
723
754
724
755
725
756
726
757
727
758
728
759
729
760
730
761
731
762
732
763
733
764
734
765
735
766
767
3368
737
768
738
769
739
770
740
771
741
772
742
773
743
774
744
775
745
776
746
777
747
778
748
779
749
780
750
781
751
782
752
783
753
784
754
785
755
786
756
787
757
788
758
789
759
790
760
791
761
792
762
793
763
794
764
795
765
796
766
797
767
798
799
3460
769
800
770
801
771
802
772
803
773
804
774
805
775
806
776
807
777
808
778
809
779
810
780
811
781
812
782
813
783
814
784
815
785
816
786
817
787
818
788
819
789
820
790
821
791
822
792
823
793
824
794
825
795
826
796
827
797
828
798
829
799
830
831
3552
801
832
802
833
803
834
804
835
805
836
806
837
807
838
808
839
809
840
810
841
811
842
812
843
813
844
814
845
815
846
816
847
817
848
818
849
819
850
820
851
821
852
822
853
823
854
824
855
825
856
826
857
827
858
828
859
829
860
830
861
831
862
863
3644
833
864
834
865
835
866
836
867
837
868
838
869
839
870
840
871
841
872
842
873
843
874
844
875
845
876
846
877
847
878
848
879
849
880
850
881
851
882
852
883
853
884
854
885
855
886
856
887
857
888
858
889
859
890
860
891
861
892
862
893
863
894
895
3736
865
896
866
897
867
898
868
899
869
900
870
901
871
902
872
903
873
904
874
905
875
906
876
907
877
908
878
909
879
910
880
911
881
912
882
913
883
914
884
915
885
916
886
917
887
918
888
919
889
920
890
921
891
922
892
923
893
924
894
925
895
926
927
3828
897
928
898
929
899
930
900
931
901
932
902
933
903
934
904
935
905
936
906
937
907
938
908
939
909
940
910
941
911
942
912
943
913
944
914
945
915
946
916
947
917
948
918
949
919
950
920
951
921
952
922
953
923
954
924
955
925
956
926
957
927
958
959
3920
929
960
930
961
931
962
932
963
933
964
934
965
935
966
936
967
937
968
938
969
939
970
940
971
941
972
942
973
943
974
944
975
945
976
946
977
947
978
948
979
949
980
950
981
951
982
952
983
953
984
954
985
955
986
956
987
957
988
958
989
959
990
991
4012
961
992
962
993
963
994
964
995
965
996
966
997
967
998
968
999
969
1000
970
1001
971
1002
972
1003
973
1004
974
1005
975
1006
976
1007
977
1008
978
1009
979
1010
980
1011
981
1012
982
1013
983
1014
984
1015
985
1016
986
1017
987
1018
988
1019
989
1020
990
1021
991
1022
1023
4104
993
1024
994
1025
995
1026
996
1027
997
1028
998
1029
999
1030
1000
1031
1001
1032
1002
1033
1003
1034
1004
1035
1005
1036
1006
1037
1007
1038
1008
1039
1009
1040
1010
1041
1011
1042
1012
1043
1013
1044
1014
1045
1015
1046
1016
1047
1017
1048
1018
1049
1019
1050
1020
1051
1021
1052
1022
1053
1023
1054
1055
4196
1025
1056
1026
1057
1027
1058
1028
1059
1029
1060
1030
1061
1031
1062
1032
1063
1033
1064
1034
1065
1035
1066
1036
1067
1037
1068
1038
1069
1039
1070
1040
1071
1041
1072
1042
1073
1043
1074
1044
1075
1045
1076
1046
1077
1047
1078
1048
1079
1049
1080
1050
1081
1051
1082
1052
1083
1053
1084
1054
1085
1055
1086
1087
4288
1057
1088
1058
1089
1059
1090
1060
1091
1061
1092
1062
1093
1063
1094
1064
1095
1065
1096
1066
1097
1067
1098
1068
1099
1069
1100
1070
1101
1071
1102
1072
1103
1073
1104
1074
1105
1075
1106
1076
1107
1077
1108
1078
1109
1079
1110
1080
1111
1081
1112
1082
1113
1083
1114
1084
1115
1085
1116
1086
1117
1087
1118
1119
4380
1089
1120
1090
1121
1091
1122
1092
1123
1093
1124
1094
1125
1095
1126
1096
1127
1097
1128
1098
1129
1099
1130
1100
1131
1101
1132
1102
1133
1103
1134
1104
1135
1105
1136
1106
1137
1107
1138
1108
1139
1109
1140
1110
1141
1111
1142
1112
1143
1113
1144
1114
1145
1115
1146
1116
1147
1117
1148
1118
1149
1119
1150
1151
4472
1121
1152
1122
1153
1123
1154
1124
1155
1125
1156
1126
1157
1127
1158
1128
1159
1129
1160
1130
1161
1131
1162
1132
1163
1133
1164
1134
1165
1135
1166
1136
1167
1137
1168
1138
1169
1139
1170
1140
1171
1141
1172
1142
1173
1143
1174
1144
1175
1145
1176
1146
1177
1147
1178
1148
1179
1149
1180
1150
1181
1151
1182
1183
4564
1153
1184
1154
1185
1155
1186
1156
1187
1157
1188
1158
1189
1159
1190
1160
1191
1161
1192
1162
1193
1163
1194
1164
1195
1165
1196
1166
1197
1167
1198
1168
1199
1169
1200
1170
1201
1171
1202
1172
1203
1173
1204
1174
1205
1175
1206
1176
1207
1177
1208
1178
1209
1179
1210
1180
1211
1181
1212
1182
1213
1183
1214
1215
4656
1185
1216
1186
1217
1187
1218
1188
1219
1189
1220
1190
1221
1191
1222
1192
1223
1193
1224
1194
1225
1195
1226
1196
1227
1197
1228
1198
1229
1199
1230
1200
1231
1201
1232
1202
1233
1203
1234
1204
1235
1205
1236
1206
1237
1207
1238
1208
1239
1209
1240
1210
1241
1211
1242
1212
1243
1213
1244
1214
1245
1215
1246
1247
4748
1217
1248
1218
1249
1219
1250
1220
1251
1221
1252
1222
1253
1223
1254
1224
1255
1225
1256
1226
1257
1227
1258
1228
1259
1229
1260
1230
1261
1231
1262
1232
1263
1233
1264
1234
1265
1235
1266
1236
1267
1237
1268
1238
1269
1239
1270
1240
1271
1241
1272
1242
1273
1243
1274
1244
1275
1245
1276
1246
1277
1247
1278
1279
4840
1249
1280
1250
1281
1251
1282
1252
1283
1253
1284
1254
1285
1255
1286
1256
1287
1257
1288
1258
1289
1259
1290
1260
1291
1261
1292
1262
1293
1263
1294
1264
1295
1265
1296
1266
1297
1267
1298
1268
1299
1269
1300
1270
1301
1271
1302
1272
1303
1273
1304
1274
1305
1275
1306
1276
1307
1277
1308
1278
1309
1279
1310
1311
4932
1281
1312
1282
1313
1283
1314
1284
1315
1285
1316
1286
1317
1287
1318
1288
1319
1289
1320
1290
1321
1291
1322
1292
1323
1293
1324
1294
1325
1295
1326
1296
1327
1297
1328
1298
1329
1299
1330
1300
1331
1301
1332
1302
1333
1303
1334
1304
1335
1305
1336
1306
1337
1307
1338
1308
1339
1309
1340
1310
1341
1311
1342
1343
5024
1313
1314
1315
1316
1317
1318
1319
1320
1321
1322
1323
1324
1325
1326
1327
1328
1329
1330
1331
1332
1333
1334
1335
1336
1337
1338
1339
1340
1341
1342
1343
5116
1345
1436
1346
1437
1347
1438
1348
1439
1349
1440
1350
1441
1351
1442
1352
1443
1353
1444
1354
1445
1355
1446
1356
1447
1357
1448
1358
1449
1359
1450
1360
1451
1361
1452
1362
1453
1363
1454
1364
1455
1365
1456
1366
1457
1367
1458
1368
1459
1369
1460
1370
1461
1371
1462
1372
1463
1373
1464
1374
1465
1375
1466
1376
1467
1377
1468
1378
1469
1379
1470
1380
1471
1381
1472
1382
1473
1383
1474
1384
1475
1385
1476
1386
1477
1387
1478
1388
1479
1389
1480
1390
1481
1391
1482
1392
1483
1393
1484
1394
1485
1395
1486
1396
1487
1397
1488
1398
1489
1399
1490
1400
1491
1401
1492
1402
1493
1403
1494
1404
1495
1405
1496
1406
1497
1407
1498
1408
1499
1409
1500
1410
1501
1411
1502
1412
1503
1413
1504
1414
1505
1415
1506
1416
1507
1417
1508
1418
1509
1419
1510
1420
1511
1421
1512
1422
1513
1423
1514
1424
1515
1425
1516
1426
1517
1427
1518
1428
1519
1429
1520
1430
1521
1431
1522
1432
1523
1433
1524
1434
1525
1435
1526
1527
5208
1437
1528
1438
1529
1439
1530
1440
1531
1441
1532
1442
1533
1443
1534
1444
1535
1445
1536
1446
1537
1447
1538
1448
1539
1449
1540
1450
1541
1451
1542
1452
1543
1453
1544
1454
1545
1455
1546
1456
1547
1457
1548
1458
1549
1459
1550
1460
1551
1461
1552
1462
1553
1463
1554
1464
1555
1465
1556
1466
1557
1467
1558
1468
1559
1469
1560
1470
1561
1471
1562
1472
1563
1473
1564
1474
1565
1475
1566
1476
1567
1477
1568
1478
1569
1479
1570
1480
1571
1481
1572
1482
1573
1483
1574
1484
1575
1485
1576
1486
1577
1487
1578
1488
1579
1489
1580
1490
1581
1491
1582
1492
1583
1493
1584
1494
1585
1495
1586
1496
1587
1497
1588
1498
1589
1499
1590
1500
1591
1501
1592
1502
1593
1503
1594
1504
1595
1505
1596
1506
1597
1507
1598
1508
1599
1509
1600
1510
1601
1511
1602
1512
1603
1513
1604
1514
1605
1515
1606
1516
1607
1517
1608
1518
1609
1519
1610
1520
1611
1521
1612
1522
1613
1523
1614
1524
1615
1525
1616
1526
1617
1527
1618
1619
5248
1529
1620
1530
1621
1531
1622
1532
1623
1533
1624
1534
1625
1535
1626
1536
1627
1537
1628
1538
1629
1539
1630
1540
1631
1541
1632
1542
1633
1543
1634
1544
1635
1545
1636
1546
1637
1547
1638
1548
1639
1549
1640
1550
1641
1551
1642
1552
1643
1553
1644
1554
1645
1555
1646
1556
1647
1557
1648
1558
1649
1559
1650
1560
1651
1561
1652
1562
1653
1563
1654
1564
1655
1565
1656
1566
1657
1567
1658
1568
1659
1569
1660
1570
1661
1571
1662
1572
1663
1573
1664
1574
1665
1575
1666
1576
1667
1577
1668
1578
1669
1579
1670
1580
1671
1581
1672
1582
1673
1583
1674
1584
1675
1585
1676
1586
1677
1587
1678
1588
1679
1589
1680
1590
1681
1591
1682
1592
1683
1593
1684
1594
1685
1595
1686
1596
1687
1597
1688
1598
1689
1599
1690
1600
1691
1601
1692
1602
1693
1603
1694
1604
1695
1605
1696
1606
1697
1607
1698
1608
1699
1609
1700
1610
1701
1611
1702
1612
1703
1613
1704
1614
1705
1615
1706
1616
1707
1617
1708
1618
1709
1619
1710
1711
5288
1621
1712
1622
1713
1623
1714
1624
1715
1625
1716
1626
1717
1627
1718
1628
1719
1629
1720
1630
1721
1631
1722
1632
1723
1633
1724
1634
1725
1635
1726
1636
1727
1637
1728
1638
1729
1639
1730
1640
1731
1641
1732
1642
1733
1643
1734
1644
1735
1645
1736
1646
1737
1647
1738
1648
1739
1649
1740
1650
1741
1651
1742
1652
1743
1653
1744
1654
1745
1655
1746
1656
1747
1657
1748
1658
1749
1659
1750
1660
1751
1661
1752
1662
1753
1663
1754
1664
1755
1665
1756
1666
1757
1667
1758
1668
1759
1669
1760
1670
1761
1671
1762
1672
1763
1673
1764
1674
1765
1675
1766
1676
1767
1677
1768
1678
1769
1679
1770
1680
1771
1681
1772
1682
1773
1683
1774
1684
1775
1685
1776
1686
1777
1687
1778
1688
1779
1689
1780
1690
1781
1691
1782
1692
1783
1693
1784
1694
1785
1695
1786
1696
1787
1697
1788
1698
1789
1699
1790
1700
1791
1701
1792
1702
1793
1703
1794
1704
1795
1705
1796
1706
1797
1707
1798
1708
1799
1709
1800
1710
1801
1711
1802
1803
5328
1713
1804
1714
1805
1715
1806
1716
1807
1717
1808
1718
1809
1719
1810
1720
1811
1721
1812
1722
1813
1723
1814
1724
1815
1725
1816
1726
1817
1727
1818
1728
1819
1729
1820
1730
1821
1731
1822
1732
1823
1733
1824
1734
1825
1735
1826
1736
1827
1737
1828
1738
1829
1739
1830
1740
1831
1741
1832
1742
1833
1743
1834
1744
1835
1745
1836
1746
1837
1747
1838
1748
1839
1749
1840
1750
1841
1751
1842
1752
1843
1753
1844
1754
1845
1755
1846
1756
1847
1757
1848
1758
1849
1759
1850
1760
1851
1761
1852
1762
1853
1763
1854
1764
1855
1765
1856
1766
1857
1767
1858
1768
1859
1769
1860
1770
1861
1771
1862
1772
1863
1773
1864
1774
1865
1775
1866
1776
1867
1777
1868
1778
1869
1779
1870
1780
1871
1781
1872
1782
1873
1783
1874
1784
1875
1785
1876
1786
1877
1787
1878
1788
1879
1789
1880
1790
1881
1791
1882
1792
1883
1793
1884
1794
1885
1795
1886
1796
1887
1797
1888
1798
1889
1799
1890
1800
1891
1801
1892
1802
1893
1803
1894
1895
5368
1805
1896
1806
1897
1807
1898
1808
1899
1809
1900
1810
1901
1811
1902
1812
1903
1813
1904
1814
1905
1815
1906
1816
1907
1817
1908
1818
1909
1819
1910
1820
1911
1821
1912
1822
1913
1823
1914
1824
1915
1825
1916
1826
1917
1827
1918
1828
1919
1829
1920
1830
1921
1831
1922
1832
1923
1833
1924
1834
1925
1835
1926
1836
1927
1837
1928
1838
1929
1839
1930
1840
1931
1841
1932
1842
1933
1843
1934
1844
1935
1845
1936
1846
1937
1847
1938
1848
1939
1849
1940
1850
1941
1851
1942
1852
1943
1853
1944
1854
1945
1855
1946
1856
1947
1857
1948
1858
1949
1859
1950
1860
1951
1861
1952
1862
1953
1863
1954
1864
1955
1865
1956
1866
1957
1867
1958
1868
1959
1869
1960
1870
1961
1871
1962
1872
1963
1873
1964
1874
1965
1875
1966
1876
1967
1877
1968
1878
1969
1879
1970
1880
1971
1881
1972
1882
1973
1883
1974
1884
1975
1885
1976
1886
1977
1887
1978
1888
1979
1889
1980
1890
1981
1891
1982
1892
1983
1893
1984
1894
1985
1895
1986
1987
5408
1897
1988
1898
1989
1899
1990
1900
1991
1901
1992
1902
1993
1903
1994
1904
1995
1905
1996
1906
1997
1907
1998
1908
1999
1909
2000
1910
2001
1911
2002
1912
2003
1913
2004
1914
2005
1915
2006
1916
2007
1917
2008
1918
2009
1919
2010
1920
2011
1921
2012
1922
2013
1923
2014
1924
2015
1925
2016
1926
2017
1927
2018
1928
2019
1929
2020
1930
2021
1931
2022
1932
2023
1933
2024
1934
2025
1935
2026
1936
2027
1937
2028
1938
2029
1939
2030
1940
2031
1941
2032
1942
2033
1943
2034
1944
2035
1945
2036
1946
2037
1947
2038
1948
2039
1949
2040
1950
2041
1951
2042
1952
2043
1953
2044
1954
2045
1955
2046
1956
2047
1957
2048
1958
2049
1959
2050
1960
2051
1961
2052
1962
2053
1963
2054
1964
2055
1965
2056
1966
2057
1967
2058
1968
2059
1969
2060
1970
2061
1971
2062
1972
2063
1973
2064
1974
2065
1975
2066
1976
2067
1977
2068
1978
2069
1979
2070
1980
2071
1981
2072
1982
2073
1983
2074
1984
2075
1985
2076
1986
2077
1987
2078
2079
5448
1989
2080
1990
2081
1991
2082
1992
2083
1993
2084
1994
2085
1995
2086
1996
2087
1997
2088
1998
2089
1999
2090
2000
2091
2001
2092
2002
2093
2003
2094
2004
2095
2005
2096
2006
2097
2007
2098
2008
2099
2009
2100
2010
2101
2011
2102
2012
2103
2013
2104
2014
2105
2015
2106
2016
2107
2017
2108
2018
2109
2019
2110
2020
2111
2021
2112
2022
2113
2023
2114
2024
2115
2025
2116
2026
2117
2027
2118
2028
2119
2029
2120
2030
2121
2031
2122
2032
2123
2033
2124
2034
2125
2035
2126
2036
2127
2037
2128
2038
2129
2039
2130
2040
2131
2041
2132
2042
2133
2043
2134
2044
2135
2045
2136
2046
2137
2047
2138
2048
2139
2049
2140
2050
2141
2051
2142
2052
2143
2053
2144
2054
2145
2055
2146
2056
2147
2057
2148
2058
2149
2059
2150
2060
2151
2061
2152
2062
2153
2063
2154
2064
2155
2065
2156
2066
2157
2067
2158
2068
2159
2069
2160
2070
2161
2071
2162
2072
2163
2073
2164
2074
2165
2075
2166
2076
2167
2077
2168
2078
2169
2079
2170
2171
5488
2081
2172
2082
2173
2083
2174
2084
2175
2085
2176
2086
2177
2087
2178
2088
2179
2089
2180
2090
2181
2091
2182
2092
2183
2093
2184
2094
2185
2095
2186
2096
2187
2097
2188
2098
2189
2099
2190
2100
2191
2101
2192
2102
2193
2103
2194
2104
2195
2105
2196
2106
2197
2107
2198
2108
2199
2109
2200
2110
2201
2111
2202
2112
2203
2113
2204
2114
2205
2115
2206
2116
2207
2117
2208
2118
2209
2119
2210
2120
2211
2121
2212
2122
2213
2123
2214
2124
2215
2125
2216
2126
2217
2127
2218
2128
2219
2129
2220
2130
2221
2131
2222
2132
2223
2133
2224
2134
2225
2135
2226
2136
2227
2137
2228
2138
2229
2139
2230
2140
2231
2141
2232
2142
2233
2143
2234
2144
2235
2145
2236
2146
2237
2147
2238
2148
2239
2149
2240
2150
2241
2151
2242
2152
2243
2153
2244
2154
2245
2155
2246
2156
2247
2157
2248
2158
2249
2159
2250
2160
2251
2161
2252
2162
2253
2163
2254
2164
2255
2165
2256
2166
2257
2167
2258
2168
2259
2169
2260
2170
2261
2171
2262
2263
5528
2173
2264
2174
2265
2175
2266
2176
2267
2177
2268
2178
2269
2179
2270
2180
2271
2181
2272
2182
2273
2183
2274
2184
2275
2185
2276
2186
2277
2187
2278
2188
2279
2189
2280
2190
2281
2191
2282
2192
2283
2193
2284
2194
2285
2195
2286
2196
2287
2197
2288
2198
2289
2199
2290
2200
2291
2201
2292
2202
2293
2203
2294
2204
2295
2205
2296
2206
2297
2207
2298
2208
2299
2209
2300
2210
2301
2211
2302
2212
2303
2213
2304
2214
2305
2215
2306
2216
2307
2217
2308
2218
2309
2219
2310
2220
2311
2221
2312
2222
2313
2223
2314
2224
2315
2225
2316
2226
2317
2227
2318
2228
2319
2229
2320
2230
2321
2231
2322
2232
2323
2233
2324
2234
2325
2235
2326
2236
2327
2237
2328
2238
2329
2239
2330
2240
2331
2241
2332
2242
2333
2243
2334
2244
2335
2245
2336
2246
2337
2247
2338
2248
2339
2249
2340
2250
2341
2251
2342
2252
2343
2253
2344
2254
2345
2255
2346
2256
2347
2257
2348
2258
2349
2259
2350
2260
2351
2261
2352
2262
2353
2263
2354
2355
5568
2265
2356
2266
2357
2267
2358
2268
2359
2269
2360
2270
2361
2271
2362
2272
2363
2273
2364
2274
2365
2275
2366
2276
2367
2277
2368
2278
2369
2279
2370
2280
2371
2281
2372
2282
2373
2283
2374
2284
2375
2285
2376
2286
2377
2287
2378
2288
2379
2289
2380
2290
2381
2291
2382
2292
2383
2293
2384
2294
2385
2295
2386
2296
2387
2297
2388
2298
2389
2299
2390
2300
2391
2301
2392
2302
2393
2303
2394
2304
2395
2305
2396
2306
2397
2307
2398
2308
2399
2309
2400
2310
2401
2311
2402
2312
2403
2313
2404
2314
2405
2315
2406
2316
2407
2317
2408
2318
2409
2319
2410
2320
2411
2321
2412
2322
2413
2323
2414
2324
2415
2325
2416
2326
2417
2327
2418
2328
2419
2329
2420
2330
2421
2331
2422
2332
2423
2333
2424
2334
2425
2335
2426
2336
2427
2337
2428
2338
2429
2339
2430
2340
2431
2341
2432
2342
2433
2343
2434
2344
2435
2345
2436
2346
2437
2347
2438
2348
2439
2349
2440
2350
2441
2351
2442
2352
2443
2353
2444
2354
2445
2355
2446
2447
5608
2357
2448
2358
2449
2359
2450
2360
2451
2361
2452
2362
2453
2363
2454
2364
2455
2365
2456
2366
2457
2367
2458
2368
2459
2369
2460
2370
2461
2371
2462
2372
2463
2373
2464
2374
2465
2375
2466
2376
2467
2377
2468
2378
2469
2379
2470
2380
2471
2381
2472
2382
2473
2383
2474
2384
2475
2385
2476
2386
2477
2387
2478
2388
2479
2389
2480
2390
2481
2391
2482
2392
2483
2393
2484
2394
2485
2395
2486
2396
2487
2397
2488
2398
2489
2399
2490
2400
2491
2401
2492
2402
2493
2403
2494
2404
2495
2405
2496
2406
2497
2407
2498
2408
2499
2409
2500
2410
2501
2411
2502
2412
2503
2413
2504
2414
2505
2415
2506
2416
2507
2417
2508
2418
2509
2419
2510
2420
2511
2421
2512
2422
2513
2423
2514
2424
2515
2425
2516
2426
2517
2427
2518
2428
2519
2429
2520
2430
2521
2431
2522
2432
2523
2433
2524
2434
2525
2435
2526
2436
2527
2437
2528
2438
2529
2439
2530
2440
2531
2441
2532
2442
2533
2443
2534
2444
2535
2445
2536
2446
2537
2447
2538
2539
5648
2449
2540
2450
2541
2451
2542
2452
2543
2453
2544
2454
2545
2455
2546
2456
2547
2457
2548
2458
2549
2459
2550
2460
2551
2461
2552
2462
2553
2463
2554
2464
2555
2465
2556
2466
2557
2467
2558
2468
2559
2469
2560
2470
2561
2471
2562
2472
2563
2473
2564
2474
2565
2475
2566
2476
2567
2477
2568
2478
2569
2479
2570
2480
2571
2481
2572
2482
2573
2483
2574
2484
2575
2485
2576
2486
2577
2487
2578
2488
2579
2489
2580
2490
2581
2491
2582
2492
2583
2493
2584
2494
2585
2495
2586
2496
2587
2497
2588
2498
2589
2499
2590
2500
2591
2501
2592
2502
2593
2503
2594
2504
2595
2505
2596
2506
2597
2507
2598
2508
2599
2509
2600
2510
2601
2511
2602
2512
2603
2513
2604
2514
2605
2515
2606
2516
2607
2517
2608
2518
2609
2519
2610
2520
2611
2521
2612
2522
2613
2523
2614
2524
2615
2525
2616
2526
2617
2527
2618
2528
2619
2529
2620
2530
2621
2531
2622
2532
2623
2533
2624
2534
2625
2535
2626
2536
2627
2537
2628
2538
2629
2539
2630
2631
5688
2541
2632
2542
2633
2543
2634
2544
2635
2545
2636
2546
2637
2547
2638
2548
2639
2549
2640
2550
2641
2551
2642
2552
2643
2553
2644
2554
2645
2555
2646
2556
2647
2557
2648
2558
2649
2559
2650
2560
2651
2561
2652
2562
2653
2563
2654
2564
2655
2565
2656
2566
2657
2567
2658
2568
2659
2569
2660
2570
2661
2571
2662
2572
2663
2573
2664
2574
2665
2575
2666
2576
2667
2577
2668
2578
2669
2579
2670
2580
2671
2581
2672
2582
2673
2583
2674
2584
2675
2585
2676
2586
2677
2587
2678
2588
2679
2589
2680
2590
2681
2591
2682
2592
2683
2593
2684
2594
2685
2595
2686
2596
2687
2597
2688
2598
2689
2599
2690
2600
2691
2601
2692
2602
2693
2603
2694
2604
2695
2605
2696
2606
2697
2607
2698
2608
2699
2609
2700
2610
2701
2611
2702
2612
2703
2613
2704
2614
2705
2615
2706
2616
2707
2617
2708
2618
2709
2619
2710
2620
2711
2621
2712
2622
2713
2623
2714
2624
2715
2625
2716
2626
2717
2627
2718
2628
2719
2629
2720
2630
2721
2631
2722
2723
5728
2633
2724
2634
2725
2635
2726
2636
2727
2637
2728
2638
2729
2639
2730
2640
2731
2641
2732
2642
2733
2643
2734
2644
2735
2645
2736
2646
2737
2647
2738
2648
2739
2649
2740
2650
2741
2651
2742
2652
2743
2653
2744
2654
2745
2655
2746
2656
2747
2657
2748
2658
2749
2659
2750
2660
2751
2661
2752
2662
2753
2663
2754
2664
2755
2665
2756
2666
2757
2667
2758
2668
2759
2669
2760
2670
2761
2671
2762
2672
2763
2673
2764
2674
2765
2675
2766
2676
2767
2677
2768
2678
2769
2679
2770
2680
2771
2681
2772
2682
2773
2683
2774
2684
2775
2685
2776
2686
2777
2687
2778
2688
2779
2689
2780
2690
2781
2691
2782
2692
2783
2693
2784
2694
2785
2695
2786
2696
2787
2697
2788
2698
2789
2699
2790
2700
2791
2701
2792
2702
2793
2703
2794
2704
2795
2705
2796
2706
2797
2707
2798
2708
2799
2709
2800
2710
2801
2711
2802
2712
2803
2713
2804
2714
2805
2715
2806
2716
2807
2717
2808
2718
2809
2719
2810
2720
2811
2721
2812
2722
2813
2723
2814
2815
5768
2725
2816
2726
2817
2727
2818
2728
2819
2729
2820
2730
2821
2731
2822
2732
2823
2733
2824
2734
2825
2735
2826
2736
2827
2737
2828
2738
2829
2739
2830
2740
2831
2741
2832
2742
2833
2743
2834
2744
2835
2745
2836
2746
2837
2747
2838
2748
2839
2749
2840
2750
2841
2751
2842
2752
2843
2753
2844
2754
2845
2755
2846
2756
2847
2757
2848
2758
2849
2759
2850
2760
2851
2761
2852
2762
2853
2763
2854
2764
2855
2765
2856
2766
2857
2767
2858
2768
2859
2769
2860
2770
2861
2771
2862
2772
2863
2773
2864
2774
2865
2775
2866
2776
2867
2777
2868
2778
2869
2779
2870
2780
2871
2781
2872
2782
2873
2783
2874
2784
2875
2785
2876
2786
2877
2787
2878
2788
2879
2789
2880
2790
2881
2791
2882
2792
2883
2793
2884
2794
2885
2795
2886
2796
2887
2797
2888
2798
2889
2799
2890
2800
2891
2801
2892
2802
2893
2803
2894
2804
2895
2805
2896
2806
2897
2807
2898
2808
2899
2809
2900
2810
2901
2811
2902
2812
2903
2813
2904
2814
2905
2815
2906
2907
5808
2817
2908
2818
2909
2819
2910
2820
2911
2821
2912
2822
2913
2823
2914
2824
2915
2825
2916
2826
2917
2827
2918
2828
2919
2829
2920
2830
2921
2831
2922
2832
2923
2833
2924
2834
2925
2835
2926
2836
2927
2837
2928
2838
2929
2839
2930
2840
2931
2841
2932
2842
2933
2843
2934
2844
2935
2845
2936
2846
2937
2847
2938
2848
2939
2849
2940
2850
2941
2851
2942
2852
2943
2853
2944
2854
2945
2855
2946
2856
2947
2857
2948
2858
2949
2859
2950
2860
2951
2861
2952
2862
2953
2863
2954
2864
2955
2865
2956
2866
2957
2867
2958
2868
2959
2869
2960
2870
2961
2871
2962
2872
2963
2873
2964
2874
2965
2875
2966
2876
2967
2877
2968
2878
2969
2879
2970
2880
2971
2881
2972
2882
2973
2883
2974
2884
2975
2885
2976
2886
2977
2887
2978
2888
2979
2889
2980
2890
2981
2891
2982
2892
2983
2893
2984
2894
2985
2895
2986
2896
2987
2897
2988
2898
2989
2899
2990
2900
2991
2901
2992
2902
2993
2903
2994
2904
2995
2905
2996
2906
2997
2907
2998
2999
5848
2909
3000
2910
3001
2911
3002
2912
3003
2913
3004
2914
3005
2915
3006
2916
3007
2917
3008
2918
3009
2919
3010
2920
3011
2921
3012
2922
3013
2923
3014
2924
3015
2925
3016
2926
3017
2927
3018
2928
3019
2929
3020
2930
3021
2931
3022
2932
3023
2933
3024
2934
3025
2935
3026
2936
3027
2937
3028
2938
3029
2939
3030
2940
3031
2941
3032
2942
3033
2943
3034
2944
3035
2945
3036
2946
3037
2947
3038
2948
3039
2949
3040
2950
3041
2951
3042
2952
3043
2953
3044
2954
3045
2955
3046
2956
3047
2957
3048
2958
3049
2959
3050
2960
3051
2961
3052
2962
3053
2963
3054
2964
3055
2965
3056
2966
3057
2967
3058
2968
3059
2969
3060
2970
3061
2971
3062
2972
3063
2973
3064
2974
3065
2975
3066
2976
3067
2977
3068
2978
3069
2979
3070
2980
3071
2981
3072
2982
3073
2983
3074
2984
3075
2985
3076
2986
3077
2987
3078
2988
3079
2989
3080
2990
3081
2991
3082
2992
3083
2993
3084
2994
3085
2995
3086
2996
3087
2997
3088
2998
3089
2999
3090
3091
5888
3001
3092
3002
3093
3003
3094
3004
3095
3005
3096
3006
3097
3007
3098
3008
3099
3009
3100
3010
3101
3011
3102
3012
3103
3013
3104
3014
3105
3015
3106
3016
3107
3017
3108
3018
3109
3019
3110
3020
3111
3021
3112
3022
3113
3023
3114
3024
3115
3025
3116
3026
3117
3027
3118
3028
3119
3029
3120
3030
3121
3031
3122
3032
3123
3033
3124
3034
3125
3035
3126
3036
3127
3037
3128
3038
3129
3039
3130
3040
3131
3041
3132
3042
3133
3043
3134
3044
3135
3045
3136
3046
3137
3047
3138
3048
3139
3049
3140
3050
3141
3051
3142
3052
3143
3053
3144
3054
3145
3055
3146
3056
3147
3057
3148
3058
3149
3059
3150
3060
3151
3061
3152
3062
3153
3063
3154
3064
3155
3065
3156
3066
3157
3067
3158
3068
3159
3069
3160
3070
3161
3071
3162
3072
3163
3073
3164
3074
3165
3075
3166
3076
3167
3077
3168
3078
3169
3079
3170
3080
3171
3081
3172
3082
3173
3083
3174
3084
3175
3085
3176
3086
3177
3087
3178
3088
3179
3089
3180
3090
3181
3091
3182
3183
5928
3093
3184
3094
3185
3095
3186
3096
3187
3097
3188
3098
3189
3099
3190
3100
3191
3101
3192
3102
3193
3103
3194
3104
3195
3105
3196
3106
3197
3107
3198
3108
3199
3109
3200
3110
3201
3111
3202
3112
3203
3113
3204
3114
3205
3115
3206
3116
3207
3117
3208
3118
3209
3119
3210
3120
3211
3121
3212
3122
3213
3123
3214
3124
3215
3125
3216
3126
3217
3127
3218
3128
3219
3129
3220
3130
3221
3131
3222
3132
3223
3133
3224
3134
3225
3135
3226
3136
3227
3137
3228
3138
3229
3139
3230
3140
3231
3141
3232
3142
3233
3143
3234
3144
3235
3145
3236
3146
3237
3147
3238
3148
3239
3149
3240
3150
3241
3151
3242
3152
3243
3153
3244
3154
3245
3155
3246
3156
3247
3157
3248
3158
3249
3159
3250
3160
3251
3161
3252
3162
3253
3163
3254
3164
3255
3165
3256
3166
3257
3167
3258
3168
3259
3169
3260
3170
3261
3171
3262
3172
3263
3173
3264
3174
3265
3175
3266
3176
3267
3177
3268
3178
3269
3179
3270
3180
3271
3181
3272
3182
3273
3183
3274
3275
5968
3185
3276
3186
3277
3187
3278
3188
3279
3189
3280
3190
3281
3191
3282
3192
3283
3193
3284
3194
3285
3195
3286
3196
3287
3197
3288
3198
3289
3199
3290
3200
3291
3201
3292
3202
3293
3203
3294
3204
3295
3205
3296
3206
3297
3207
3298
3208
3299
3209
3300
3210
3301
3211
3302
3212
3303
3213
3304
3214
3305
3215
3306
3216
3307
3217
3308
3218
3309
3219
3310
3220
3311
3221
3312
3222
3313
3223
3314
3224
3315
3225
3316
3226
3317
3227
3318
3228
3319
3229
3320
3230
3321
3231
3322
3232
3323
3233
3324
3234
3325
3235
3326
3236
3327
3237
3328
3238
3329
3239
3330
3240
3331
3241
3332
3242
3333
3243
3334
3244
3335
3245
3336
3246
3337
3247
3338
3248
3339
3249
3340
3250
3341
3251
3342
3252
3343
3253
3344
3254
3345
3255
3346
3256
3347
3257
3348
3258
3349
3259
3350
3260
3351
3261
3352
3262
3353
3263
3354
3264
3355
3265
3356
3266
3357
3267
3358
3268
3359
3269
3360
3270
3361
3271
3362
3272
3363
3273
3364
3274
3365
3275
3366
3367
6008
3277
3368
3278
3369
3279
3370
3280
3371
3281
3372
3282
3373
3283
3374
3284
3375
3285
3376
3286
3377
3287
3378
3288
3379
3289
3380
3290
3381
3291
3382
3292
3383
3293
3384
3294
3385
3295
3386
3296
3387
3297
3388
3298
3389
3299
3390
3300
3391
3301
3392
3302
3393
3303
3394
3304
3395
3305
3396
3306
3397
3307
3398
3308
3399
3309
3400
3310
3401
3311
3402
3312
3403
3313
3404
3314
3405
3315
3406
3316
3407
3317
3408
3318
3409
3319
3410
3320
3411
3321
3412
3322
3413
3323
3414
3324
3415
3325
3416
3326
3417
3327
3418
3328
3419
3329
3420
3330
3421
3331
3422
3332
3423
3333
3424
3334
3425
3335
3426
3336
3427
3337
3428
3338
3429
3339
3430
3340
3431
3341
3432
3342
3433
3343
3434
3344
3435
3345
3436
3346
3437
3347
3438
3348
3439
3349
3440
3350
3441
3351
3442
3352
3443
3353
3444
3354
3445
3355
3446
3356
3447
3357
3448
3358
3449
3359
3450
3360
3451
3361
3452
3362
3453
3363
3454
3364
3455
3365
3456
3366
3457
3367
3458
3459
6048
3369
3460
3370
3461
3371
3462
3372
3463
3373
3464
3374
3465
3375
3466
3376
3467
3377
3468
3378
3469
3379
3470
3380
3471
3381
3472
3382
3473
3383
3474
3384
3475
3385
3476
3386
3477
3387
3478
3388
3479
3389
3480
3390
3481
3391
3482
3392
3483
3393
3484
3394
3485
3395
3486
3396
3487
3397
3488
3398
3489
3399
3490
3400
3491
3401
3492
3402
3493
3403
3494
3404
3495
3405
3496
3406
3497
3407
3498
3408
3499
3409
3500
3410
3501
3411
3502
3412
3503
3413
3504
3414
3505
3415
3506
3416
3507
3417
3508
3418
3509
3419
3510
3420
3511
3421
3512
3422
3513
3423
3514
3424
3515
3425
3516
3426
3517
3427
3518
3428
3519
3429
3520
3430
3521
3431
3522
3432
3523
3433
3524
3434
3525
3435
3526
3436
3527
3437
3528
3438
3529
3439
3530
3440
3531
3441
3532
3442
3533
3443
3534
3444
3535
3445
3536
3446
3537
3447
3538
3448
3539
3449
3540
3450
3541
3451
3542
3452
3543
3453
3544
3454
3545
3455
3546
3456
3547
3457
3548
3458
3549
3459
3550
3551
6088
3461
3552
3462
3553
3463
3554
3464
3555
3465
3556
3466
3557
3467
3558
3468
3559
3469
3560
3470
3561
3471
3562
3472
3563
3473
3564
3474
3565
3475
3566
3476
3567
3477
3568
3478
3569
3479
3570
3480
3571
3481
3572
3482
3573
3483
3574
3484
3575
3485
3576
3486
3577
3487
3578
3488
3579
3489
3580
3490
3581
3491
3582
3492
3583
3493
3584
3494
3585
3495
3586
3496
3587
3497
3588
3498
3589
3499
3590
3500
3591
3501
3592
3502
3593
3503
3594
3504
3595
3505
3596
3506
3597
3507
3598
3508
3599
3509
3600
3510
3601
3511
3602
3512
3603
3513
3604
3514
3605
3515
3606
3516
3607
3517
3608
3518
3609
3519
3610
3520
3611
3521
3612
3522
3613
3523
3614
3524
3615
3525
3616
3526
3617
3527
3618
3528
3619
3529
3620
3530
3621
3531
3622
3532
3623
3533
3624
3534
3625
3535
3626
3536
3627
3537
3628
3538
3629
3539
3630
3540
3631
3541
3632
3542
3633
3543
3634
3544
3635
3545
3636
3546
3637
3547
3638
3548
3639
3549
3640
3550
3641
3551
3642
3643
6128
3553
3644
3554
3645
3555
3646
3556
3647
3557
3648
3558
3649
3559
3650
3560
3651
3561
3652
3562
3653
3563
3654
3564
3655
3565
3656
3566
3657
3567
3658
3568
3659
3569
3660
3570
3661
3571
3662
3572
3663
3573
3664
3574
3665
3575
3666
3576
3667
3577
3668
3578
3669
3579
3670
3580
3671
3581
3672
3582
3673
3583
3674
3584
3675
3585
3676
3586
3677
3587
3678
3588
3679
3589
3680
3590
3681
3591
3682
3592
3683
3593
3684
3594
3685
3595
3686
3596
3687
3597
3688
3598
3689
3599
3690
3600
3691
3601
3692
3602
3693
3603
3694
3604
3695
3605
3696
3606
3697
3607
3698
3608
3699
3609
3700
3610
3701
3611
3702
3612
3703
3613
3704
3614
3705
3615
3706
3616
3707
3617
3708
3618
3709
3619
3710
3620
3711
3621
3712
3622
3713
3623
3714
3624
3715
3625
3716
3626
3717
3627
3718
3628
3719
3629
3720
3630
3721
3631
3722
3632
3723
3633
3724
3634
3725
3635
3726
3636
3727
3637
3728
3638
3729
3639
3730
3640
3731
3641
3732
3642
3733
3643
3734
3735
6168
3645
3736
3646
3737
3647
3738
3648
3739
3649
3740
3650
3741
3651
3742
3652
3743
3653
3744
3654
3745
3655
3746
3656
3747
3657
3748
3658
3749
3659
3750
3660
3751
3661
3752
3662
3753
3663
3754
3664
3755
3665
3756
3666
3757
3667
3758
3668
3759
3669
3760
3670
3761
3671
3762
3672
3763
3673
3764
3674
3765
3675
3766
3676
3767
3677
3768
3678
3769
3679
3770
3680
3771
3681
3772
3682
3773
3683
3774
3684
3775
3685
3776
3686
3777
3687
3778
3688
3779
3689
3780
3690
3781
3691
3782
3692
3783
3693
3784
3694
3785
3695
3786
3696
3787
3697
3788
3698
3789
3699
3790
3700
3791
3701
3792
3702
3793
3703
3794
3704
3795
3705
3796
3706
3797
3707
3798
3708
3799
3709
3800
3710
3801
3711
3802
3712
3803
3713
3804
3714
3805
3715
3806
3716
3807
3717
3808
3718
3809
3719
3810
3720
3811
3721
3812
3722
3813
3723
3814
3724
3815
3725
3816
3726
3817
3727
3818
3728
3819
3729
3820
3730
3821
3731
3822
3732
3823
3733
3824
3734
3825
3735
3826
3827
6208
3737
3828
3738
3829
3739
3830
3740
3831
3741
3832
3742
3833
3743
3834
3744
3835
3745
3836
3746
3837
3747
3838
3748
3839
3749
3840
3750
3841
3751
3842
3752
3843
3753
3844
3754
3845
3755
3846
3756
3847
3757
3848
3758
3849
3759
3850
3760
3851
3761
3852
3762
3853
3763
3854
3764
3855
3765
3856
3766
3857
3767
3858
3768
3859
3769
3860
3770
3861
3771
3862
3772
3863
3773
3864
3774
3865
3775
3866
3776
3867
3777
3868
3778
3869
3779
3870
3780
3871
3781
3872
3782
3873
3783
3874
3784
3875
3785
3876
3786
3877
3787
3878
3788
3879
3789
3880
3790
3881
3791
3882
3792
3883
3793
3884
3794
3885
3795
3886
3796
3887
3797
3888
3798
3889
3799
3890
3800
3891
3801
3892
3802
3893
3803
3894
3804
3895
3805
3896
3806
3897
3807
3898
3808
3899
3809
3900
3810
3901
3811
3902
3812
3903
3813
3904
3814
3905
3815
3906
3816
3907
3817
3908
3818
3909
3819
3910
3820
3911
3821
3912
3822
3913
3823
3914
3824
3915
3825
3916
3826
3917
3827
3918
3919
6248
3829
3920
3830
3921
3831
3922
3832
3923
3833
3924
3834
3925
3835
3926
3836
3927
3837
3928
3838
3929
3839
3930
3840
3931
3841
3932
3842
3933
3843
3934
3844
3935
3845
3936
3846
3937
3847
3938
3848
3939
3849
3940
3850
3941
3851
3942
3852
3943
3853
3944
3854
3945
3855
3946
3856
3947
3857
3948
3858
3949
3859
3950
3860
3951
3861
3952
3862
3953
3863
3954
3864
3955
3865
3956
3866
3957
3867
3958
3868
3959
3869
3960
3870
3961
3871
3962
3872
3963
3873
3964
3874
3965
3875
3966
3876
3967
3877
3968
3878
3969
3879
3970
3880
3971
3881
3972
3882
3973
3883
3974
3884
3975
3885
3976
3886
3977
3887
3978
3888
3979
3889
3980
3890
3981
3891
3982
3892
3983
3893
3984
3894
3985
3895
3986
3896
3987
3897
3988
3898
3989
3899
3990
3900
3991
3901
3992
3902
3993
3903
3994
3904
3995
3905
3996
3906
3997
3907
3998
3908
3999
3909
4000
3910
4001
3911
4002
3912
4003
3913
4004
3914
4005
3915
4006
3916
4007
3917
4008
3918
4009
3919
4010
4011
6288
3921
4012
3922
4013
3923
4014
3924
4015
3925
4016
3926
4017
3927
4018
3928
4019
3929
4020
3930
4021
3931
4022
3932
4023
3933
4024
3934
4025
3935
4026
3936
4027
3937
4028
3938
4029
3939
4030
3940
4031
3941
4032
3942
4033
3943
4034
3944
4035
3945
4036
3946
4037
3947
4038
3948
4039
3949
4040
3950
4041
3951
4042
3952
4043
3953
4044
3954
4045
3955
4046
3956
4047
3957
4048
3958
4049
3959
4050
3960
4051
3961
4052
3962
4053
3963
4054
3964
4055
3965
4056
3966
4057
3967
4058
3968
4059
3969
4060
3970
4061
3971
4062
3972
4063
3973
4064
3974
4065
3975
4066
3976
4067
3977
4068
3978
4069
3979
4070
3980
4071
3981
4072
3982
4073
3983
4074
3984
4075
3985
4076
3986
4077
3987
4078
3988
4079
3989
4080
3990
4081
3991
4082
3992
4083
3993
4084
3994
4085
3995
4086
3996
4087
3997
4088
3998
4089
3999
4090
4000
4091
4001
4092
4002
4093
4003
4094
4004
4095
4005
4096
4006
4097
4007
4098
4008
4099
4009
4100
4010
4101
4011
4102
4103
6328
4013
4104
4014
4105
4015
4106
4016
4107
4017
4108
4018
4109
4019
4110
4020
4111
4021
4112
4022
4113
4023
4114
4024
4115
4025
4116
4026
4117
4027
4118
4028
4119
4029
4120
4030
4121
4031
4122
4032
4123
4033
4124
4034
4125
4035
4126
4036
4127
4037
4128
4038
4129
4039
4130
4040
4131
4041
4132
4042
4133
4043
4134
4044
4135
4045
4136
4046
4137
4047
4138
4048
4139
4049
4140
4050
4141
4051
4142
4052
4143
4053
4144
4054
4145
4055
4146
4056
4147
4057
4148
4058
4149
4059
4150
4060
4151
4061
4152
4062
4153
4063
4154
4064
4155
4065
4156
4066
4157
4067
4158
4068
4159
4069
4160
4070
4161
4071
4162
4072
4163
4073
4164
4074
4165
4075
4166
4076
4167
4077
4168
4078
4169
4079
4170
4080
4171
4081
4172
4082
4173
4083
4174
4084
4175
4085
4176
4086
4177
4087
4178
4088
4179
4089
4180
4090
4181
4091
4182
4092
4183
4093
4184
4094
4185
4095
4186
4096
4187
4097
4188
4098
4189
4099
4190
4100
4191
4101
4192
4102
4193
4103
4194
4195
6368
4105
4196
4106
4197
4107
4198
4108
4199
4109
4200
4110
4201
4111
4202
4112
4203
4113
4204
4114
4205
4115
4206
4116
4207
4117
4208
4118
4209
4119
4210
4120
4211
4121
4212
4122
4213
4123
4214
4124
4215
4125
4216
4126
4217
4127
4218
4128
4219
4129
4220
4130
4221
4131
4222
4132
4223
4133
4224
4134
4225
4135
4226
4136
4227
4137
4228
4138
4229
4139
4230
4140
4231
4141
4232
4142
4233
4143
4234
4144
4235
4145
4236
4146
4237
4147
4238
4148
4239
4149
4240
4150
4241
4151
4242
4152
4243
4153
4244
4154
4245
4155
4246
4156
4247
4157
4248
4158
4249
4159
4250
4160
4251
4161
4252
4162
4253
4163
4254
4164
4255
4165
4256
4166
4257
4167
4258
4168
4259
4169
4260
4170
4261
4171
4262
4172
4263
4173
4264
4174
4265
4175
4266
4176
4267
4177
4268
4178
4269
4179
4270
4180
4271
4181
4272
4182
4273
4183
4274
4184
4275
4185
4276
4186
4277
4187
4278
4188
4279
4189
4280
4190
4281
4191
4282
4192
4283
4193
4284
4194
4285
4195
4286
4287
6408
4197
4288
4198
4289
4199
4290
4200
4291
4201
4292
4202
4293
4203
4294
4204
4295
4205
4296
4206
4297
4207
4298
4208
4299
4209
4300
4210
4301
4211
4302
4212
4303
4213
4304
4214
4305
4215
4306
4216
4307
4217
4308
4218
4309
4219
4310
4220
4311
4221
4312
4222
4313
4223
4314
4224
4315
4225
4316
4226
4317
4227
4318
4228
4319
4229
4320
4230
4321
4231
4322
4232
4323
4233
4324
4234
4325
4235
4326
4236
4327
4237
4328
4238
4329
4239
4330
4240
4331
4241
4332
4242
4333
4243
4334
4244
4335
4245
4336
4246
4337
4247
4338
4248
4339
4249
4340
4250
4341
4251
4342
4252
4343
4253
4344
4254
4345
4255
4346
4256
4347
4257
4348
4258
4349
4259
4350
4260
4351
4261
4352
4262
4353
4263
4354
4264
4355
4265
4356
4266
4357
4267
4358
4268
4359
4269
4360
4270
4361
4271
4362
4272
4363
4273
4364
4274
4365
4275
4366
4276
4367
4277
4368
4278
4369
4279
4370
4280
4371
4281
4372
4282
4373
4283
4374
4284
4375
4285
4376
4286
4377
4287
4378
4379
6448
4289
4380
4290
4381
4291
4382
4292
4383
4293
4384
4294
4385
4295
4386
4296
4387
4297
4388
4298
4389
4299
4390
4300
4391
4301
4392
4302
4393
4303
4394
4304
4395
4305
4396
4306
4397
4307
4398
4308
4399
4309
4400
4310
4401
4311
4402
4312
4403
4313
4404
4314
4405
4315
4406
4316
4407
4317
4408
4318
4409
4319
4410
4320
4411
4321
4412
4322
4413
4323
4414
4324
4415
4325
4416
4326
4417
4327
4418
4328
4419
4329
4420
4330
4421
4331
4422
4332
4423
4333
4424
4334
4425
4335
4426
4336
4427
4337
4428
4338
4429
4339
4430
4340
4431
4341
4432
4342
4433
4343
4434
4344
4435
4345
4436
4346
4437
4347
4438
4348
4439
4349
4440
4350
4441
4351
4442
4352
4443
4353
4444
4354
4445
4355
4446
4356
4447
4357
4448
4358
4449
4359
4450
4360
4451
4361
4452
4362
4453
4363
4454
4364
4455
4365
4456
4366
4457
4367
4458
4368
4459
4369
4460
4370
4461
4371
4462
4372
4463
4373
4464
4374
4465
4375
4466
4376
4467
4377
4468
4378
4469
4379
4470
4471
6488
4381
4472
4382
4473
4383
4474
4384
4475
4385
4476
4386
4477
4387
4478
4388
4479
4389
4480
4390
4481
4391
4482
4392
4483
4393
4484
4394
4485
4395
4486
4396
4487
4397
4488
4398
4489
4399
4490
4400
4491
4401
4492
4402
4493
4403
4494
4404
4495
4405
4496
4406
4497
4407
4498
4408
4499
4409
4500
4410
4501
4411
4502
4412
4503
4413
4504
4414
4505
4415
4506
4416
4507
4417
4508
4418
4509
4419
4510
4420
4511
4421
4512
4422
4513
4423
4514
4424
4515
4425
4516
4426
4517
4427
4518
4428
4519
4429
4520
4430
4521
4431
4522
4432
4523
4433
4524
4434
4525
4435
4526
4436
4527
4437
4528
4438
4529
4439
4530
4440
4531
4441
4532
4442
4533
4443
4534
4444
4535
4445
4536
4446
4537
4447
4538
4448
4539
4449
4540
4450
4541
4451
4542
4452
4543
4453
4544
4454
4545
4455
4546
4456
4547
4457
4548
4458
4549
4459
4550
4460
4551
4461
4552
4462
4553
4463
4554
4464
4555
4465
4556
4466
4557
4467
4558
4468
4559
4469
4560
4470
4561
4471
4562
4563
6528
4473
4564
4474
4565
4475
4566
4476
4567
4477
4568
4478
4569
4479
4570
4480
4571
4481
4572
4482
4573
4483
4574
4484
4575
4485
4576
4486
4577
4487
4578
4488
4579
4489
4580
4490
4581
4491
4582
4492
4583
4493
4584
4494
4585
4495
4586
4496
4587
4497
4588
4498
4589
4499
4590
4500
4591
4501
4592
4502
4593
4503
4594
4504
4595
4505
4596
4506
4597
4507
4598
4508
4599
4509
4600
4510
4601
4511
4602
4512
4603
4513
4604
4514
4605
4515
4606
4516
4607
4517
4608
4518
4609
4519
4610
4520
4611
4521
4612
4522
4613
4523
4614
4524
4615
4525
4616
4526
4617
4527
4618
4528
4619
4529
4620
4530
4621
4531
4622
4532
4623
4533
4624
4534
4625
4535
4626
4536
4627
4537
4628
4538
4629
4539
4630
4540
4631
4541
4632
4542
4633
4543
4634
4544
4635
4545
4636
4546
4637
4547
4638
4548
4639
4549
4640
4550
4641
4551
4642
4552
4643
4553
4644
4554
4645
4555
4646
4556
4647
4557
4648
4558
4649
4559
4650
4560
4651
4561
4652
4562
4653
4563
4654
4655
6568
4565
4656
4566
4657
4567
4658
4568
4659
4569
4660
4570
4661
4571
4662
4572
4663
4573
4664
4574
4665
4575
4666
4576
4667
4577
4668
4578
4669
4579
4670
4580
4671
4581
4672
4582
4673
4583
4674
4584
4675
4585
4676
4586
4677
4587
4678
4588
4679
4589
4680
4590
4681
4591
4682
4592
4683
4593
4684
4594
4685
4595
4686
4596
4687
4597
4688
4598
4689
4599
4690
4600
4691
4601
4692
4602
4693
4603
4694
4604
4695
4605
4696
4606
4697
4607
4698
4608
4699
4609
4700
4610
4701
4611
4702
4612
4703
4613
4704
4614
4705
4615
4706
4616
4707
4617
4708
4618
4709
4619
4710
4620
4711
4621
4712
4622
4713
4623
4714
4624
4715
4625
4716
4626
4717
4627
4718
4628
4719
4629
4720
4630
4721
4631
4722
4632
4723
4633
4724
4634
4725
4635
4726
4636
4727
4637
4728
4638
4729
4639
4730
4640
4731
4641
4732
4642
4733
4643
4734
4644
4735
4645
4736
4646
4737
4647
4738
4648
4739
4649
4740
4650
4741
4651
4742
4652
4743
4653
4744
4654
4745
4655
4746
4747
6608
4657
4748
4658
4749
4659
4750
4660
4751
4661
4752
4662
4753
4663
4754
4664
4755
4665
4756
4666
4757
4667
4758
4668
4759
4669
4760
4670
4761
4671
4762
4672
4763
4673
4764
4674
4765
4675
4766
4676
4767
4677
4768
4678
4769
4679
4770
4680
4771
4681
4772
4682
4773
4683
4774
4684
4775
4685
4776
4686
4777
4687
4778
4688
4779
4689
4780
4690
4781
4691
4782
4692
4783
4693
4784
4694
4785
4695
4786
4696
4787
4697
4788
4698
4789
4699
4790
4700
4791
4701
4792
4702
4793
4703
4794
4704
4795
4705
4796
4706
4797
4707
4798
4708
4799
4709
4800
4710
4801
4711
4802
4712
4803
4713
4804
4714
4805
4715
4806
4716
4807
4717
4808
4718
4809
4719
4810
4720
4811
4721
4812
4722
4813
4723
4814
4724
4815
4725
4816
4726
4817
4727
4818
4728
4819
4729
4820
4730
4821
4731
4822
4732
4823
4733
4824
4734
4825
4735
4826
4736
4827
4737
4828
4738
4829
4739
4830
4740
4831
4741
4832
4742
4833
4743
4834
4744
4835
4745
4836
4746
4837
4747
4838
4839
6648
4749
4840
4750
4841
4751
4842
4752
4843
4753
4844
4754
4845
4755
4846
4756
4847
4757
4848
4758
4849
4759
4850
4760
4851
4761
4852
4762
4853
4763
4854
4764
4855
4765
4856
4766
4857
4767
4858
4768
4859
4769
4860
4770
4861
4771
4862
4772
4863
4773
4864
4774
4865
4775
4866
4776
4867
4777
4868
4778
4869
4779
4870
4780
4871
4781
4872
4782
4873
4783
4874
4784
4875
4785
4876
4786
4877
4787
4878
4788
4879
4789
4880
4790
4881
4791
4882
4792
4883
4793
4884
4794
4885
4795
4886
4796
4887
4797
4888
4798
4889
4799
4890
4800
4891
4801
4892
4802
4893
4803
4894
4804
4895
4805
4896
4806
4897
4807
4898
4808
4899
4809
4900
4810
4901
4811
4902
4812
4903
4813
4904
4814
4905
4815
4906
4816
4907
4817
4908
4818
4909
4819
4910
4820
4911
4821
4912
4822
4913
4823
4914
4824
4915
4825
4916
4826
4917
4827
4918
4828
4919
4829
4920
4830
4921
4831
4922
4832
4923
4833
4924
4834
4925
4835
4926
4836
4927
4837
4928
4838
4929
4839
4930
4931
6688
4841
4932
4842
4933
4843
4934
4844
4935
4845
4936
4846
4937
4847
4938
4848
4939
4849
4940
4850
4941
4851
4942
4852
4943
4853
4944
4854
4945
4855
4946
4856
4947
4857
4948
4858
4949
4859
4950
4860
4951
4861
4952
4862
4953
4863
4954
4864
4955
4865
4956
4866
4957
4867
4958
4868
4959
4869
4960
4870
4961
4871
4962
4872
4963
4873
4964
4874
4965
4875
4966
4876
4967
4877
4968
4878
4969
4879
4970
4880
4971
4881
4972
4882
4973
4883
4974
4884
4975
4885
4976
4886
4977
4887
4978
4888
4979
4889
4980
4890
4981
4891
4982
4892
4983
4893
4984
4894
4985
4895
4986
4896
4987
4897
4988
4898
4989
4899
4990
4900
4991
4901
4992
4902
4993
4903
4994
4904
4995
4905
4996
4906
4997
4907
4998
4908
4999
4909
5000
4910
5001
4911
5002
4912
5003
4913
5004
4914
5005
4915
5006
4916
5007
4917
5008
4918
5009
4919
5010
4920
5011
4921
5012
4922
5013
4923
5014
4924
5015
4925
5016
4926
5017
4927
5018
4928
5019
4929
5020
4930
5021
4931
5022
5023
6728
4933
5024
4934
5025
4935
5026
4936
5027
4937
5028
4938
5029
4939
5030
4940
5031
4941
5032
4942
5033
4943
5034
4944
5035
4945
5036
4946
5037
4947
5038
4948
5039
4949
5040
4950
5041
4951
5042
4952
5043
4953
5044
4954
5045
4955
5046
4956
5047
4957
5048
4958
5049
4959
5050
4960
5051
4961
5052
4962
5053
4963
5054
4964
5055
4965
5056
4966
5057
4967
5058
4968
5059
4969
5060
4970
5061
4971
5062
4972
5063
4973
5064
4974
5065
4975
5066
4976
5067
4977
5068
4978
5069
4979
5070
4980
5071
4981
5072
4982
5073
4983
5074
4984
5075
4985
5076
4986
5077
4987
5078
4988
5079
4989
5080
4990
5081
4991
5082
4992
5083
4993
5084
4994
5085
4995
5086
4996
5087
4997
5088
4998
5089
4999
5090
5000
5091
5001
5092
5002
5093
5003
5094
5004
5095
5005
5096
5006
5097
5007
5098
5008
5099
5009
5100
5010
5101
5011
5102
5012
5103
5013
5104
5014
5105
5015
5106
5016
5107
5017
5108
5018
5109
5019
5110
5020
5111
5021
5112
5022
5113
5023
5114
5115
6768
5025
5116
5026
5117
5027
5118
5028
5119
5029
5120
5030
5121
5031
5122
5032
5123
5033
5124
5034
5125
5035
5126
5036
5127
5037
5128
5038
5129
5039
5130
5040
5131
5041
5132
5042
5133
5043
5134
5044
5135
5045
5136
5046
5137
5047
5138
5048
5139
5049
5140
5050
5141
5051
5142
5052
5143
5053
5144
5054
5145
5055
5146
5056
5147
5057
5148
5058
5149
5059
5150
5060
5151
5061
5152
5062
5153
5063
5154
5064
5155
5065
5156
5066
5157
5067
5158
5068
5159
5069
5160
5070
5161
5071
5162
5072
5163
5073
5164
5074
5165
5075
5166
5076
5167
5077
5168
5078
5169
5079
5170
5080
5171
5081
5172
5082
5173
5083
5174
5084
5175
5085
5176
5086
5177
5087
5178
5088
5179
5089
5180
5090
5181
5091
5182
5092
5183
5093
5184
5094
5185
5095
5186
5096
5187
5097
5188
5098
5189
5099
5190
5100
5191
5101
5192
5102
5193
5103
5194
5104
5195
5105
5196
5106
5197
5107
5198
5108
5199
5109
5200
5110
5201
5111
5202
5112
5203
5113
5204
5114
5205
5115
5206
5207
6808
5117
5118
5119
5120
5121
5122
5123
5124
5125
5126
5127
5128
5129
5130
5131
5132
5133
5134
5135
5136
5137
5138
5139
5140
5141
5142
5143
5144
5145
5146
5147
5148
5149
5150
5151
5152
5153
5154
5155
5156
5157
5158
5159
5160
5161
5162
5163
5164
5165
5166
5167
5168
5169
5170
5171
5172
5173
5174
5175
5176
5177
5178
5179
5180
5181
5182
5183
5184
5185
5186
5187
5188
5189
5190
5191
5192
5193
5194
5195
5196
5197
5198
5199
5200
5201
5202
5203
5204
5205
5206
5207
6848
5209
5248
5210
5249
5211
5250
5212
5251
5213
5252
5214
5253
5215
5254
5216
5255
5217
5256
5218
5257
5219
5258
5220
5259
5221
5260
5222
5261
5223
5262
5224
5263
5225
5264
5226
5265
5227
5266
5228
5267
5229
5268
5230
5269
5231
5270
5232
5271
5233
5272
5234
5273
5235
5274
5236
5275
5237
5276
5238
5277
5239
5278
5240
5279
5241
5280
5242
5281
5243
5282
5244
5283
5245
5284
5246
5285
5247
5286
5287
5249
5288
5250
5289
5251
5290
5252
5291
5253
5292
5254
5293
5255
5294
5256
5295
5257
5296
5258
5297
5259
5298
5260
5299
5261
5300
5262
5301
5263
5302
5264
5303
5265
5304
5266
5305
5267
5306
5268
5307
5269
5308
5270
5309
5271
5310
5272
5311
5273
5312
5274
5313
5275
5314
5276
5315
5277
5316
5278
5317
5279
5318
5280
5319
5281
5320
5282
5321
5283
5322
5284
5323
5285
5324
5286
5325
5287
5326
5327
5289
5328
5290
5329
5291
5330
5292
5331
5293
5332
5294
5333
5295
5334
5296
5335
5297
5336
5298
5337
5299
5338
5300
5339
5301
5340
5302
5341
5303
5342
5304
5343
5305
5344
5306
5345
5307
5346
5308
5347
5309
5348
5310
5349
5311
5350
5312
5351
5313
5352
5314
5353
5315
5354
5316
5355
5317
5356
5318
5357
5319
5358
5320
5359
5321
5360
5322
5361
5323
5362
5324
5363
5325
5364
5326
5365
5327
5366
5367
5329
5368
5330
5369
5331
5370
5332
5371
5333
5372
5334
5373
5335
5374
5336
5375
5337
5376
5338
5377
5339
5378
5340
5379
5341
5380
5342
5381
5343
5382
5344
5383
5345
5384
5346
5385
5347
5386
5348
5387
5349
5388
5350
5389
5351
5390
5352
5391
5353
5392
5354
5393
5355
5394
5356
5395
5357
5396
5358
5397
5359
5398
5360
5399
5361
5400
5362
5401
5363
5402
5364
5403
5365
5404
5366
5405
5367
5406
5407
5369
5408
5370
5409
5371
5410
5372
5411
5373
5412
5374
5413
5375
5414
5376
5415
5377
5416
5378
5417
5379
5418
5380
5419
5381
5420
5382
5421
5383
5422
5384
5423
5385
5424
5386
5425
5387
5426
5388
5427
5389
5428
5390
5429
5391
5430
5392
5431
5393
5432
5394
5433
5395
5434
5396
5435
5397
5436
5398
5437
5399
5438
5400
5439
5401
5440
5402
5441
5403
5442
5404
5443
5405
5444
5406
5445
5407
5446
5447
5409
5448
5410
5449
5411
5450
5412
5451
5413
5452
5414
5453
5415
5454
5416
5455
5417
5456
5418
5457
5419
5458
5420
5459
5421
5460
5422
5461
5423
5462
5424
5463
5425
5464
5426
5465
5427
5466
5428
5467
5429
5468
5430
5469
5431
5470
5432
5471
5433
5472
5434
5473
5435
5474
5436
5475
5437
5476
5438
5477
5439
5478
5440
5479
5441
5480
5442
5481
5443
5482
5444
5483
5445
5484
5446
5485
5447
5486
5487
5449
5488
5450
5489
5451
5490
5452
5491
5453
5492
5454
5493
5455
5494
5456
5495
5457
5496
5458
5497
5459
5498
5460
5499
5461
5500
5462
5501
5463
5502
5464
5503
5465
5504
5466
5505
5467
5506
5468
5507
5469
5508
5470
5509
5471
5510
5472
5511
5473
5512
5474
5513
5475
5514
5476
5515
5477
5516
5478
5517
5479
5518
5480
5519
5481
5520
5482
5521
5483
5522
5484
5523
5485
5524
5486
5525
5487
5526
5527
5489
5528
5490
5529
5491
5530
5492
5531
5493
5532
5494
5533
5495
5534
5496
5535
5497
5536
5498
5537
5499
5538
5500
5539
5501
5540
5502
5541
5503
5542
5504
5543
5505
5544
5506
5545
5507
5546
5508
5547
5509
5548
5510
5549
5511
5550
5512
5551
5513
5552
5514
5553
5515
5554
5516
5555
5517
5556
5518
5557
5519
5558
5520
5559
5521
5560
5522
5561
5523
5562
5524
5563
5525
5564
5526
5565
5527
5566
5567
5529
5568
5530
5569
5531
5570
5532
5571
5533
5572
5534
5573
5535
5574
5536
5575
5537
5576
5538
5577
5539
5578
5540
5579
5541
5580
5542
5581
5543
5582
5544
5583
5545
5584
5546
5585
5547
5586
5548
5587
5549
5588
5550
5589
5551
5590
5552
5591
5553
5592
5554
5593
5555
5594
5556
5595
5557
5596
5558
5597
5559
5598
5560
5599
5561
5600
5562
5601
5563
5602
5564
5603
5565
5604
5566
5605
5567
5606
5607
5569
5608
5570
5609
5571
5610
5572
5611
5573
5612
5574
5613
5575
5614
5576
5615
5577
5616
5578
5617
5579
5618
5580
5619
5581
5620
5582
5621
5583
5622
5584
5623
5585
5624
5586
5625
5587
5626
5588
5627
5589
5628
5590
5629
5591
5630
5592
5631
5593
5632
5594
5633
5595
5634
5596
5635
5597
5636
5598
5637
5599
5638
5600
5639
5601
5640
5602
5641
5603
5642
5604
5643
5605
5644
5606
5645
5607
5646
5647
5609
5648
5610
5649
5611
5650
5612
5651
5613
5652
5614
5653
5615
5654
5616
5655
5617
5656
5618
5657
5619
5658
5620
5659
5621
5660
5622
5661
5623
5662
5624
5663
5625
5664
5626
5665
5627
5666
5628
5667
5629
5668
5630
5669
5631
5670
5632
5671
5633
5672
5634
5673
5635
5674
5636
5675
5637
5676
5638
5677
5639
5678
5640
5679
5641
5680
5642
5681
5643
5682
5644
5683
5645
5684
5646
5685
5647
5686
5687
5649
5688
5650
5689
5651
5690
5652
5691
5653
5692
5654
5693
5655
5694
5656
5695
5657
5696
5658
5697
5659
5698
5660
5699
5661
5700
5662
5701
5663
5702
5664
5703
5665
5704
5666
5705
5667
5706
5668
5707
5669
5708
5670
5709
5671
5710
5672
5711
5673
5712
5674
5713
5675
5714
5676
5715
5677
5716
5678
5717
5679
5718
5680
5719
5681
5720
5682
5721
5683
5722
5684
5723
5685
5724
5686
5725
5687
5726
5727
5689
5728
5690
5729
5691
5730
5692
5731
5693
5732
5694
5733
5695
5734
5696
5735
5697
5736
5698
5737
5699
5738
5700
5739
5701
5740
5702
5741
5703
5742
5704
5743
5705
5744
5706
5745
5707
5746
5708
5747
5709
5748
5710
5749
5711
5750
5712
5751
5713
5752
5714
5753
5715
5754
5716
5755
5717
5756
5718
5757
5719
5758
5720
5759
5721
5760
5722
5761
5723
5762
5724
5763
5725
5764
5726
5765
5727
5766
5767
5729
5768
5730
5769
5731
5770
5732
5771
5733
5772
5734
5773
5735
5774
5736
5775
5737
5776
5738
5777
5739
5778
5740
5779
5741
5780
5742
5781
5743
5782
5744
5783
5745
5784
5746
5785
5747
5786
5748
5787
5749
5788
5750
5789
5751
5790
5752
5791
5753
5792
5754
5793
5755
5794
5756
5795
5757
5796
5758
5797
5759
5798
5760
5799
5761
5800
5762
5801
5763
5802
5764
5803
5765
5804
5766
5805
5767
5806
5807
5769
5808
5770
5809
5771
5810
5772
5811
5773
5812
5774
5813
5775
5814
5776
5815
5777
5816
5778
5817
5779
5818
5780
5819
5781
5820
5782
5821
5783
5822
5784
5823
5785
5824
5786
5825
5787
5826
5788
5827
5789
5828
5790
5829
5791
5830
5792
5831
5793
5832
5794
5833
5795
5834
5796
5835
5797
5836
5798
5837
5799
5838
5800
5839
5801
5840
5802
5841
5803
5842
5804
5843
5805
5844
5806
5845
5807
5846
5847
5809
5848
5810
5849
5811
5850
5812
5851
5813
5852
5814
5853
5815
5854
5816
5855
5817
5856
5818
5857
5819
5858
5820
5859
5821
5860
5822
5861
5823
5862
5824
5863
5825
5864
5826
5865
5827
5866
5828
5867
5829
5868
5830
5869
5831
5870
5832
5871
5833
5872
5834
5873
5835
5874
5836
5875
5837
5876
5838
5877
5839
5878
5840
5879
5841
5880
5842
5881
5843
5882
5844
5883
5845
5884
5846
5885
5847
5886
5887
5849
5888
5850
5889
5851
5890
5852
5891
5853
5892
5854
5893
5855
5894
5856
5895
5857
5896
5858
5897
5859
5898
5860
5899
5861
5900
5862
5901
5863
5902
5864
5903
5865
5904
5866
5905
5867
5906
5868
5907
5869
5908
5870
5909
5871
5910
5872
5911
5873
5912
5874
5913
5875
5914
5876
5915
5877
5916
5878
5917
5879
5918
5880
5919
5881
5920
5882
5921
5883
5922
5884
5923
5885
5924
5886
5925
5887
5926
5927
5889
5928
5890
5929
5891
5930
5892
5931
5893
5932
5894
5933
5895
5934
5896
5935
5897
5936
5898
5937
5899
5938
5900
5939
5901
5940
5902
5941
5903
5942
5904
5943
5905
5944
5906
5945
5907
5946
5908
5947
5909
5948
5910
5949
5911
5950
5912
5951
5913
5952
5914
5953
5915
5954
5916
5955
5917
5956
5918
5957
5919
5958
5920
5959
5921
5960
5922
5961
5923
5962
5924
5963
5925
5964
5926
5965
5927
5966
5967
5929
5968
5930
5969
5931
5970
5932
5971
5933
5972
5934
5973
5935
5974
5936
5975
5937
5976
5938
5977
5939
5978
5940
5979
5941
5980
5942
5981
5943
5982
5944
5983
5945
5984
5946
5985
5947
5986
5948
5987
5949
5988
5950
5989
5951
5990
5952
5991
5953
5992
5954
5993
5955
5994
5956
5995
5957
5996
5958
5997
5959
5998
5960
5999
5961
6000
5962
6001
5963
6002
5964
6003
5965
6004
5966
6005
5967
6006
6007
5969
6008
5970
6009
5971
6010
5972
6011
5973
6012
5974
6013
5975
6014
5976
6015
5977
6016
5978
6017
5979
6018
5980
6019
5981
6020
5982
6021
5983
6022
5984
6023
5985
6024
5986
6025
5987
6026
5988
6027
5989
6028
5990
6029
5991
6030
5992
6031
5993
6032
5994
6033
5995
6034
5996
6035
5997
6036
5998
6037
5999
6038
6000
6039
6001
6040
6002
6041
6003
6042
6004
6043
6005
6044
6006
6045
6007
6046
6047
6009
6048
6010
6049
6011
6050
6012
6051
6013
6052
6014
6053
6015
6054
6016
6055
6017
6056
6018
6057
6019
6058
6020
6059
6021
6060
6022
6061
6023
6062
6024
6063
6025
6064
6026
6065
6027
6066
6028
6067
6029
6068
6030
6069
6031
6070
6032
6071
6033
6072
6034
6073
6035
6074
6036
6075
6037
6076
6038
6077
6039
6078
6040
6079
6041
6080
6042
6081
6043
6082
6044
6083
6045
6084
6046
6085
6047
6086
6087
6049
6088
6050
6089
6051
6090
6052
6091
6053
6092
6054
6093
6055
6094
6056
6095
6057
6096
6058
6097
6059
6098
6060
6099
6061
6100
6062
6101
6063
6102
6064
6103
6065
6104
6066
6105
6067
6106
6068
6107
6069
6108
6070
6109
6071
6110
6072
6111
6073
6112
6074
6113
6075
6114
6076
6115
6077
6116
6078
6117
6079
6118
6080
6119
6081
6120
6082
6121
6083
6122
6084
6123
6085
6124
6086
6125
6087
6126
6127
6089
6128
6090
6129
6091
6130
6092
6131
6093
6132
6094
6133
6095
6134
6096
6135
6097
6136
6098
6137
6099
6138
6100
6139
6101
6140
6102
6141
6103
6142
6104
6143
6105
6144
6106
6145
6107
6146
6108
6147
6109
6148
6110
6149
6111
6150
6112
6151
6113
6152
6114
6153
6115
6154
6116
6155
6117
6156
6118
6157
6119
6158
6120
6159
6121
6160
6122
6161
6123
6162
6124
6163
6125
6164
6126
6165
6127
6166
6167
6129
6168
6130
6169
6131
6170
6132
6171
6133
6172
6134
6173
6135
6174
6136
6175
6137
6176
6138
6177
6139
6178
6140
6179
6141
6180
6142
6181
6143
6182
6144
6183
6145
6184
6146
6185
6147
6186
6148
6187
6149
6188
6150
6189
6151
6190
6152
6191
6153
6192
6154
6193
6155
6194
6156
6195
6157
6196
6158
6197
6159
6198
6160
6199
6161
6200
6162
6201
6163
6202
6164
6203
6165
6204
6166
6205
6167
6206
6207
6169
6208
6170
6209
6171
6210
6172
6211
6173
6212
6174
6213
6175
6214
6176
6215
6177
6216
6178
6217
6179
6218
6180
6219
6181
6220
6182
6221
6183
6222
6184
6223
6185
6224
6186
6225
6187
6226
6188
6227
6189
6228
6190
6229
6191
6230
6192
6231
6193
6232
6194
6233
6195
6234
6196
6235
6197
6236
6198
6237
6199
6238
6200
6239
6201
6240
6202
6241
6203
6242
6204
6243
6205
6244
6206
6245
6207
6246
6247
6209
6248
6210
6249
6211
6250
6212
6251
6213
6252
6214
6253
6215
6254
6216
6255
6217
6256
6218
6257
6219
6258
6220
6259
6221
6260
6222
6261
6223
6262
6224
6263
6225
6264
6226
6265
6227
6266
6228
6267
6229
6268
6230
6269
6231
6270
6232
6271
6233
6272
6234
6273
6235
6274
6236
6275
6237
6276
6238
6277
6239
6278
6240
6279
6241
6280
6242
6281
6243
6282
6244
6283
6245
6284
6246
6285
6247
6286
6287
6249
6288
6250
6289
6251
6290
6252
6291
6253
6292
6254
6293
6255
6294
6256
6295
6257
6296
6258
6297
6259
6298
6260
6299
6261
6300
6262
6301
6263
6302
6264
6303
6265
6304
6266
6305
6267
6306
6268
6307
6269
6308
6270
6309
6271
6310
6272
6311
6273
6312
6274
6313
6275
6314
6276
6315
6277
6316
6278
6317
6279
6318
6280
6319
6281
6320
6282
6321
6283
6322
6284
6323
6285
6324
6286
6325
6287
6326
6327
6289
6328
6290
6329
6291
6330
6292
6331
6293
6332
6294
6333
6295
6334
6296
6335
6297
6336
6298
6337
6299
6338
6300
6339
6301
6340
6302
6341
6303
6342
6304
6343
6305
6344
6306
6345
6307
6346
6308
6347
6309
6348
6310
6349
6311
6350
6312
6351
6313
6352
6314
6353
6315
6354
6316
6355
6317
6356
6318
6357
6319
6358
6320
6359
6321
6360
6322
6361
6323
6362
6324
6363
6325
6364
6326
6365
6327
6366
6367
6329
6368
6330
6369
6331
6370
6332
6371
6333
6372
6334
6373
6335
6374
6336
6375
6337
6376
6338
6377
6339
6378
6340
6379
6341
6380
6342
6381
6343
6382
6344
6383
6345
6384
6346
6385
6347
6386
6348
6387
6349
6388
6350
6389
6351
6390
6352
6391
6353
6392
6354
6393
6355
6394
6356
6395
6357
6396
6358
6397
6359
6398
6360
6399
6361
6400
6362
6401
6363
6402
6364
6403
6365
6404
6366
6405
6367
6406
6407
6369
6408
6370
6409
6371
6410
6372
6411
6373
6412
6374
6413
6375
6414
6376
6415
6377
6416
6378
6417
6379
6418
6380
6419
6381
6420
6382
6421
6383
6422
6384
6423
6385
6424
6386
6425
6387
6426
6388
6427
6389
6428
6390
6429
6391
6430
6392
6431
6393
6432
6394
6433
6395
6434
6396
6435
6397
6436
6398
6437
6399
6438
6400
6439
6401
6440
6402
6441
6403
6442
6404
6443
6405
6444
6406
6445
6407
6446
6447
6409
6448
6410
6449
6411
6450
6412
6451
6413
6452
6414
6453
6415
6454
6416
6455
6417
6456
6418
6457
6419
6458
6420
6459
6421
6460
6422
6461
6423
6462
6424
6463
6425
6464
6426
6465
6427
6466
6428
6467
6429
6468
6430
6469
6431
6470
6432
6471
6433
6472
6434
6473
6435
6474
6436
6475
6437
6476
6438
6477
6439
6478
6440
6479
6441
6480
6442
6481
6443
6482
6444
6483
6445
6484
6446
6485
6447
6486
6487
6449
6488
6450
6489
6451
6490
6452
6491
6453
6492
6454
6493
6455
6494
6456
6495
6457
6496
6458
6497
6459
6498
6460
6499
6461
6500
6462
6501
6463
6502
6464
6503
6465
6504
6466
6505
6467
6506
6468
6507
6469
6508
6470
6509
6471
6510
6472
6511
6473
6512
6474
6513
6475
6514
6476
6515
6477
6516
6478
6517
6479
6518
6480
6519
6481
6520
6482
6521
6483
6522
6484
6523
6485
6524
6486
6525
6487
6526
6527
6489
6528
6490
6529
6491
6530
6492
6531
6493
6532
6494
6533
6495
6534
6496
6535
6497
6536
6498
6537
6499
6538
6500
6539
6501
6540
6502
6541
6503
6542
6504
6543
6505
6544
6506
6545
6507
6546
6508
6547
6509
6548
6510
6549
6511
6550
6512
6551
6513
6552
6514
6553
6515
6554
6516
6555
6517
6556
6518
6557
6519
6558
6520
6559
6521
6560
6522
6561
6523
6562
6524
6563
6525
6564
6526
6565
6527
6566
6567
6529
6568
6530
6569
6531
6570
6532
6571
6533
6572
6534
6573
6535
6574
6536
6575
6537
6576
6538
6577
6539
6578
6540
6579
6541
6580
6542
6581
6543
6582
6544
6583
6545
6584
6546
6585
6547
6586
6548
6587
6549
6588
6550
6589
6551
6590
6552
6591
6553
6592
6554
6593
6555
6594
6556
6595
6557
6596
6558
6597
6559
6598
6560
6599
6561
6600
6562
6601
6563
6602
6564
6603
6565
6604
6566
6605
6567
6606
6607
6569
6608
6570
6609
6571
6610
6572
6611
6573
6612
6574
6613
6575
6614
6576
6615
6577
6616
6578
6617
6579
6618
6580
6619
6581
6620
6582
6621
6583
6622
6584
6623
6585
6624
6586
6625
6587
6626
6588
6627
6589
6628
6590
6629
6591
6630
6592
6631
6593
6632
6594
6633
6595
6634
6596
6635
6597
6636
6598
6637
6599
6638
6600
6639
6601
6640
6602
6641
6603
6642
6604
6643
6605
6644
6606
6645
6607
6646
6647
6609
6648
6610
6649
6611
6650
6612
6651
6613
6652
6614
6653
6615
6654
6616
6655
6617
6656
6618
6657
6619
6658
6620
6659
6621
6660
6622
6661
6623
6662
6624
6663
6625
6664
6626
6665
6627
6666
6628
6667
6629
6668
6630
6669
6631
6670
6632
6671
6633
6672
6634
6673
6635
6674
6636
6675
6637
6676
6638
6677
6639
6678
6640
6679
6641
6680
6642
6681
6643
6682
6644
6683
6645
6684
6646
6685
6647
6686
6687
6649
6688
6650
6689
6651
6690
6652
6691
6653
6692
6654
6693
6655
6694
6656
6695
6657
6696
6658
6697
6659
6698
6660
6699
6661
6700
6662
6701
6663
6702
6664
6703
6665
6704
6666
6705
6667
6706
6668
6707
6669
6708
6670
6709
6671
6710
6672
6711
6673
6712
6674
6713
6675
6714
6676
6715
6677
6716
6678
6717
6679
6718
6680
6719
6681
6720
6682
6721
6683
6722
6684
6723
6685
6724
6686
6725
6687
6726
6727
6689
6728
6690
6729
6691
6730
6692
6731
6693
6732
6694
6733
6695
6734
6696
6735
6697
6736
6698
6737
6699
6738
6700
6739
6701
6740
6702
6741
6703
6742
6704
6743
6705
6744
6706
6745
6707
6746
6708
6747
6709
6748
6710
6749
6711
6750
6712
6751
6713
6752
6714
6753
6715
6754
6716
6755
6717
6756
6718
6757
6719
6758
6720
6759
6721
6760
6722
6761
6723
6762
6724
6763
6725
6764
6726
6765
6727
6766
6767
6729
6768
6730
6769
6731
6770
6732
6771
6733
6772
6734
6773
6735
6774
6736
6775
6737
6776
6738
6777
6739
6778
6740
6779
6741
6780
6742
6781
6743
6782
6744
6783
6745
6784
6746
6785
6747
6786
6748
6787
6749
6788
6750
6789
6751
6790
6752
6791
6753
6792
6754
6793
6755
6794
6756
6795
6757
6796
6758
6797
6759
6798
6760
6799
6761
6800
6762
6801
6763
6802
6764
6803
6765
6804
6766
6805
6767
6806
6807
6769
6808
6770
6809
6771
6810
6772
6811
6773
6812
6774
6813
6775
6814
6776
6815
6777
6816
6778
6817
6779
6818
6780
6819
6781
6820
6782
6821
6783
6822
6784
6823
6785
6824
6786
6825
6787
6826
6788
6827
6789
6828
6790
6829
6791
6830
6792
6831
6793
6832
6794
6833
6795
6834
6796
6835
6797
6836
6798
6837
6799
6838
6800
6839
6801
6840
6802
6841
6803
6842
6804
6843
6805
6844
6806
6845
6807
6846
6847
6809
6848
6810
6849
6811
6850
6812
6851
6813
6852
6814
6853
6815
6854
6816
6855
6817
6856
6818
6857
6819
6858
6820
6859
6821
6860
6822
6861
6823
6862
6824
6863
6825
6864
6826
6865
6827
6866
6828
6867
6829
6868
6830
6869
6831
6870
6832
6871
6833
6872
6834
6873
6835
6874
6836
6875
6837
6876
6838
6877
6839
6878
6840
6879
6841
6880
6842
6881
6843
6882
6844
6883
6845
6884
6846
6885
6847
6886
6887
6849
6850
6851
6852
6853
6854
6855
6856
6857
6858
6859
6860
6861
6862
6863
6864
6865
6866
6867
6868
6869
6870
6871
6872
6873
6874
6875
6876
6877
6878
6879
6880
6881
6882
6883
6884
6885
6886
6887
)


                                                                               
